function K = Kcrd_1(p)
% Auto-generated constant matrix
K = zeros(1,14,20,14);
K(:,:,1,1) = [
  5.362813e-04, 4.960602e-04, 3.807597e-04, 2.057979e-04, -5.282370e-06, -2.237727e-04, 0.000000e+00, 0.000000e+00, 0.000000e+00, 0.000000e+00, 0.000000e+00, 0.000000e+00, 0.000000e+00, 0.000000e+00;
];
K(:,:,1,2) = [
  4.960602e-04, 4.588556e-04, 3.522027e-04, 1.903631e-04, -4.886193e-06, -2.069898e-04, 0.000000e+00, 0.000000e+00, 0.000000e+00, 0.000000e+00, 0.000000e+00, 0.000000e+00, 0.000000e+00, 0.000000e+00;
];
K(:,:,1,3) = [
  3.807597e-04, 3.522027e-04, 2.703394e-04, 1.461165e-04, -3.750483e-06, -1.588786e-04, 0.000000e+00, 0.000000e+00, 0.000000e+00, 0.000000e+00, 0.000000e+00, 0.000000e+00, 0.000000e+00, 0.000000e+00;
];
K(:,:,1,4) = [
  2.057979e-04, 1.903631e-04, 1.461165e-04, 7.897496e-05, -2.027110e-06, -8.587279e-05, 0.000000e+00, 0.000000e+00, 0.000000e+00, 0.000000e+00, 0.000000e+00, 0.000000e+00, 0.000000e+00, 0.000000e+00;
];
K(:,:,1,5) = [
  -5.282370e-06, -4.886193e-06, -3.750483e-06, -2.027110e-06, 5.203135e-08, 2.204161e-06, 0.000000e+00, 0.000000e+00, 0.000000e+00, 0.000000e+00, 0.000000e+00, 0.000000e+00, 0.000000e+00, 0.000000e+00;
];
K(:,:,1,6) = [
  -2.237727e-04, -2.069898e-04, -1.588786e-04, -8.587279e-05, 2.204161e-06, 9.337309e-05, 0.000000e+00, 0.000000e+00, 0.000000e+00, 0.000000e+00, 0.000000e+00, 0.000000e+00, 0.000000e+00, 0.000000e+00;
];
K(:,:,1,7) = [
  0.000000e+00, 0.000000e+00, 0.000000e+00, 0.000000e+00, 0.000000e+00, 0.000000e+00, 0.000000e+00, 0.000000e+00, 0.000000e+00, 0.000000e+00, 0.000000e+00, 0.000000e+00, 0.000000e+00, 0.000000e+00;
];
K(:,:,1,8) = [
  0.000000e+00, 0.000000e+00, 0.000000e+00, 0.000000e+00, 0.000000e+00, 0.000000e+00, 0.000000e+00, 0.000000e+00, 0.000000e+00, 0.000000e+00, 0.000000e+00, 0.000000e+00, 0.000000e+00, 0.000000e+00;
];
K(:,:,1,9) = [
  0.000000e+00, 0.000000e+00, 0.000000e+00, 0.000000e+00, 0.000000e+00, 0.000000e+00, 0.000000e+00, 0.000000e+00, 0.000000e+00, 0.000000e+00, 0.000000e+00, 0.000000e+00, 0.000000e+00, 0.000000e+00;
];
K(:,:,1,10) = [
  0.000000e+00, 0.000000e+00, 0.000000e+00, 0.000000e+00, 0.000000e+00, 0.000000e+00, 0.000000e+00, 0.000000e+00, 0.000000e+00, 0.000000e+00, 0.000000e+00, 0.000000e+00, 0.000000e+00, 0.000000e+00;
];
K(:,:,1,11) = [
  0.000000e+00, 0.000000e+00, 0.000000e+00, 0.000000e+00, 0.000000e+00, 0.000000e+00, 0.000000e+00, 0.000000e+00, 0.000000e+00, 0.000000e+00, 1.340703e-04, 1.273668e-04, 1.079266e-04, 7.769375e-05;
];
K(:,:,1,12) = [
  0.000000e+00, 0.000000e+00, 0.000000e+00, 0.000000e+00, 0.000000e+00, 0.000000e+00, 0.000000e+00, 0.000000e+00, 0.000000e+00, 0.000000e+00, 1.273668e-04, 1.209985e-04, 1.025303e-04, 7.380906e-05;
];
K(:,:,1,13) = [
  0.000000e+00, 0.000000e+00, 0.000000e+00, 0.000000e+00, 0.000000e+00, 0.000000e+00, 0.000000e+00, 0.000000e+00, 0.000000e+00, 0.000000e+00, 1.079266e-04, 1.025303e-04, 8.688091e-05, 6.254347e-05;
];
K(:,:,1,14) = [
  0.000000e+00, 0.000000e+00, 0.000000e+00, 0.000000e+00, 0.000000e+00, 0.000000e+00, 0.000000e+00, 0.000000e+00, 0.000000e+00, 0.000000e+00, 7.769375e-05, 7.380906e-05, 6.254347e-05, 4.502353e-05;
];
K(:,:,2,1) = [
  4.826531e-03, 3.740562e-03, 9.170409e-04, -2.503763e-03, -5.105746e-03, -5.738758e-03, 0.000000e+00, 0.000000e+00, 0.000000e+00, 0.000000e+00, 0.000000e+00, 0.000000e+00, 0.000000e+00, 0.000000e+00;
];
K(:,:,2,2) = [
  3.740562e-03, 2.898935e-03, 7.107067e-04, -1.940416e-03, -3.956953e-03, -4.447537e-03, 0.000000e+00, 0.000000e+00, 0.000000e+00, 0.000000e+00, 0.000000e+00, 0.000000e+00, 0.000000e+00, 0.000000e+00;
];
K(:,:,2,3) = [
  9.170409e-04, 7.107067e-04, 1.742378e-04, -4.757150e-04, -9.700918e-04, -1.090364e-03, 0.000000e+00, 0.000000e+00, 0.000000e+00, 0.000000e+00, 0.000000e+00, 0.000000e+00, 0.000000e+00, 0.000000e+00;
];
K(:,:,2,4) = [
  -2.503763e-03, -1.940416e-03, -4.757150e-04, 1.298827e-03, 2.648606e-03, 2.976981e-03, 0.000000e+00, 0.000000e+00, 0.000000e+00, 0.000000e+00, 0.000000e+00, 0.000000e+00, 0.000000e+00, 0.000000e+00;
];
K(:,:,2,5) = [
  -5.105746e-03, -3.956953e-03, -9.700918e-04, 2.648606e-03, 5.401113e-03, 6.070745e-03, 0.000000e+00, 0.000000e+00, 0.000000e+00, 0.000000e+00, 0.000000e+00, 0.000000e+00, 0.000000e+00, 0.000000e+00;
];
K(:,:,2,6) = [
  -5.738758e-03, -4.447537e-03, -1.090364e-03, 2.976981e-03, 6.070745e-03, 6.823397e-03, 0.000000e+00, 0.000000e+00, 0.000000e+00, 0.000000e+00, 0.000000e+00, 0.000000e+00, 0.000000e+00, 0.000000e+00;
];
K(:,:,2,7) = [
  0.000000e+00, 0.000000e+00, 0.000000e+00, 0.000000e+00, 0.000000e+00, 0.000000e+00, 0.000000e+00, 0.000000e+00, 0.000000e+00, 0.000000e+00, 0.000000e+00, 0.000000e+00, 0.000000e+00, 0.000000e+00;
];
K(:,:,2,8) = [
  0.000000e+00, 0.000000e+00, 0.000000e+00, 0.000000e+00, 0.000000e+00, 0.000000e+00, 0.000000e+00, 0.000000e+00, 0.000000e+00, 0.000000e+00, 0.000000e+00, 0.000000e+00, 0.000000e+00, 0.000000e+00;
];
K(:,:,2,9) = [
  0.000000e+00, 0.000000e+00, 0.000000e+00, 0.000000e+00, 0.000000e+00, 0.000000e+00, 0.000000e+00, 0.000000e+00, 0.000000e+00, 0.000000e+00, 0.000000e+00, 0.000000e+00, 0.000000e+00, 0.000000e+00;
];
K(:,:,2,10) = [
  0.000000e+00, 0.000000e+00, 0.000000e+00, 0.000000e+00, 0.000000e+00, 0.000000e+00, 0.000000e+00, 0.000000e+00, 0.000000e+00, 0.000000e+00, 0.000000e+00, 0.000000e+00, 0.000000e+00, 0.000000e+00;
];
K(:,:,2,11) = [
  0.000000e+00, 0.000000e+00, 0.000000e+00, 0.000000e+00, 0.000000e+00, 0.000000e+00, 0.000000e+00, 0.000000e+00, 0.000000e+00, 0.000000e+00, 1.206633e-03, 1.025638e-03, 5.369516e-04, -1.128202e-04;
];
K(:,:,2,12) = [
  0.000000e+00, 0.000000e+00, 0.000000e+00, 0.000000e+00, 0.000000e+00, 0.000000e+00, 0.000000e+00, 0.000000e+00, 0.000000e+00, 0.000000e+00, 1.025638e-03, 8.717922e-04, 4.564089e-04, -9.589714e-05;
];
K(:,:,2,13) = [
  0.000000e+00, 0.000000e+00, 0.000000e+00, 0.000000e+00, 0.000000e+00, 0.000000e+00, 0.000000e+00, 0.000000e+00, 0.000000e+00, 0.000000e+00, 5.369516e-04, 4.564089e-04, 2.389435e-04, -5.020497e-05;
];
K(:,:,2,14) = [
  0.000000e+00, 0.000000e+00, 0.000000e+00, 0.000000e+00, 0.000000e+00, 0.000000e+00, 0.000000e+00, 0.000000e+00, 0.000000e+00, 0.000000e+00, -1.128202e-04, -9.589714e-05, -5.020497e-05, 1.054869e-05;
];
K(:,:,3,1) = [
  1.340703e-02, 8.379395e-03, -3.351758e-03, -1.382600e-02, -1.550188e-02, -6.179803e-03, 0.000000e+00, 0.000000e+00, 0.000000e+00, 0.000000e+00, 0.000000e+00, 0.000000e+00, 0.000000e+00, 0.000000e+00;
];
K(:,:,3,2) = [
  8.379395e-03, 5.237122e-03, -2.094849e-03, -8.641251e-03, -9.688675e-03, -3.862377e-03, 0.000000e+00, 0.000000e+00, 0.000000e+00, 0.000000e+00, 0.000000e+00, 0.000000e+00, 0.000000e+00, 0.000000e+00;
];
K(:,:,3,3) = [
  -3.351758e-03, -2.094849e-03, 8.379395e-04, 3.456500e-03, 3.875470e-03, 1.544951e-03, 0.000000e+00, 0.000000e+00, 0.000000e+00, 0.000000e+00, 0.000000e+00, 0.000000e+00, 0.000000e+00, 0.000000e+00;
];
K(:,:,3,4) = [
  -1.382600e-02, -8.641251e-03, 3.456500e-03, 1.425806e-02, 1.598631e-02, 6.372922e-03, 0.000000e+00, 0.000000e+00, 0.000000e+00, 0.000000e+00, 0.000000e+00, 0.000000e+00, 0.000000e+00, 0.000000e+00;
];
K(:,:,3,5) = [
  -1.550188e-02, -9.688675e-03, 3.875470e-03, 1.598631e-02, 1.792405e-02, 7.145398e-03, 0.000000e+00, 0.000000e+00, 0.000000e+00, 0.000000e+00, 0.000000e+00, 0.000000e+00, 0.000000e+00, 0.000000e+00;
];
K(:,:,3,6) = [
  -6.179803e-03, -3.862377e-03, 1.544951e-03, 6.372922e-03, 7.145398e-03, 2.848503e-03, 0.000000e+00, 0.000000e+00, 0.000000e+00, 0.000000e+00, 0.000000e+00, 0.000000e+00, 0.000000e+00, 0.000000e+00;
];
K(:,:,3,7) = [
  0.000000e+00, 0.000000e+00, 0.000000e+00, 0.000000e+00, 0.000000e+00, 0.000000e+00, 0.000000e+00, 0.000000e+00, 0.000000e+00, 0.000000e+00, 0.000000e+00, 0.000000e+00, 0.000000e+00, 0.000000e+00;
];
K(:,:,3,8) = [
  0.000000e+00, 0.000000e+00, 0.000000e+00, 0.000000e+00, 0.000000e+00, 0.000000e+00, 0.000000e+00, 0.000000e+00, 0.000000e+00, 0.000000e+00, 0.000000e+00, 0.000000e+00, 0.000000e+00, 0.000000e+00;
];
