function K = gyr_massModel(p)
% Auto-generated constant matrix
K = zeros(12,12,12,12);
K(:,:,1,1) = [
  5.339143e+11, -4.197874e+11, 5.501617e+10, 2.989700e+11, 0.000000e+00, 0.000000e+00, 0.000000e+00, 0.000000e+00, 5.939639e+08, 2.375856e+08, -4.038954e+08, -5.607019e+08;
  -4.197874e+11, 3.270425e+11, -4.677059e+10, -2.116148e+11, 0.000000e+00, 0.000000e+00, 0.000000e+00, 0.000000e+00, -2.078874e+08, -8.315494e+07, 1.413634e+08, 1.962457e+08;
  5.501617e+10, -4.677059e+10, -2.448939e+10, 9.260917e+10, 0.000000e+00, 0.000000e+00, 0.000000e+00, 0.000000e+00, -1.073887e+09, -4.295547e+08, 7.302430e+08, 1.013749e+09;
  2.989700e+11, -2.116148e+11, 9.260917e+10, -1.512412e+11, 0.000000e+00, 0.000000e+00, 0.000000e+00, 0.000000e+00, 4.870504e+07, 1.948202e+07, -3.311943e+07, -4.597756e+07;
  0.000000e+00, 0.000000e+00, 0.000000e+00, 0.000000e+00, -2.669572e+11, 2.098937e+11, -2.750809e+10, -1.494850e+11, 0.000000e+00, 0.000000e+00, 0.000000e+00, 0.000000e+00;
  0.000000e+00, 0.000000e+00, 0.000000e+00, 0.000000e+00, 2.098937e+11, -2.514798e+11, 1.965698e+11, 5.972318e+10, 0.000000e+00, 0.000000e+00, 0.000000e+00, 0.000000e+00;
  0.000000e+00, 0.000000e+00, 0.000000e+00, 0.000000e+00, -2.750809e+10, 1.965698e+11, -4.779813e+11, 3.756153e+11, 0.000000e+00, 0.000000e+00, 0.000000e+00, 0.000000e+00;
  0.000000e+00, 0.000000e+00, 0.000000e+00, 0.000000e+00, -1.494850e+11, 5.972318e+10, 3.756153e+11, -9.050476e+11, 0.000000e+00, 0.000000e+00, 0.000000e+00, 0.000000e+00;
  2.969819e+08, -3.712274e+08, -9.645974e+08, 3.130190e+08, 0.000000e+00, 0.000000e+00, 0.000000e+00, 0.000000e+00, 1.161011e+10, -3.098258e+09, -7.071116e+09, 4.273481e+09;
  1.187928e+08, -1.484910e+08, -3.858389e+08, 1.252076e+08, 0.000000e+00, 0.000000e+00, 0.000000e+00, 0.000000e+00, -3.098258e+09, 2.269497e+09, 5.876115e+08, -2.865029e+09;
  -2.019477e+08, 2.524347e+08, 6.559262e+08, -2.128529e+08, 0.000000e+00, 0.000000e+00, 0.000000e+00, 0.000000e+00, -7.071116e+09, 5.876115e+08, 6.475584e+09, -2.242993e+09;
  -2.803510e+08, 3.504387e+08, 9.105799e+08, -2.954899e+08, 0.000000e+00, 0.000000e+00, 0.000000e+00, 0.000000e+00, 4.273481e+09, -2.865029e+09, -2.242993e+09, 5.831758e+09;
];
K(:,:,1,2) = [
  -4.197874e+11, 5.029595e+11, -3.931397e+11, -1.194464e+11, 0.000000e+00, 0.000000e+00, 0.000000e+00, 0.000000e+00, 1.930383e+08, 7.721531e+07, -1.312660e+08, -1.822281e+08;
  4.443205e+11, -4.762769e+11, 3.436562e+11, 6.337896e+10, 0.000000e+00, 0.000000e+00, 0.000000e+00, 0.000000e+00, -5.553562e+07, -2.221425e+07, 3.776422e+07, 5.242563e+07;
  -2.776833e+11, 2.484398e+11, -1.340251e+11, 4.002085e+08, 0.000000e+00, 0.000000e+00, 0.000000e+00, 0.000000e+00, -3.393910e+08, -1.357564e+08, 2.307859e+08, 3.203851e+08;
  -1.501692e+11, 1.446375e+11, -1.156294e+11, 6.376575e+10, 0.000000e+00, 0.000000e+00, 0.000000e+00, 0.000000e+00, -2.437798e+07, -9.751190e+06, 1.657702e+07, 2.301281e+07;
  0.000000e+00, 0.000000e+00, 0.000000e+00, 0.000000e+00, 2.098937e+11, -1.928407e+11, 8.111347e+10, 9.044599e+10, 0.000000e+00, 0.000000e+00, 0.000000e+00, 0.000000e+00;
  0.000000e+00, 0.000000e+00, 0.000000e+00, 0.000000e+00, -1.928407e+11, 2.381384e+11, -2.194363e+11, 8.939810e+09, 0.000000e+00, 0.000000e+00, 0.000000e+00, 0.000000e+00;
  0.000000e+00, 0.000000e+00, 0.000000e+00, 0.000000e+00, 8.111347e+10, -2.194363e+11, 4.584722e+11, -3.995433e+11, 0.000000e+00, 0.000000e+00, 0.000000e+00, 0.000000e+00;
  0.000000e+00, 0.000000e+00, 0.000000e+00, 0.000000e+00, 9.044599e+10, 8.939810e+09, -3.995433e+11, 8.537167e+11, 0.000000e+00, 0.000000e+00, 0.000000e+00, 0.000000e+00;
  1.633401e+08, -7.186963e+07, -3.284620e+08, 2.053418e+06, 0.000000e+00, 0.000000e+00, 0.000000e+00, 0.000000e+00, -1.045244e+10, 4.953375e+09, 4.416975e+09, -6.434284e+09;
  6.533603e+07, -2.874785e+07, -1.313848e+08, 8.213672e+05, 0.000000e+00, 0.000000e+00, 0.000000e+00, 0.000000e+00, 4.953375e+09, -3.017733e+09, -7.404545e+08, 2.955380e+09;
  -1.110712e+08, 4.887135e+07, 2.233542e+08, -1.396324e+06, 0.000000e+00, 0.000000e+00, 0.000000e+00, 0.000000e+00, 4.416975e+09, -7.404545e+08, -4.479329e+09, 3.346543e+09;
  -1.541930e+08, 6.784493e+07, 3.100682e+08, -1.938427e+06, 0.000000e+00, 0.000000e+00, 0.000000e+00, 0.000000e+00, -6.434284e+09, 2.955380e+09, 3.346543e+09, -5.697645e+09;
];
K(:,:,1,3) = [
  5.501617e+10, -3.931397e+11, 9.559625e+11, -7.512307e+11, 0.000000e+00, 0.000000e+00, 0.000000e+00, 0.000000e+00, -4.537884e+08, -1.815154e+08, 3.085761e+08, 4.283763e+08;
  -2.776833e+11, 5.340890e+11, -9.169444e+11, 6.830570e+11, 0.000000e+00, 0.000000e+00, 0.000000e+00, 0.000000e+00, 1.876926e+08, 7.507704e+07, -1.276310e+08, -1.771818e+08;
  6.291452e+11, -6.559713e+11, 5.813959e+11, -3.425990e+11, 0.000000e+00, 0.000000e+00, 0.000000e+00, 0.000000e+00, 8.453023e+08, 3.381209e+08, -5.748055e+08, -7.979653e+08;
  -4.699507e+11, 3.394751e+11, -1.351285e+10, -7.675244e+10, 0.000000e+00, 0.000000e+00, 0.000000e+00, 0.000000e+00, -1.297489e+08, -5.189955e+07, 8.822923e+07, 1.224829e+08;
  0.000000e+00, 0.000000e+00, 0.000000e+00, 0.000000e+00, -2.750809e+10, 8.111347e+10, -1.511640e+11, 9.433539e+10, 0.000000e+00, 0.000000e+00, 0.000000e+00, 0.000000e+00;
  0.000000e+00, 0.000000e+00, 0.000000e+00, 0.000000e+00, 8.111347e+10, -1.242199e+11, 1.974991e+11, -1.719910e+11, 0.000000e+00, 0.000000e+00, 0.000000e+00, 0.000000e+00;
  0.000000e+00, 0.000000e+00, 0.000000e+00, 0.000000e+00, -1.511640e+11, 1.974991e+11, -2.906979e+11, 3.358426e+11, 0.000000e+00, 0.000000e+00, 0.000000e+00, 0.000000e+00;
  0.000000e+00, 0.000000e+00, 0.000000e+00, 0.000000e+00, 9.433539e+10, -1.719910e+11, 3.358426e+11, -4.880297e+11, 0.000000e+00, 0.000000e+00, 0.000000e+00, 0.000000e+00;
  -1.092894e+08, 3.771671e+08, 7.185266e+08, -4.363530e+08, 0.000000e+00, 0.000000e+00, 0.000000e+00, 0.000000e+00, 3.664394e+09, -6.462029e+09, 4.704830e+09, 5.517552e+09;
  -4.371574e+07, 1.508668e+08, 2.874106e+08, -1.745412e+08, 0.000000e+00, 0.000000e+00, 0.000000e+00, 0.000000e+00, -6.462029e+09, 4.184612e+09, -4.722386e+08, -1.928787e+09;
  7.431676e+07, -2.564736e+08, -4.885981e+08, 2.967201e+08, 0.000000e+00, 0.000000e+00, 0.000000e+00, 0.000000e+00, 4.704830e+09, -4.722386e+08, -2.449005e+09, -2.402270e+09;
  1.031692e+08, -3.560457e+08, -6.782891e+08, 4.119173e+08, 0.000000e+00, 0.000000e+00, 0.000000e+00, 0.000000e+00, 5.517552e+09, -1.928787e+09, -2.402270e+09, 3.079843e+09;
];
K(:,:,1,4) = [
  2.989700e+11, -1.194464e+11, -7.512307e+11, 1.810095e+12, 0.000000e+00, 0.000000e+00, 0.000000e+00, 0.000000e+00, -4.484427e+08, -1.793771e+08, 3.049411e+08, 4.233299e+08;
  -1.501692e+11, -9.913819e+10, 9.151163e+11, -1.707433e+12, 0.000000e+00, 0.000000e+00, 0.000000e+00, 0.000000e+00, 1.744811e+08, 6.979245e+07, -1.186472e+08, -1.647102e+08;
  -4.699507e+11, 6.875640e+11, -1.000771e+12, 9.760595e+11, 0.000000e+00, 0.000000e+00, 0.000000e+00, 0.000000e+00, 8.314035e+08, 3.325614e+08, -5.653544e+08, -7.848449e+08;
  1.156316e+12, -1.117034e+12, 6.251222e+11, 1.344336e+11, 0.000000e+00, 0.000000e+00, 0.000000e+00, 0.000000e+00, -8.027846e+07, -3.211138e+07, 5.458935e+07, 7.578287e+07;
  0.000000e+00, 0.000000e+00, 0.000000e+00, 0.000000e+00, -1.494850e+11, 9.044599e+10, 9.433539e+10, -2.512688e+11, 0.000000e+00, 0.000000e+00, 0.000000e+00, 0.000000e+00;
  0.000000e+00, 0.000000e+00, 0.000000e+00, 0.000000e+00, 9.044599e+10, -7.231877e+10, -5.596143e+10, 2.633170e+11, 0.000000e+00, 0.000000e+00, 0.000000e+00, 0.000000e+00;
  0.000000e+00, 0.000000e+00, 0.000000e+00, 0.000000e+00, 9.433539e+10, -5.596143e+10, 6.756423e+09, -1.370924e+11, 0.000000e+00, 0.000000e+00, 0.000000e+00, 0.000000e+00;
  0.000000e+00, 0.000000e+00, 0.000000e+00, 0.000000e+00, -2.512688e+11, 2.633170e+11, -1.370924e+11, -6.721679e+10, 0.000000e+00, 0.000000e+00, 0.000000e+00, 0.000000e+00;
  -2.643139e+08, 2.757520e+08, 7.636441e+08, -2.441531e+08, 0.000000e+00, 0.000000e+00, 0.000000e+00, 0.000000e+00, 5.187112e+09, 2.530472e+09, -1.266473e+10, 6.303067e+09;
  -1.057256e+08, 1.103008e+08, 3.054576e+08, -9.766124e+07, 0.000000e+00, 0.000000e+00, 0.000000e+00, 0.000000e+00, 2.530472e+09, -3.738808e+09, 4.416769e+09, -1.743096e+09;
  1.797335e+08, -1.875113e+08, -5.192780e+08, 1.660241e+08, 0.000000e+00, 0.000000e+00, 0.000000e+00, 0.000000e+00, -1.266473e+10, 4.416769e+09, 7.182823e+09, -4.472765e+09;
  2.495124e+08, -2.603099e+08, -7.208800e+08, 2.304805e+08, 0.000000e+00, 0.000000e+00, 0.000000e+00, 0.000000e+00, 6.303067e+09, -1.743096e+09, -4.472765e+09, 3.358345e+09;
];
K(:,:,1,5) = [
  0.000000e+00, 0.000000e+00, 0.000000e+00, 0.000000e+00, 5.339143e+11, -4.197874e+11, 5.501617e+10, 2.989700e+11, 0.000000e+00, 0.000000e+00, 0.000000e+00, 0.000000e+00;
  0.000000e+00, 0.000000e+00, 0.000000e+00, 0.000000e+00, -4.197874e+11, 3.856815e+11, -1.622269e+11, -1.808920e+11, 0.000000e+00, 0.000000e+00, 0.000000e+00, 0.000000e+00;
  0.000000e+00, 0.000000e+00, 0.000000e+00, 0.000000e+00, 5.501617e+10, -1.622269e+11, 3.023279e+11, -1.886708e+11, 0.000000e+00, 0.000000e+00, 0.000000e+00, 0.000000e+00;
  0.000000e+00, 0.000000e+00, 0.000000e+00, 0.000000e+00, 2.989700e+11, -1.808920e+11, -1.886708e+11, 5.025376e+11, 0.000000e+00, 0.000000e+00, 0.000000e+00, 0.000000e+00;
  2.669572e+11, -2.098937e+11, 2.750809e+10, 1.494850e+11, 0.000000e+00, 0.000000e+00, 0.000000e+00, 0.000000e+00, 2.969819e+08, 1.187928e+08, -2.019477e+08, -2.803510e+08;
  -2.098937e+11, 1.928407e+11, -8.111347e+10, -9.044599e+10, 0.000000e+00, 0.000000e+00, 0.000000e+00, 0.000000e+00, -1.039437e+08, -4.157747e+07, 7.068170e+07, 9.812283e+07;
  2.750809e+10, -8.111347e+10, 1.511640e+11, -9.433539e+10, 0.000000e+00, 0.000000e+00, 0.000000e+00, 0.000000e+00, -5.369434e+08, -2.147773e+08, 3.651215e+08, 5.068745e+08;
  1.494850e+11, -9.044599e+10, -9.433539e+10, 2.512688e+11, 0.000000e+00, 0.000000e+00, 0.000000e+00, 0.000000e+00, 2.435252e+07, 9.741008e+06, -1.655971e+07, -2.298878e+07;
  0.000000e+00, 0.000000e+00, 0.000000e+00, 0.000000e+00, -5.939639e+08, -4.603220e+08, 6.889981e+07, 8.654054e+08, 0.000000e+00, 0.000000e+00, 0.000000e+00, 0.000000e+00;
  0.000000e+00, 0.000000e+00, 0.000000e+00, 0.000000e+00, -2.375856e+08, -1.841288e+08, 2.755992e+07, 3.461622e+08, 0.000000e+00, 0.000000e+00, 0.000000e+00, 0.000000e+00;
  0.000000e+00, 0.000000e+00, 0.000000e+00, 0.000000e+00, 4.038954e+08, 3.130190e+08, -4.685187e+07, -5.884757e+08, 0.000000e+00, 0.000000e+00, 0.000000e+00, 0.000000e+00;
  0.000000e+00, 0.000000e+00, 0.000000e+00, 0.000000e+00, 5.607019e+08, 4.345440e+08, -6.504142e+07, -8.169427e+08, 0.000000e+00, 0.000000e+00, 0.000000e+00, 0.000000e+00;
];
K(:,:,1,6) = [
  0.000000e+00, 0.000000e+00, 0.000000e+00, 0.000000e+00, -4.197874e+11, 5.029595e+11, -3.931397e+11, -1.194464e+11, 0.000000e+00, 0.000000e+00, 0.000000e+00, 0.000000e+00;
  0.000000e+00, 0.000000e+00, 0.000000e+00, 0.000000e+00, 3.856815e+11, -4.762769e+11, 4.388726e+11, -1.787962e+10, 0.000000e+00, 0.000000e+00, 0.000000e+00, 0.000000e+00;
  0.000000e+00, 0.000000e+00, 0.000000e+00, 0.000000e+00, -1.622269e+11, 2.484398e+11, -3.949982e+11, 3.439821e+11, 0.000000e+00, 0.000000e+00, 0.000000e+00, 0.000000e+00;
  0.000000e+00, 0.000000e+00, 0.000000e+00, 0.000000e+00, -1.808920e+11, 1.446375e+11, 1.119229e+11, -5.266340e+11, 0.000000e+00, 0.000000e+00, 0.000000e+00, 0.000000e+00;
  -2.098937e+11, 1.928407e+11, -8.111347e+10, -9.044599e+10, 0.000000e+00, 0.000000e+00, 0.000000e+00, 0.000000e+00, 1.633401e+08, 6.533603e+07, -1.110712e+08, -1.541930e+08;
  2.514798e+11, -2.381384e+11, 1.242199e+11, 7.231877e+10, 0.000000e+00, 0.000000e+00, 0.000000e+00, 0.000000e+00, -4.514126e+07, -1.805650e+07, 3.069605e+07, 4.261335e+07;
  -1.965698e+11, 2.194363e+11, -1.974991e+11, 5.596143e+10, 0.000000e+00, 0.000000e+00, 0.000000e+00, 0.000000e+00, -2.856966e+08, -1.142787e+08, 1.942737e+08, 2.696976e+08;
  -5.972318e+10, -8.939810e+09, 1.719910e+11, -2.633170e+11, 0.000000e+00, 0.000000e+00, 0.000000e+00, 0.000000e+00, -2.681323e+07, -1.072529e+07, 1.823299e+07, 2.531169e+07;
  0.000000e+00, 0.000000e+00, 0.000000e+00, 0.000000e+00, 7.424549e+07, -8.077909e+07, -2.251123e+08, 5.729206e+07, 0.000000e+00, 0.000000e+00, 0.000000e+00, 0.000000e+00;
  0.000000e+00, 0.000000e+00, 0.000000e+00, 0.000000e+00, 2.969819e+07, -3.231164e+07, -9.004493e+07, 2.291682e+07, 0.000000e+00, 0.000000e+00, 0.000000e+00, 0.000000e+00;
  0.000000e+00, 0.000000e+00, 0.000000e+00, 0.000000e+00, -5.048693e+07, 5.492978e+07, 1.530764e+08, -3.895860e+07, 0.000000e+00, 0.000000e+00, 0.000000e+00, 0.000000e+00;
  0.000000e+00, 0.000000e+00, 0.000000e+00, 0.000000e+00, -7.008774e+07, 7.625546e+07, 2.125060e+08, -5.408370e+07, 0.000000e+00, 0.000000e+00, 0.000000e+00, 0.000000e+00;
];
K(:,:,1,7) = [
  0.000000e+00, 0.000000e+00, 0.000000e+00, 0.000000e+00, 5.501617e+10, -3.931397e+11, 9.559625e+11, -7.512307e+11, 0.000000e+00, 0.000000e+00, 0.000000e+00, 0.000000e+00;
  0.000000e+00, 0.000000e+00, 0.000000e+00, 0.000000e+00, -1.622269e+11, 4.388726e+11, -9.169444e+11, 7.990867e+11, 0.000000e+00, 0.000000e+00, 0.000000e+00, 0.000000e+00;
  0.000000e+00, 0.000000e+00, 0.000000e+00, 0.000000e+00, 3.023279e+11, -3.949982e+11, 5.813959e+11, -6.716851e+11, 0.000000e+00, 0.000000e+00, 0.000000e+00, 0.000000e+00;
  0.000000e+00, 0.000000e+00, 0.000000e+00, 0.000000e+00, -1.886708e+11, 1.119229e+11, -1.351285e+10, 2.741849e+11, 0.000000e+00, 0.000000e+00, 0.000000e+00, 0.000000e+00;
  2.750809e+10, -8.111347e+10, 1.511640e+11, -9.433539e+10, 0.000000e+00, 0.000000e+00, 0.000000e+00, 0.000000e+00, -1.092894e+08, -4.371574e+07, 7.431676e+07, 1.031692e+08;
  -1.965698e+11, 2.194363e+11, -1.974991e+11, 5.596143e+10, 0.000000e+00, 0.000000e+00, 0.000000e+00, 0.000000e+00, 6.711792e+07, 2.684717e+07, -4.564019e+07, -6.335932e+07;
  4.779813e+11, -4.584722e+11, 2.906979e+11, -6.756423e+09, 0.000000e+00, 0.000000e+00, 0.000000e+00, 0.000000e+00, 2.224480e+08, 8.897918e+07, -1.512646e+08, -2.099909e+08;
  -3.756153e+11, 3.995433e+11, -3.358426e+11, 1.370924e+11, 0.000000e+00, 0.000000e+00, 0.000000e+00, 0.000000e+00, -1.014999e+08, -4.059998e+07, 6.901996e+07, 9.581595e+07;
  0.000000e+00, 0.000000e+00, 0.000000e+00, 0.000000e+00, 9.242078e+08, 4.805168e+08, -4.803301e+08, -1.077121e+09, 0.000000e+00, 0.000000e+00, 0.000000e+00, 0.000000e+00;
  0.000000e+00, 0.000000e+00, 0.000000e+00, 0.000000e+00, 3.696831e+08, 1.922067e+08, -1.921320e+08, -4.308485e+08, 0.000000e+00, 0.000000e+00, 0.000000e+00, 0.000000e+00;
  0.000000e+00, 0.000000e+00, 0.000000e+00, 0.000000e+00, -6.284613e+08, -3.267514e+08, 3.266245e+08, 7.324425e+08, 0.000000e+00, 0.000000e+00, 0.000000e+00, 0.000000e+00;
  0.000000e+00, 0.000000e+00, 0.000000e+00, 0.000000e+00, -8.724522e+08, -4.536078e+08, 4.534316e+08, 1.016802e+09, 0.000000e+00, 0.000000e+00, 0.000000e+00, 0.000000e+00;
];
K(:,:,1,8) = [
  0.000000e+00, 0.000000e+00, 0.000000e+00, 0.000000e+00, 2.989700e+11, -1.194464e+11, -7.512307e+11, 1.810095e+12, 0.000000e+00, 0.000000e+00, 0.000000e+00, 0.000000e+00;
  0.000000e+00, 0.000000e+00, 0.000000e+00, 0.000000e+00, -1.808920e+11, -1.787962e+10, 7.990867e+11, -1.707433e+12, 0.000000e+00, 0.000000e+00, 0.000000e+00, 0.000000e+00;
  0.000000e+00, 0.000000e+00, 0.000000e+00, 0.000000e+00, -1.886708e+11, 3.439821e+11, -6.716851e+11, 9.760595e+11, 0.000000e+00, 0.000000e+00, 0.000000e+00, 0.000000e+00;
  0.000000e+00, 0.000000e+00, 0.000000e+00, 0.000000e+00, 5.025376e+11, -5.266340e+11, 2.741849e+11, 1.344336e+11, 0.000000e+00, 0.000000e+00, 0.000000e+00, 0.000000e+00;
  1.494850e+11, -9.044599e+10, -9.433539e+10, 2.512688e+11, 0.000000e+00, 0.000000e+00, 0.000000e+00, 0.000000e+00, -2.643139e+08, -1.057256e+08, 1.797335e+08, 2.495124e+08;
  -5.972318e+10, -8.939810e+09, 1.719910e+11, -2.633170e+11, 0.000000e+00, 0.000000e+00, 0.000000e+00, 0.000000e+00, 1.100361e+08, 4.401442e+07, -7.482452e+07, -1.038740e+08;
  -3.756153e+11, 3.995433e+11, -3.358426e+11, 1.370924e+11, 0.000000e+00, 0.000000e+00, 0.000000e+00, 0.000000e+00, 4.984986e+08, 1.993994e+08, -3.389791e+08, -4.705827e+08;
  9.050476e+11, -8.537167e+11, 4.880297e+11, 6.721679e+10, 0.000000e+00, 0.000000e+00, 0.000000e+00, 0.000000e+00, -6.517990e+07, -2.607196e+07, 4.432233e+07, 6.152983e+07;
  0.000000e+00, 0.000000e+00, 0.000000e+00, 0.000000e+00, 2.880725e+08, 3.309906e+08, 1.228759e+08, -5.866327e+08, 0.000000e+00, 0.000000e+00, 0.000000e+00, 0.000000e+00;
  0.000000e+00, 0.000000e+00, 0.000000e+00, 0.000000e+00, 1.152290e+08, 1.323962e+08, 4.915034e+07, -2.346531e+08, 0.000000e+00, 0.000000e+00, 0.000000e+00, 0.000000e+00;
  0.000000e+00, 0.000000e+00, 0.000000e+00, 0.000000e+00, -1.958893e+08, -2.250736e+08, -8.355558e+07, 3.989102e+08, 0.000000e+00, 0.000000e+00, 0.000000e+00, 0.000000e+00;
  0.000000e+00, 0.000000e+00, 0.000000e+00, 0.000000e+00, -2.719404e+08, -3.124551e+08, -1.159948e+08, 5.537812e+08, 0.000000e+00, 0.000000e+00, 0.000000e+00, 0.000000e+00;
];
K(:,:,1,9) = [
  0.000000e+00, -1.336419e+08, -2.352097e+08, 8.018513e+07, 0.000000e+00, 0.000000e+00, 0.000000e+00, 0.000000e+00, 0.000000e+00, 0.000000e+00, 0.000000e+00, 0.000000e+00;
  -3.814697e-06, 3.474689e+07, 5.345675e+07, -4.559097e+07, 0.000000e+00, 0.000000e+00, 0.000000e+00, 0.000000e+00, 0.000000e+00, 0.000000e+00, 0.000000e+00, 0.000000e+00;
  1.192093e-07, 2.320023e+08, 4.004063e+08, -1.655937e+08, 0.000000e+00, 0.000000e+00, 0.000000e+00, 0.000000e+00, 0.000000e+00, 0.000000e+00, 0.000000e+00, 0.000000e+00;
  0.000000e+00, 2.924848e+07, 7.325102e+07, 5.008134e+07, 0.000000e+00, 0.000000e+00, 0.000000e+00, 0.000000e+00, 0.000000e+00, 0.000000e+00, 0.000000e+00, 0.000000e+00;
  0.000000e+00, 0.000000e+00, 0.000000e+00, 0.000000e+00, -2.969819e+08, -1.633401e+08, 1.092894e+08, 2.643139e+08, 0.000000e+00, 0.000000e+00, 0.000000e+00, 0.000000e+00;
  0.000000e+00, 0.000000e+00, 0.000000e+00, 0.000000e+00, 1.039437e+08, 4.514126e+07, -6.711792e+07, -1.100361e+08, 0.000000e+00, 0.000000e+00, 0.000000e+00, 0.000000e+00;
  0.000000e+00, 0.000000e+00, 0.000000e+00, 0.000000e+00, 5.369434e+08, 2.856966e+08, -2.224480e+08, -4.984986e+08, 0.000000e+00, 0.000000e+00, 0.000000e+00, 0.000000e+00;
  0.000000e+00, 0.000000e+00, 0.000000e+00, 0.000000e+00, -2.435252e+07, 2.681323e+07, 1.014999e+08, 6.517990e+07, 0.000000e+00, 0.000000e+00, 0.000000e+00, 0.000000e+00;
  0.000000e+00, 0.000000e+00, 0.000000e+00, 0.000000e+00, 0.000000e+00, 0.000000e+00, 0.000000e+00, 0.000000e+00, 2.227365e+08, 8.909458e+07, -1.514608e+08, -2.102632e+08;
  0.000000e+00, 0.000000e+00, 0.000000e+00, 0.000000e+00, 0.000000e+00, 0.000000e+00, 0.000000e+00, 0.000000e+00, 8.909458e+07, 3.563783e+07, -6.058432e+07, -8.410529e+07;
  0.000000e+00, 0.000000e+00, 0.000000e+00, 0.000000e+00, 0.000000e+00, 0.000000e+00, 0.000000e+00, 0.000000e+00, -1.514608e+08, -6.058432e+07, 1.029933e+08, 1.429790e+08;
  0.000000e+00, 0.000000e+00, 0.000000e+00, 0.000000e+00, 0.000000e+00, 0.000000e+00, 0.000000e+00, 0.000000e+00, -2.102632e+08, -8.410529e+07, 1.429790e+08, 1.984885e+08;
];
K(:,:,1,10) = [
  0.000000e+00, -5.345675e+07, -9.408388e+07, 3.207405e+07, 0.000000e+00, 0.000000e+00, 0.000000e+00, 0.000000e+00, 0.000000e+00, 0.000000e+00, 0.000000e+00, 0.000000e+00;
  0.000000e+00, 1.389876e+07, 2.138270e+07, -1.823639e+07, 0.000000e+00, 0.000000e+00, 0.000000e+00, 0.000000e+00, 0.000000e+00, 0.000000e+00, 0.000000e+00, 0.000000e+00;
  -3.874302e-07, 9.280092e+07, 1.601625e+08, -6.623750e+07, 0.000000e+00, 0.000000e+00, 0.000000e+00, 0.000000e+00, 0.000000e+00, 0.000000e+00, 0.000000e+00, 0.000000e+00;
  9.238720e-07, 1.169939e+07, 2.930041e+07, 2.003254e+07, 0.000000e+00, 0.000000e+00, 0.000000e+00, 0.000000e+00, 0.000000e+00, 0.000000e+00, 0.000000e+00, 0.000000e+00;
  0.000000e+00, 0.000000e+00, 0.000000e+00, 0.000000e+00, -1.187928e+08, -6.533603e+07, 4.371574e+07, 1.057256e+08, 0.000000e+00, 0.000000e+00, 0.000000e+00, 0.000000e+00;
  0.000000e+00, 0.000000e+00, 0.000000e+00, 0.000000e+00, 4.157747e+07, 1.805650e+07, -2.684717e+07, -4.401442e+07, 0.000000e+00, 0.000000e+00, 0.000000e+00, 0.000000e+00;
  0.000000e+00, 0.000000e+00, 0.000000e+00, 0.000000e+00, 2.147773e+08, 1.142787e+08, -8.897918e+07, -1.993994e+08, 0.000000e+00, 0.000000e+00, 0.000000e+00, 0.000000e+00;
  0.000000e+00, 0.000000e+00, 0.000000e+00, 0.000000e+00, -9.741008e+06, 1.072529e+07, 4.059998e+07, 2.607196e+07, 0.000000e+00, 0.000000e+00, 0.000000e+00, 0.000000e+00;
  0.000000e+00, 0.000000e+00, 0.000000e+00, 0.000000e+00, 0.000000e+00, 0.000000e+00, 0.000000e+00, 0.000000e+00, 8.909458e+07, 3.563783e+07, -6.058432e+07, -8.410529e+07;
  0.000000e+00, 0.000000e+00, 0.000000e+00, 0.000000e+00, 0.000000e+00, 0.000000e+00, 0.000000e+00, 0.000000e+00, 3.563783e+07, 1.425513e+07, -2.423373e+07, -3.364211e+07;
  0.000000e+00, 0.000000e+00, 0.000000e+00, 0.000000e+00, 0.000000e+00, 0.000000e+00, 0.000000e+00, 0.000000e+00, -6.058432e+07, -2.423373e+07, 4.119734e+07, 5.719160e+07;
  0.000000e+00, 0.000000e+00, 0.000000e+00, 0.000000e+00, 0.000000e+00, 0.000000e+00, 0.000000e+00, 0.000000e+00, -8.410529e+07, -3.364211e+07, 5.719160e+07, 7.939539e+07;
];
K(:,:,1,11) = [
  0.000000e+00, 9.087648e+07, 1.599426e+08, -5.452589e+07, 0.000000e+00, 0.000000e+00, 0.000000e+00, 0.000000e+00, 0.000000e+00, 0.000000e+00, 0.000000e+00, 0.000000e+00;
  2.980232e-08, -2.362788e+07, -3.635059e+07, 3.100186e+07, 0.000000e+00, 0.000000e+00, 0.000000e+00, 0.000000e+00, 0.000000e+00, 0.000000e+00, 0.000000e+00, 0.000000e+00;
  -1.192093e-07, -1.577616e+08, -2.722763e+08, 1.126037e+08, 0.000000e+00, 0.000000e+00, 0.000000e+00, 0.000000e+00, 0.000000e+00, 0.000000e+00, 0.000000e+00, 0.000000e+00;
  -1.192093e-07, -1.988897e+07, -4.981069e+07, -3.405531e+07, 0.000000e+00, 0.000000e+00, 0.000000e+00, 0.000000e+00, 0.000000e+00, 0.000000e+00, 0.000000e+00, 0.000000e+00;
  0.000000e+00, 0.000000e+00, 0.000000e+00, 0.000000e+00, 2.019477e+08, 1.110712e+08, -7.431676e+07, -1.797335e+08, 0.000000e+00, 0.000000e+00, 0.000000e+00, 0.000000e+00;
  0.000000e+00, 0.000000e+00, 0.000000e+00, 0.000000e+00, -7.068170e+07, -3.069605e+07, 4.564019e+07, 7.482452e+07, 0.000000e+00, 0.000000e+00, 0.000000e+00, 0.000000e+00;
  0.000000e+00, 0.000000e+00, 0.000000e+00, 0.000000e+00, -3.651215e+08, -1.942737e+08, 1.512646e+08, 3.389791e+08, 0.000000e+00, 0.000000e+00, 0.000000e+00, 0.000000e+00;
  0.000000e+00, 0.000000e+00, 0.000000e+00, 0.000000e+00, 1.655971e+07, -1.823299e+07, -6.901996e+07, -4.432233e+07, 0.000000e+00, 0.000000e+00, 0.000000e+00, 0.000000e+00;
  0.000000e+00, 0.000000e+00, 0.000000e+00, 0.000000e+00, 0.000000e+00, 0.000000e+00, 0.000000e+00, 0.000000e+00, -1.514608e+08, -6.058432e+07, 1.029933e+08, 1.429790e+08;
  0.000000e+00, 0.000000e+00, 0.000000e+00, 0.000000e+00, 0.000000e+00, 0.000000e+00, 0.000000e+00, 0.000000e+00, -6.058432e+07, -2.423373e+07, 4.119734e+07, 5.719160e+07;
  0.000000e+00, 0.000000e+00, 0.000000e+00, 0.000000e+00, 0.000000e+00, 0.000000e+00, 0.000000e+00, 0.000000e+00, 1.029933e+08, 4.119734e+07, -7.003547e+07, -9.722571e+07;
  0.000000e+00, 0.000000e+00, 0.000000e+00, 0.000000e+00, 0.000000e+00, 0.000000e+00, 0.000000e+00, 0.000000e+00, 1.429790e+08, 5.719160e+07, -9.722571e+07, -1.349722e+08;
];
K(:,:,1,12) = [
  0.000000e+00, 1.261579e+08, 2.220380e+08, -7.569476e+07, 0.000000e+00, 0.000000e+00, 0.000000e+00, 0.000000e+00, 0.000000e+00, 0.000000e+00, 0.000000e+00, 0.000000e+00;
  -1.907349e-06, -3.280106e+07, -5.046317e+07, 4.303788e+07, 0.000000e+00, 0.000000e+00, 0.000000e+00, 0.000000e+00, 0.000000e+00, 0.000000e+00, 0.000000e+00, 0.000000e+00;
  0.000000e+00, -2.190102e+08, -3.779836e+08, 1.563205e+08, 0.000000e+00, 0.000000e+00, 0.000000e+00, 0.000000e+00, 0.000000e+00, 0.000000e+00, 0.000000e+00, 0.000000e+00;
  -2.264977e-06, -2.761056e+07, -6.914896e+07, -4.727678e+07, 0.000000e+00, 0.000000e+00, 0.000000e+00, 0.000000e+00, 0.000000e+00, 0.000000e+00, 0.000000e+00, 0.000000e+00;
  0.000000e+00, 0.000000e+00, 0.000000e+00, 0.000000e+00, 2.803510e+08, 1.541930e+08, -1.031692e+08, -2.495124e+08, 0.000000e+00, 0.000000e+00, 0.000000e+00, 0.000000e+00;
  0.000000e+00, 0.000000e+00, 0.000000e+00, 0.000000e+00, -9.812283e+07, -4.261335e+07, 6.335932e+07, 1.038740e+08, 0.000000e+00, 0.000000e+00, 0.000000e+00, 0.000000e+00;
  0.000000e+00, 0.000000e+00, 0.000000e+00, 0.000000e+00, -5.068745e+08, -2.696976e+08, 2.099909e+08, 4.705827e+08, 0.000000e+00, 0.000000e+00, 0.000000e+00, 0.000000e+00;
  0.000000e+00, 0.000000e+00, 0.000000e+00, 0.000000e+00, 2.298878e+07, -2.531169e+07, -9.581595e+07, -6.152983e+07, 0.000000e+00, 0.000000e+00, 0.000000e+00, 0.000000e+00;
  0.000000e+00, 0.000000e+00, 0.000000e+00, 0.000000e+00, 0.000000e+00, 0.000000e+00, 0.000000e+00, 0.000000e+00, -2.102632e+08, -8.410529e+07, 1.429790e+08, 1.984885e+08;
  0.000000e+00, 0.000000e+00, 0.000000e+00, 0.000000e+00, 0.000000e+00, 0.000000e+00, 0.000000e+00, 0.000000e+00, -8.410529e+07, -3.364211e+07, 5.719160e+07, 7.939539e+07;
  0.000000e+00, 0.000000e+00, 0.000000e+00, 0.000000e+00, 0.000000e+00, 0.000000e+00, 0.000000e+00, 0.000000e+00, 1.429790e+08, 5.719160e+07, -9.722571e+07, -1.349722e+08;
  0.000000e+00, 0.000000e+00, 0.000000e+00, 0.000000e+00, 0.000000e+00, 0.000000e+00, 0.000000e+00, 0.000000e+00, 1.984885e+08, 7.939539e+07, -1.349722e+08, -1.873731e+08;
];
K(:,:,2,1) = [
  -4.197874e+11, 4.443205e+11, -2.776833e+11, -1.501692e+11, 0.000000e+00, 0.000000e+00, 0.000000e+00, 0.000000e+00, 1.930383e+08, 7.721531e+07, -1.312660e+08, -1.822281e+08;
  5.029595e+11, -4.762769e+11, 2.484398e+11, 1.446375e+11, 0.000000e+00, 0.000000e+00, 0.000000e+00, 0.000000e+00, -5.553562e+07, -2.221425e+07, 3.776422e+07, 5.242563e+07;
  -3.931397e+11, 3.436562e+11, -1.340251e+11, -1.156294e+11, 0.000000e+00, 0.000000e+00, 0.000000e+00, 0.000000e+00, -3.393910e+08, -1.357564e+08, 2.307859e+08, 3.203851e+08;
  -1.194464e+11, 6.337896e+10, 4.002085e+08, 6.376575e+10, 0.000000e+00, 0.000000e+00, 0.000000e+00, 0.000000e+00, -2.437798e+07, -9.751190e+06, 1.657702e+07, 2.301281e+07;
  0.000000e+00, 0.000000e+00, 0.000000e+00, 0.000000e+00, 2.098937e+11, -1.928407e+11, 8.111347e+10, 9.044599e+10, 0.000000e+00, 0.000000e+00, 0.000000e+00, 0.000000e+00;
  0.000000e+00, 0.000000e+00, 0.000000e+00, 0.000000e+00, -1.928407e+11, 2.381384e+11, -2.194363e+11, 8.939810e+09, 0.000000e+00, 0.000000e+00, 0.000000e+00, 0.000000e+00;
  0.000000e+00, 0.000000e+00, 0.000000e+00, 0.000000e+00, 8.111347e+10, -2.194363e+11, 4.584722e+11, -3.995433e+11, 0.000000e+00, 0.000000e+00, 0.000000e+00, 0.000000e+00;
  0.000000e+00, 0.000000e+00, 0.000000e+00, 0.000000e+00, 9.044599e+10, 8.939810e+09, -3.995433e+11, 8.537167e+11, 0.000000e+00, 0.000000e+00, 0.000000e+00, 0.000000e+00;
  2.969819e+08, -1.039437e+07, -4.065089e+08, -1.344140e+08, 0.000000e+00, 0.000000e+00, 0.000000e+00, 0.000000e+00, -1.045244e+10, 4.953375e+09, 4.416975e+09, -6.434284e+09;
  1.187928e+08, -4.157747e+06, -1.626036e+08, -5.376561e+07, 0.000000e+00, 0.000000e+00, 0.000000e+00, 0.000000e+00, 4.953375e+09, -3.017733e+09, -7.404545e+08, 2.955380e+09;
  -2.019477e+08, 7.068170e+06, 2.764260e+08, 9.140154e+07, 0.000000e+00, 0.000000e+00, 0.000000e+00, 0.000000e+00, 4.416975e+09, -7.404545e+08, -4.479329e+09, 3.346543e+09;
  -2.803510e+08, 9.812283e+06, 3.837444e+08, 1.268868e+08, 0.000000e+00, 0.000000e+00, 0.000000e+00, 0.000000e+00, -6.434284e+09, 2.955380e+09, 3.346543e+09, -5.697645e+09;
];
K(:,:,2,2) = [
  3.270425e+11, -4.762769e+11, 5.340890e+11, -9.913819e+10, 0.000000e+00, 0.000000e+00, 0.000000e+00, 0.000000e+00, 3.266801e+07, 1.306721e+07, -2.221425e+07, -3.083861e+07;
  -4.762769e+11, 6.046013e+11, -6.021882e+11, 1.158405e+11, 0.000000e+00, 0.000000e+00, 0.000000e+00, 0.000000e+00, -9.028251e+06, -3.611300e+06, 6.139211e+06, 8.522669e+06;
  5.340890e+11, -6.021882e+11, 5.070931e+11, -8.955538e+10, 0.000000e+00, 0.000000e+00, 0.000000e+00, 0.000000e+00, -5.713933e+07, -2.285573e+07, 3.885474e+07, 5.393952e+07;
  -9.913819e+10, 1.158405e+11, -8.955538e+10, -2.218794e+10, 0.000000e+00, 0.000000e+00, 0.000000e+00, 0.000000e+00, -5.362645e+06, -2.145058e+06, 3.646599e+06, 5.062337e+06;
  0.000000e+00, 0.000000e+00, 0.000000e+00, 0.000000e+00, -2.514798e+11, 2.381384e+11, -1.242199e+11, -7.231877e+10, 0.000000e+00, 0.000000e+00, 0.000000e+00, 0.000000e+00;
  0.000000e+00, 0.000000e+00, 0.000000e+00, 0.000000e+00, 2.381384e+11, -3.023006e+11, 3.010941e+11, -5.792023e+10, 0.000000e+00, 0.000000e+00, 0.000000e+00, 0.000000e+00;
  0.000000e+00, 0.000000e+00, 0.000000e+00, 0.000000e+00, -1.242199e+11, 3.010941e+11, -6.067478e+11, 5.470328e+11, 0.000000e+00, 0.000000e+00, 0.000000e+00, 0.000000e+00;
  0.000000e+00, 0.000000e+00, 0.000000e+00, 0.000000e+00, -7.231877e+10, -5.792023e+10, 5.470328e+11, -1.110166e+12, 0.000000e+00, 0.000000e+00, 0.000000e+00, 0.000000e+00;
  4.306238e+07, -4.514126e+06, -6.385112e+07, -1.636625e+07, 0.000000e+00, 0.000000e+00, 0.000000e+00, 0.000000e+00, 1.265628e+10, -7.003287e+09, -3.319169e+09, 7.650212e+09;
  1.722495e+07, -1.805650e+06, -2.554045e+07, -6.546500e+06, 0.000000e+00, 0.000000e+00, 0.000000e+00, 0.000000e+00, -7.003287e+09, 4.668557e+09, 3.234623e+08, -3.793495e+09;
  -2.928242e+07, 3.069605e+06, 4.341876e+07, 1.112905e+07, 0.000000e+00, 0.000000e+00, 0.000000e+00, 0.000000e+00, -3.319169e+09, 3.234623e+08, 4.194231e+09, -3.729971e+09;
  -4.065089e+07, 4.261335e+06, 6.027546e+07, 1.544974e+07, 0.000000e+00, 0.000000e+00, 0.000000e+00, 0.000000e+00, 7.650212e+09, -3.793495e+09, -3.729971e+09, 7.166157e+09;
];
K(:,:,2,3) = [
  -4.677059e+10, 3.436562e+11, -9.169444e+11, 9.151163e+11, 0.000000e+00, 0.000000e+00, 0.000000e+00, 0.000000e+00, -2.004034e+08, -8.016137e+07, 1.362743e+08, 1.891808e+08;
  2.484398e+11, -6.021882e+11, 1.213496e+12, -1.094066e+12, 0.000000e+00, 0.000000e+00, 0.000000e+00, 0.000000e+00, 5.907565e+07, 2.363026e+07, -4.017144e+07, -5.576741e+07;
  -6.559713e+11, 9.780281e+11, -1.367531e+12, 1.014539e+12, 0.000000e+00, 0.000000e+00, 0.000000e+00, 0.000000e+00, 3.536529e+08, 1.414612e+08, -2.404840e+08, -3.338483e+08;
  6.875640e+11, -7.592289e+11, 6.425834e+11, -2.598035e+11, 0.000000e+00, 0.000000e+00, 0.000000e+00, 0.000000e+00, 2.095335e+07, 8.381340e+06, -1.424828e+07, -1.977996e+07;
  0.000000e+00, 0.000000e+00, 0.000000e+00, 0.000000e+00, 1.965698e+11, -2.194363e+11, 1.974991e+11, -5.596143e+10, 0.000000e+00, 0.000000e+00, 0.000000e+00, 0.000000e+00;
  0.000000e+00, 0.000000e+00, 0.000000e+00, 0.000000e+00, -2.194363e+11, 3.010941e+11, -3.712803e+11, 2.121961e+11, 0.000000e+00, 0.000000e+00, 0.000000e+00, 0.000000e+00;
  0.000000e+00, 0.000000e+00, 0.000000e+00, 0.000000e+00, 1.974991e+11, -3.712803e+11, 6.837657e+11, -6.932475e+11, 0.000000e+00, 0.000000e+00, 0.000000e+00, 0.000000e+00;
  0.000000e+00, 0.000000e+00, 0.000000e+00, 0.000000e+00, -5.596143e+10, 2.121961e+11, -6.932475e+11, 1.210459e+12, 0.000000e+00, 0.000000e+00, 0.000000e+00, 0.000000e+00;
  -3.209781e+08, 6.711792e+06, 4.315097e+08, 1.485952e+08, 0.000000e+00, 0.000000e+00, 0.000000e+00, 0.000000e+00, -1.152524e+10, 9.507932e+09, -3.060773e+09, -5.651957e+09;
  -1.283912e+08, 2.684717e+06, 1.726039e+08, 5.943807e+07, 0.000000e+00, 0.000000e+00, 0.000000e+00, 0.000000e+00, 9.507932e+09, -7.293007e+09, 1.927988e+09, 3.300855e+09;
  2.182651e+08, -4.564019e+06, -2.934266e+08, -1.010447e+08, 0.000000e+00, 0.000000e+00, 0.000000e+00, 0.000000e+00, -3.060773e+09, 1.927988e+09, -9.313787e+08, 2.064427e+09;
  3.030033e+08, -6.335932e+06, -4.073451e+08, -1.402738e+08, 0.000000e+00, 0.000000e+00, 0.000000e+00, 0.000000e+00, -5.651957e+09, 3.300855e+09, 2.064427e+09, -6.218523e+09;
];
K(:,:,2,4) = [
  -2.116148e+11, 6.337896e+10, 6.830570e+11, -1.707433e+12, 0.000000e+00, 0.000000e+00, 0.000000e+00, 0.000000e+00, -1.277022e+08, -5.108089e+07, 8.683752e+07, 1.205509e+08;
  1.446375e+11, 1.158405e+11, -1.094066e+12, 2.220332e+12, 0.000000e+00, 0.000000e+00, 0.000000e+00, 0.000000e+00, 3.899118e+07, 1.559647e+07, -2.651400e+07, -3.680768e+07;
  3.394751e+11, -7.592289e+11, 1.758451e+12, -2.420918e+12, 0.000000e+00, 0.000000e+00, 0.000000e+00, 0.000000e+00, 2.269818e+08, 9.079271e+07, -1.543476e+08, -2.142708e+08;
  -1.117034e+12, 1.472825e+12, -1.700546e+12, 1.088781e+12, 0.000000e+00, 0.000000e+00, 0.000000e+00, 0.000000e+00, 1.010621e+07, 4.042484e+06, -6.872223e+06, -9.540263e+06;
  0.000000e+00, 0.000000e+00, 0.000000e+00, 0.000000e+00, 5.972318e+10, 8.939810e+09, -1.719910e+11, 2.633170e+11, 0.000000e+00, 0.000000e+00, 0.000000e+00, 0.000000e+00;
  0.000000e+00, 0.000000e+00, 0.000000e+00, 0.000000e+00, 8.939810e+09, -5.792023e+10, 2.121961e+11, -3.626594e+11, 0.000000e+00, 0.000000e+00, 0.000000e+00, 0.000000e+00;
  0.000000e+00, 0.000000e+00, 0.000000e+00, 0.000000e+00, -1.719910e+11, 2.121961e+11, -3.212917e+11, 4.900875e+11, 0.000000e+00, 0.000000e+00, 0.000000e+00, 0.000000e+00;
  0.000000e+00, 0.000000e+00, 0.000000e+00, 0.000000e+00, 2.633170e+11, -3.626594e+11, 4.900875e+11, -5.443905e+11, 0.000000e+00, 0.000000e+00, 0.000000e+00, 0.000000e+00;
  -1.921473e+08, 1.100361e+07, 2.685949e+08, 7.832856e+07, 0.000000e+00, 0.000000e+00, 0.000000e+00, 0.000000e+00, 1.202152e+09, -6.873448e+09, 1.295752e+10, -5.766178e+09;
  -7.685893e+07, 4.401442e+06, 1.074380e+08, 3.133143e+07, 0.000000e+00, 0.000000e+00, 0.000000e+00, 0.000000e+00, -6.873448e+09, 7.079835e+09, -6.319813e+09, 2.244274e+09;
  1.306602e+08, -7.482452e+06, -1.826445e+08, -5.326342e+07, 0.000000e+00, 0.000000e+00, 0.000000e+00, 0.000000e+00, 1.295752e+10, -6.319813e+09, -3.633409e+09, 3.447819e+09;
  1.813871e+08, -1.038740e+07, -2.535536e+08, -7.394216e+07, 0.000000e+00, 0.000000e+00, 0.000000e+00, 0.000000e+00, -5.766178e+09, 2.244274e+09, 3.447819e+09, -2.750965e+09;
];
K(:,:,2,5) = [
  0.000000e+00, 0.000000e+00, 0.000000e+00, 0.000000e+00, -4.197874e+11, 3.856815e+11, -1.622269e+11, -1.808920e+11, 0.000000e+00, 0.000000e+00, 0.000000e+00, 0.000000e+00;
  0.000000e+00, 0.000000e+00, 0.000000e+00, 0.000000e+00, 5.029595e+11, -4.762769e+11, 2.484398e+11, 1.446375e+11, 0.000000e+00, 0.000000e+00, 0.000000e+00, 0.000000e+00;
  0.000000e+00, 0.000000e+00, 0.000000e+00, 0.000000e+00, -3.931397e+11, 4.388726e+11, -3.949982e+11, 1.119229e+11, 0.000000e+00, 0.000000e+00, 0.000000e+00, 0.000000e+00;
  0.000000e+00, 0.000000e+00, 0.000000e+00, 0.000000e+00, -1.194464e+11, -1.787962e+10, 3.439821e+11, -5.266340e+11, 0.000000e+00, 0.000000e+00, 0.000000e+00, 0.000000e+00;
  -2.098937e+11, 2.514798e+11, -1.965698e+11, -5.972318e+10, 0.000000e+00, 0.000000e+00, 0.000000e+00, 0.000000e+00, 2.969819e+07, 1.187928e+07, -2.019477e+07, -2.803510e+07;
  1.928407e+11, -2.381384e+11, 2.194363e+11, -8.939810e+09, 0.000000e+00, 0.000000e+00, 0.000000e+00, 0.000000e+00, -1.039437e+07, -4.157747e+06, 7.068170e+06, 9.812283e+06;
  -8.111347e+10, 1.242199e+11, -1.974991e+11, 1.719910e+11, 0.000000e+00, 0.000000e+00, 0.000000e+00, 0.000000e+00, -5.369434e+07, -2.147773e+07, 3.651215e+07, 5.068745e+07;
  -9.044599e+10, 7.231877e+10, 5.596143e+10, -2.633170e+11, 0.000000e+00, 0.000000e+00, 0.000000e+00, 0.000000e+00, 2.435252e+06, 9.741008e+05, -1.655971e+06, -2.298878e+06;
  0.000000e+00, 0.000000e+00, 0.000000e+00, 0.000000e+00, -5.939639e+07, -4.603220e+07, 6.889981e+06, 8.654054e+07, 0.000000e+00, 0.000000e+00, 0.000000e+00, 0.000000e+00;
  0.000000e+00, 0.000000e+00, 0.000000e+00, 0.000000e+00, -2.375856e+07, -1.841288e+07, 2.755992e+06, 3.461622e+07, 0.000000e+00, 0.000000e+00, 0.000000e+00, 0.000000e+00;
  0.000000e+00, 0.000000e+00, 0.000000e+00, 0.000000e+00, 4.038954e+07, 3.130190e+07, -4.685187e+06, -5.884757e+07, 0.000000e+00, 0.000000e+00, 0.000000e+00, 0.000000e+00;
  0.000000e+00, 0.000000e+00, 0.000000e+00, 0.000000e+00, 5.607019e+07, 4.345440e+07, -6.504142e+06, -8.169427e+07, 0.000000e+00, 0.000000e+00, 0.000000e+00, 0.000000e+00;
];
K(:,:,2,6) = [
  0.000000e+00, 0.000000e+00, 0.000000e+00, 0.000000e+00, 3.856815e+11, -4.762769e+11, 4.388726e+11, -1.787962e+10, 0.000000e+00, 0.000000e+00, 0.000000e+00, 0.000000e+00;
  0.000000e+00, 0.000000e+00, 0.000000e+00, 0.000000e+00, -4.762769e+11, 6.046013e+11, -6.021882e+11, 1.158405e+11, 0.000000e+00, 0.000000e+00, 0.000000e+00, 0.000000e+00;
  0.000000e+00, 0.000000e+00, 0.000000e+00, 0.000000e+00, 4.388726e+11, -6.021882e+11, 7.425606e+11, -4.243921e+11, 0.000000e+00, 0.000000e+00, 0.000000e+00, 0.000000e+00;
  0.000000e+00, 0.000000e+00, 0.000000e+00, 0.000000e+00, -1.787962e+10, 1.158405e+11, -4.243921e+11, 7.253188e+11, 0.000000e+00, 0.000000e+00, 0.000000e+00, 0.000000e+00;
  1.928407e+11, -2.381384e+11, 2.194363e+11, -8.939810e+09, 0.000000e+00, 0.000000e+00, 0.000000e+00, 0.000000e+00, 1.633401e+07, 6.533603e+06, -1.110712e+07, -1.541930e+07;
  -2.381384e+11, 3.023006e+11, -3.010941e+11, 5.792023e+10, 0.000000e+00, 0.000000e+00, 0.000000e+00, 0.000000e+00, -4.514126e+06, -1.805650e+06, 3.069605e+06, 4.261335e+06;
  2.194363e+11, -3.010941e+11, 3.712803e+11, -2.121961e+11, 0.000000e+00, 0.000000e+00, 0.000000e+00, 0.000000e+00, -2.856966e+07, -1.142787e+07, 1.942737e+07, 2.696976e+07;
  -8.939810e+09, 5.792023e+10, -2.121961e+11, 3.626594e+11, 0.000000e+00, 0.000000e+00, 0.000000e+00, 0.000000e+00, -2.681323e+06, -1.072529e+06, 1.823299e+06, 2.531169e+06;
  0.000000e+00, 0.000000e+00, 0.000000e+00, 0.000000e+00, 7.424549e+06, -8.077909e+06, -2.251123e+07, 5.729206e+06, 0.000000e+00, 0.000000e+00, 0.000000e+00, 0.000000e+00;
  0.000000e+00, 0.000000e+00, 0.000000e+00, 0.000000e+00, 2.969819e+06, -3.231164e+06, -9.004493e+06, 2.291682e+06, 0.000000e+00, 0.000000e+00, 0.000000e+00, 0.000000e+00;
  0.000000e+00, 0.000000e+00, 0.000000e+00, 0.000000e+00, -5.048693e+06, 5.492978e+06, 1.530764e+07, -3.895860e+06, 0.000000e+00, 0.000000e+00, 0.000000e+00, 0.000000e+00;
  0.000000e+00, 0.000000e+00, 0.000000e+00, 0.000000e+00, -7.008774e+06, 7.625546e+06, 2.125060e+07, -5.408370e+06, 0.000000e+00, 0.000000e+00, 0.000000e+00, 0.000000e+00;
];
K(:,:,2,7) = [
  0.000000e+00, 0.000000e+00, 0.000000e+00, 0.000000e+00, -1.622269e+11, 4.388726e+11, -9.169444e+11, 7.990867e+11, 0.000000e+00, 0.000000e+00, 0.000000e+00, 0.000000e+00;
  0.000000e+00, 0.000000e+00, 0.000000e+00, 0.000000e+00, 2.484398e+11, -6.021882e+11, 1.213496e+12, -1.094066e+12, 0.000000e+00, 0.000000e+00, 0.000000e+00, 0.000000e+00;
  0.000000e+00, 0.000000e+00, 0.000000e+00, 0.000000e+00, -3.949982e+11, 7.425606e+11, -1.367531e+12, 1.386495e+12, 0.000000e+00, 0.000000e+00, 0.000000e+00, 0.000000e+00;
  0.000000e+00, 0.000000e+00, 0.000000e+00, 0.000000e+00, 3.439821e+11, -4.243921e+11, 6.425834e+11, -9.801749e+11, 0.000000e+00, 0.000000e+00, 0.000000e+00, 0.000000e+00;
  -8.111347e+10, 1.242199e+11, -1.974991e+11, 1.719910e+11, 0.000000e+00, 0.000000e+00, 0.000000e+00, 0.000000e+00, -1.092894e+07, -4.371574e+06, 7.431676e+06, 1.031692e+07;
  2.194363e+11, -3.010941e+11, 3.712803e+11, -2.121961e+11, 0.000000e+00, 0.000000e+00, 0.000000e+00, 0.000000e+00, 6.711792e+06, 2.684717e+06, -4.564019e+06, -6.335932e+06;
  -4.584722e+11, 6.067478e+11, -6.837657e+11, 3.212917e+11, 0.000000e+00, 0.000000e+00, 0.000000e+00, 0.000000e+00, 2.224480e+07, 8.897918e+06, -1.512646e+07, -2.099909e+07;
  3.995433e+11, -5.470328e+11, 6.932475e+11, -4.900875e+11, 0.000000e+00, 0.000000e+00, 0.000000e+00, 0.000000e+00, -1.014999e+07, -4.059998e+06, 6.901996e+06, 9.581595e+06;
  0.000000e+00, 0.000000e+00, 0.000000e+00, 0.000000e+00, 9.242078e+07, 4.805168e+07, -4.803301e+07, -1.077121e+08, 0.000000e+00, 0.000000e+00, 0.000000e+00, 0.000000e+00;
  0.000000e+00, 0.000000e+00, 0.000000e+00, 0.000000e+00, 3.696831e+07, 1.922067e+07, -1.921320e+07, -4.308485e+07, 0.000000e+00, 0.000000e+00, 0.000000e+00, 0.000000e+00;
  0.000000e+00, 0.000000e+00, 0.000000e+00, 0.000000e+00, -6.284613e+07, -3.267514e+07, 3.266245e+07, 7.324425e+07, 0.000000e+00, 0.000000e+00, 0.000000e+00, 0.000000e+00;
  0.000000e+00, 0.000000e+00, 0.000000e+00, 0.000000e+00, -8.724522e+07, -4.536078e+07, 4.534316e+07, 1.016802e+08, 0.000000e+00, 0.000000e+00, 0.000000e+00, 0.000000e+00;
];
K(:,:,2,8) = [
