function K = Kcrd_3(p)
% Auto-generated constant matrix
K = zeros(19,12);
K = [
  -9.779159e-01, -9.007120e-01, -6.799360e-01, -3.466690e-01, 5.185946e-02, 4.585217e-01, 0.000000e+00, 0.000000e+00, 0.000000e+00, 0.000000e+00, 0.000000e+00, 0.000000e+00;
  -2.933748e+00, -2.238913e+00, -4.469699e-01, 1.679880e+00, 3.212488e+00, 3.429494e+00, 0.000000e+00, 0.000000e+00, 0.000000e+00, 0.000000e+00, 0.000000e+00, 0.000000e+00;
  -4.889580e+00, -2.959482e+00, 1.476355e+00, 5.245659e+00, 5.468806e+00, 1.545880e+00, 0.000000e+00, 0.000000e+00, 0.000000e+00, 0.000000e+00, 0.000000e+00, 0.000000e+00;
  -6.845412e+00, -3.062421e+00, 4.569928e+00, 8.324975e+00, 3.708796e+00, -5.955918e+00, 0.000000e+00, 0.000000e+00, 0.000000e+00, 0.000000e+00, 0.000000e+00, 0.000000e+00;
  -8.801243e+00, -2.547728e+00, 8.313640e+00, 9.439619e+00, -2.528582e+00, -1.461185e+01, 0.000000e+00, 0.000000e+00, 0.000000e+00, 0.000000e+00, 0.000000e+00, 0.000000e+00;
  -1.075708e+01, -1.415405e+00, 1.218738e+01, 7.658868e+00, -1.174495e+01, -1.858841e+01, 0.000000e+00, 0.000000e+00, 0.000000e+00, 0.000000e+00, 0.000000e+00, 0.000000e+00;
  -1.271291e+01, 3.345502e-01, 1.567104e+01, 2.599483e+00, -2.117407e+01, -1.352163e+01, 0.000000e+00, 0.000000e+00, 0.000000e+00, 0.000000e+00, 0.000000e+00, 0.000000e+00;
  -1.466874e+01, 2.702136e+00, 1.824450e+01, -5.574292e+00, -2.747340e+01, 1.662984e+00, 0.000000e+00, 0.000000e+00, 0.000000e+00, 0.000000e+00, 0.000000e+00, 0.000000e+00;
  -1.662457e+01, 5.687353e+00, 1.938766e+01, -1.615073e+01, -2.741566e+01, 2.394971e+01, 0.000000e+00, 0.000000e+00, 0.000000e+00, 0.000000e+00, 0.000000e+00, 0.000000e+00;
  -1.858040e+01, 9.290201e+00, 1.858040e+01, -2.787060e+01, -1.858040e+01, 4.645101e+01, 0.000000e+00, 0.000000e+00, 0.000000e+00, 0.000000e+00, 0.000000e+00, 0.000000e+00;
  -2.053623e+01, 1.351068e+01, 1.530262e+01, -3.892723e+01, -4.554118e-02, 5.964505e+01, 0.000000e+00, 0.000000e+00, 0.000000e+00, 0.000000e+00, 0.000000e+00, 0.000000e+00;
  -2.249207e+01, 1.834879e+01, 9.034210e+00, -4.696641e+01, 2.692106e+01, 5.363236e+01, 0.000000e+00, 0.000000e+00, 0.000000e+00, 0.000000e+00, 0.000000e+00, 0.000000e+00;
  -2.444790e+01, 2.380453e+01, -7.449498e-01, -4.908649e+01, 5.817006e+01, 2.141168e+01, 0.000000e+00, 0.000000e+00, 0.000000e+00, 0.000000e+00, 0.000000e+00, 0.000000e+00;
  -2.640373e+01, 2.987791e+01, -1.455496e+01, -4.183831e+01, 8.597902e+01, -3.682517e+01, 0.000000e+00, 0.000000e+00, 0.000000e+00, 0.000000e+00, 0.000000e+00, 0.000000e+00;
  -2.835956e+01, 3.656891e+01, -3.291595e+01, -2.122522e+01, 9.836092e+01, -1.083791e+02, 0.000000e+00, 0.000000e+00, 0.000000e+00, 0.000000e+00, 0.000000e+00, 0.000000e+00;
  -3.031539e+01, 4.387754e+01, -5.634800e+01, 1.729688e+01, 7.837255e+01, -1.617106e+02, 0.000000e+00, 0.000000e+00, 0.000000e+00, 0.000000e+00, 0.000000e+00, 0.000000e+00;
  -3.227123e+01, 5.180381e+01, -8.537125e+01, 7.881961e+01, 3.422972e+00, -1.390874e+02, 0.000000e+00, 0.000000e+00, 0.000000e+00, 0.000000e+00, 0.000000e+00, 0.000000e+00;
  -3.422706e+01, 6.034771e+01, -1.205058e+02, 1.689821e+02, -1.554181e+02, 5.178728e+01, 0.000000e+00, 0.000000e+00, 0.000000e+00, 0.000000e+00, 0.000000e+00, 0.000000e+00;
  -3.618289e+01, 6.950924e+01, -1.622717e+02, 2.939708e+02, -4.341117e+02, 5.471650e+02, 0.000000e+00, 0.000000e+00, 0.000000e+00, 0.000000e+00, 0.000000e+00, 0.000000e+00;
];
