function fw = fw(x)
%FW
%    FW = FW(X)

%    This function was generated by the Symbolic Math Toolbox version 9.0.
%    18-May-2025 17:21:20

et1 = x.^3.*(4.0./3.0)-x.^4.*1.541919460069594+x.^5.*2.504707815075619e-1;
et2 = x.^6.*(-9.933276033573795e-3);
et3 = x.^3.*(4.0./3.0)-x.^4.*1.713243844521772+x.^5.*4.618055034045672e-1;
et4 = x.^6.*(-4.569306975443946e-2);
et5 = x.^7.*1.458696344610509e-3;
et6 = x.^3.*(4.0./3.0)-x.^4.*8.566219222608858e-1+x.^5.*1.35671673316596e-1;
et7 = x.^6.*(-5.959965620144277e-3);
et8 = x.^3.*(4.0./3.0)-x.^4.*2.227216997878303+x.^5.*1.137554799346843;
et9 = x.^6.*(-2.066121414983349e-1);
et10 = x.^7.*1.51704419839493e-2;
et11 = x.^8.*(-3.887492829780567e-4);
et12 = x.^3.*(4.0./3.0)-x.^4.*1.370595075617417+x.^5.*4.591964327638634e-1;
et13 = x.^6.*(-4.767972496115422e-2);
et14 = x.^7.*1.555942767584543e-3;
et15 = x.^3.*(4.0./3.0)-x.^4.*8.566219222608858e-1+x.^5.*1.35671673316596e-1;
et16 = x.^6.*(-5.959965620144277e-3);
et17 = x.^3.*(4.0./3.0)-x.^4.*3.083838920139189+x.^5.*2.402954060088172;
et18 = x.^6.*(-6.635428390427295e-1);
et19 = x.^7.*8.227047383603273e-2;
et20 = x.^8.*(-4.66499139573668e-3);
et21 = x.^9.*9.866997275917154e-5;
et22 = x.^3.*(4.0./3.0)-x.^4.*2.227216997878303+x.^5.*1.137554799346843;
et23 = x.^6.*(-2.066121414983349e-1);
et24 = x.^7.*1.51704419839493e-2;
et25 = x.^8.*(-3.887492829780567e-4);
et26 = x.^3.*(4.0./3.0)-x.^4.*1.713243844521772+x.^5.*4.618055034045672e-1;
et27 = x.^6.*(-4.569306975443946e-2);
et28 = x.^7.*1.458696344610509e-3;
et29 = x.^3.*(4.0./3.0)-x.^4.*1.541919460069594+x.^5.*2.504707815075619e-1;
et30 = x.^6.*(-9.933276033573795e-3);
mt1 = [x.^3.*(4.0./3.0),-x.^3.*(x.*1.713243844521772e-1-4.0./3.0),x.^3.*(4.0./3.0)-x.^4.*6.852975378087087e-1+x.^5.*4.174513025126031e-2,et1+et2,0.0,0.0,0.0,0.0,0.0,0.0,0.0,0.0];
mt2 = [-x.^3.*(x.*1.713243844521772e-1-4.0./3.0),x.^3.*(4.0./3.0)-x.^4.*3.426487689043543e-1+x.^5.*2.348163576633392e-2,et6+et7,et3+et4+et5,0.0,0.0,0.0,0.0,0.0,0.0,0.0,0.0];
mt3 = [x.^3.*(4.0./3.0)-x.^4.*6.852975378087087e-1+x.^5.*4.174513025126031e-2,et15+et16,et12+et13+et14,et8+et9+et10+et11,0.0,0.0,0.0,0.0,0.0,0.0,0.0,0.0,et29+et30,et26+et27+et28,et22+et23+et24+et25,et17+et18+et19+et20+et21,0.0,0.0,0.0,0.0,0.0,0.0,0.0,0.0,0.0,0.0,0.0,0.0,0.0,0.0,0.0,0.0,0.0,0.0,0.0,0.0,0.0,0.0,0.0,0.0,0.0,0.0,0.0,0.0,0.0,0.0,0.0,0.0,0.0,0.0,0.0,0.0,0.0,0.0,0.0,0.0,0.0,0.0,0.0,0.0,0.0,0.0];
mt4 = [0.0,0.0,0.0,0.0,0.0,0.0,0.0,0.0,0.0,0.0,0.0,0.0,0.0,0.0,0.0,0.0,0.0,0.0,0.0,0.0,0.0,0.0,0.0,0.0,0.0,0.0,0.0,0.0,0.0,0.0,0.0,0.0,0.0,0.0,0.0,0.0,0.0,0.0,0.0,0.0,0.0,0.0,0.0,0.0,0.0,0.0,0.0,0.0,0.0,0.0,0.0,0.0,0.0,0.0,0.0,0.0,0.0,0.0];
fw = reshape([mt1,mt2,mt3,mt4],12,12);
