function symThet1 = T1(x)
%T1
%    symThet1 = T1(X)

%    This function was generated by the Symbolic Math Toolbox version 9.0.
%    18-May-2025 17:21:19

et2 = (x.*1.142162563014514e-1-1.0).*(x.*2.284325126029029e-1-2.0).*2.284325126029029e-1;
et3 = (x.*2.284325126029029e-1-2.0).*(x.*5.218141281407539e-2-4.568650252058058e-1)-3.426487689043543e-1;
mt1 = [0.0,0.0,0.0,0.0,0.0,0.0,0.0,0.0,1.0,x.*(-2.284325126029029e-1)+1.0];
mt2 = [(x.*1.142162563014514e-1-1.0).*(x.*2.284325126029029e-1-2.0)+x.*(x.*5.218141281407539e-2-4.568650252058058e-1)-1.0];
mt3 = [x.*1.142162563014514e-1-x.*(et2+et3)-((x.*1.142162563014514e-1-1.0).*(x.*2.284325126029029e-1-2.0)-1.0).*(x.*2.284325126029029e-1-2.0)-1.0];
symThet1 = reshape([mt1,mt2,mt3],12,1);
