function symV = V(x)
%V
%    symV = V(X)

%    This function was generated by the Symbolic Math Toolbox version 9.0.
%    18-May-2025 17:21:19

mt1 = [0.0,0.0,0.0,0.0,x.^2,-x.^2.*(x.*1.142162563014514e-1-1.0),x.^2.*((x.*1.142162563014514e-1-1.0).*(x.*2.284325126029029e-1-2.0)-1.0)];
mt2 = [-x.^2.*(x.*(-1.142162563014514e-1)+((x.*1.142162563014514e-1-1.0).*(x.*2.284325126029029e-1-2.0)-1.0).*(x.*2.284325126029029e-1-2.0)+1.0),0.0,0.0,0.0,0.0];
symV = reshape([mt1,mt2],12,1);
