function symV3 = V3(x)
%V3
%    symV3 = V3(X)

%    This function was generated by the Symbolic Math Toolbox version 9.0.
%    01-Jun-2025 22:30:53

et1 = x.*(x.*3.575979372086566e-2-3.130884768844523e-1).*-6.0;
et2 = (x.*1.142162563014514e-1-1.0).*(x.*2.284325126029029e-1-2.0).*(-1.370595075617417);
et3 = x.^2.*(-3.575979372086566e-2);
et4 = (x.*2.284325126029029e-1-2.0).*(x.*5.218141281407539e-2-4.568650252058058e-1).*-6.0+2.055892613426126;
symV3 = [0.0;0.0;0.0;0.0;0.0;-6.852975378087087e-1;x.*6.261769537689046e-1-2.741190151234835;et1+et2+et3+et4;0.0;0.0;0.0;0.0];
