function symW1 = W1(x)
%W1
%    symW1 = W1(X)

%    This function was generated by the Symbolic Math Toolbox version 9.0.
%    01-Jun-2025 22:30:53

et1 = (x.*1.142162563014514e-1-1.0).*(x.*2.284325126029029e-1-2.0).*2.284325126029029e-1;
et2 = (x.*2.284325126029029e-1-2.0).*(x.*5.218141281407539e-2-4.568650252058058e-1)-3.426487689043543e-1;
mt1 = [x.*2.0,x.*(x.*1.142162563014514e-1-1.0).*-2.0-x.^2.*1.142162563014514e-1];
mt2 = [x.^2.*(x.*5.218141281407539e-2-4.568650252058058e-1)+x.*((x.*1.142162563014514e-1-1.0).*(x.*2.284325126029029e-1-2.0)-1.0).*2.0];
mt3 = [-x.^2.*(et1+et2)-x.*(x.*(-1.142162563014514e-1)+((x.*1.142162563014514e-1-1.0).*(x.*2.284325126029029e-1-2.0)-1.0).*(x.*2.284325126029029e-1-2.0)+1.0).*2.0,0.0,0.0,0.0,0.0,0.0,0.0,0.0,0.0];
symW1 = reshape([mt1,mt2,mt3],12,1);
