function symW2 = W2(x)
%W2
%    symW2 = W2(X)

%    This function was generated by the Symbolic Math Toolbox version 9.0.
%    18-May-2025 17:21:19

et1 = (x.*1.142162563014514e-1-1.0).*(x.*2.284325126029029e-1-2.0).*2.284325126029029e-1;
et2 = (x.*2.284325126029029e-1-2.0).*(x.*5.218141281407539e-2-4.568650252058058e-1)-3.426487689043543e-1;
et3 = x.*2.284325126029029e-1-((x.*1.142162563014514e-1-1.0).*(x.*2.284325126029029e-1-2.0)-1.0).*(x.*2.284325126029029e-1-2.0).*2.0;
et4 = -x.^2.*(x.*3.575979372086566e-2-3.130884768844523e-1)-x.*(et1+et2).*4.0-2.0;
et5 = (x.*1.142162563014514e-1-1.0).*(x.*2.284325126029029e-1-2.0).*2.0+x.*(x.*5.218141281407539e-2-4.568650252058058e-1).*4.0;
et6 = x.^2.*5.218141281407539e-2-2.0;
symW2 = [2.0;x.*(-6.852975378087087e-1)+2.0;et5+et6;et3+et4;0.0;0.0;0.0;0.0;0.0;0.0;0.0;0.0];
