function K = DW1(p)
% Auto-generated constant matrix
K = zeros(19,12);
K = [
  0.000000e+00, 0.000000e+00, 0.000000e+00, 0.000000e+00, 1.492186e+00, 1.374381e+00, 1.037503e+00, 5.289764e-01, 0.000000e+00, 0.000000e+00, 0.000000e+00, 0.000000e+00;
  0.000000e+00, 0.000000e+00, 0.000000e+00, 0.000000e+00, 6.946831e+00, 5.301529e+00, 1.058382e+00, -3.977793e+00, 0.000000e+00, 0.000000e+00, 0.000000e+00, 0.000000e+00;
  0.000000e+00, 0.000000e+00, 0.000000e+00, 0.000000e+00, 1.058406e+01, 6.406142e+00, -3.195742e+00, -1.135484e+01, 0.000000e+00, 0.000000e+00, 0.000000e+00, 0.000000e+00;
  0.000000e+00, 0.000000e+00, 0.000000e+00, 0.000000e+00, 1.342610e+01, 6.006412e+00, -8.963129e+00, -1.632801e+01, 0.000000e+00, 0.000000e+00, 0.000000e+00, 0.000000e+00;
  0.000000e+00, 0.000000e+00, 0.000000e+00, 0.000000e+00, 1.547294e+01, 4.479010e+00, -1.461572e+01, -1.659523e+01, 0.000000e+00, 0.000000e+00, 0.000000e+00, 0.000000e+00;
  0.000000e+00, 0.000000e+00, 0.000000e+00, 0.000000e+00, 1.722398e+01, 2.266314e+00, -1.951415e+01, -1.226320e+01, 0.000000e+00, 0.000000e+00, 0.000000e+00, 0.000000e+00;
  0.000000e+00, 0.000000e+00, 0.000000e+00, 0.000000e+00, 1.902096e+01, -5.005515e-01, -2.344689e+01, -3.889327e+00, 0.000000e+00, 0.000000e+00, 0.000000e+00, 0.000000e+00;
  0.000000e+00, 0.000000e+00, 0.000000e+00, 0.000000e+00, 2.075693e+01, -3.823646e+00, -2.581680e+01, 7.887877e+00, 0.000000e+00, 0.000000e+00, 0.000000e+00, 0.000000e+00;
  0.000000e+00, 0.000000e+00, 0.000000e+00, 0.000000e+00, 2.227211e+01, -7.619405e+00, -2.597384e+01, 2.163729e+01, 0.000000e+00, 0.000000e+00, 0.000000e+00, 0.000000e+00;
  0.000000e+00, 0.000000e+00, 0.000000e+00, 0.000000e+00, 2.349259e+01, -1.174630e+01, -2.349259e+01, 3.523889e+01, 0.000000e+00, 0.000000e+00, 0.000000e+00, 0.000000e+00;
  0.000000e+00, 0.000000e+00, 0.000000e+00, 0.000000e+00, 2.441839e+01, -1.606473e+01, -1.819542e+01, 4.628600e+01, 0.000000e+00, 0.000000e+00, 0.000000e+00, 0.000000e+00;
  0.000000e+00, 0.000000e+00, 0.000000e+00, 0.000000e+00, 2.504950e+01, -2.043512e+01, -1.006143e+01, 5.230667e+01, 0.000000e+00, 0.000000e+00, 0.000000e+00, 0.000000e+00;
  0.000000e+00, 0.000000e+00, 0.000000e+00, 0.000000e+00, 2.538592e+01, -2.471787e+01, 7.735323e-01, 5.096986e+01, 0.000000e+00, 0.000000e+00, 0.000000e+00, 0.000000e+00;
  0.000000e+00, 0.000000e+00, 0.000000e+00, 0.000000e+00, 2.542766e+01, -2.877340e+01, 1.401691e+01, 4.029166e+01, 0.000000e+00, 0.000000e+00, 0.000000e+00, 0.000000e+00;
  0.000000e+00, 0.000000e+00, 0.000000e+00, 0.000000e+00, 2.517471e+01, -3.246213e+01, 2.921940e+01, 1.884158e+01, 0.000000e+00, 0.000000e+00, 0.000000e+00, 0.000000e+00;
  0.000000e+00, 0.000000e+00, 0.000000e+00, 0.000000e+00, 2.462707e+01, -3.564445e+01, 4.577497e+01, -1.405133e+01, 0.000000e+00, 0.000000e+00, 0.000000e+00, 0.000000e+00;
  0.000000e+00, 0.000000e+00, 0.000000e+00, 0.000000e+00, 2.378475e+01, -3.818078e+01, 6.292087e+01, -5.809214e+01, 0.000000e+00, 0.000000e+00, 0.000000e+00, 0.000000e+00;
  0.000000e+00, 0.000000e+00, 0.000000e+00, 0.000000e+00, 2.264774e+01, -3.993154e+01, 7.973760e+01, -1.118139e+02, 0.000000e+00, 0.000000e+00, 0.000000e+00, 0.000000e+00;
  0.000000e+00, 0.000000e+00, 0.000000e+00, 0.000000e+00, 2.121604e+01, -4.075713e+01, 9.514894e+01, -1.723714e+02, 0.000000e+00, 0.000000e+00, 0.000000e+00, 0.000000e+00;
];
