function K = KW0_3(p)
% Auto-generated constant matrix
K = zeros(19,12);
K = [
  0.000000e+00, 0.000000e+00, 0.000000e+00, 0.000000e+00, -9.216127e-01, -8.488538e-01, -6.407889e-01, -3.267096e-01, 0.000000e+00, 0.000000e+00, 0.000000e+00, 0.000000e+00;
  0.000000e+00, 0.000000e+00, 0.000000e+00, 0.000000e+00, -2.764838e+00, -2.110008e+00, -4.212357e-01, 1.583161e+00, 0.000000e+00, 0.000000e+00, 0.000000e+00, 0.000000e+00;
  0.000000e+00, 0.000000e+00, 0.000000e+00, 0.000000e+00, -4.608064e+00, -2.789091e+00, 1.391354e+00, 4.943642e+00, 0.000000e+00, 0.000000e+00, 0.000000e+00, 0.000000e+00;
  0.000000e+00, 0.000000e+00, 0.000000e+00, 0.000000e+00, -6.451289e+00, -2.886103e+00, 4.306816e+00, 7.845667e+00, 0.000000e+00, 0.000000e+00, 0.000000e+00, 0.000000e+00;
  0.000000e+00, 0.000000e+00, 0.000000e+00, 0.000000e+00, -8.294515e+00, -2.401044e+00, 7.834985e+00, 8.896136e+00, 0.000000e+00, 0.000000e+00, 0.000000e+00, 0.000000e+00;
  0.000000e+00, 0.000000e+00, 0.000000e+00, 0.000000e+00, -1.013774e+01, -1.333913e+00, 1.148569e+01, 7.217911e+00, 0.000000e+00, 0.000000e+00, 0.000000e+00, 0.000000e+00;
  0.000000e+00, 0.000000e+00, 0.000000e+00, 0.000000e+00, -1.198097e+01, 3.152886e-01, 1.476878e+01, 2.449818e+00, 0.000000e+00, 0.000000e+00, 0.000000e+00, 0.000000e+00;
  0.000000e+00, 0.000000e+00, 0.000000e+00, 0.000000e+00, -1.382419e+01, 2.546562e+00, 1.719408e+01, -5.253354e+00, 0.000000e+00, 0.000000e+00, 0.000000e+00, 0.000000e+00;
  0.000000e+00, 0.000000e+00, 0.000000e+00, 0.000000e+00, -1.566742e+01, 5.359906e+00, 1.827142e+01, -1.522085e+01, 0.000000e+00, 0.000000e+00, 0.000000e+00, 0.000000e+00;
  0.000000e+00, 0.000000e+00, 0.000000e+00, 0.000000e+00, -1.751064e+01, 8.755321e+00, 1.751064e+01, -2.626596e+01, 0.000000e+00, 0.000000e+00, 0.000000e+00, 0.000000e+00;
  0.000000e+00, 0.000000e+00, 0.000000e+00, 0.000000e+00, -1.935387e+01, 1.273281e+01, 1.442158e+01, -3.668601e+01, 0.000000e+00, 0.000000e+00, 0.000000e+00, 0.000000e+00;
  0.000000e+00, 0.000000e+00, 0.000000e+00, 0.000000e+00, -2.119709e+01, 1.729237e+01, 8.514068e+00, -4.426234e+01, 0.000000e+00, 0.000000e+00, 0.000000e+00, 0.000000e+00;
  0.000000e+00, 0.000000e+00, 0.000000e+00, 0.000000e+00, -2.304032e+01, 2.243399e+01, -7.020596e-01, -4.626035e+01, 0.000000e+00, 0.000000e+00, 0.000000e+00, 0.000000e+00;
  0.000000e+00, 0.000000e+00, 0.000000e+00, 0.000000e+00, -2.488354e+01, 2.815769e+01, -1.371697e+01, -3.942948e+01, 0.000000e+00, 0.000000e+00, 0.000000e+00, 0.000000e+00;
  0.000000e+00, 0.000000e+00, 0.000000e+00, 0.000000e+00, -2.672677e+01, 3.446347e+01, -3.102082e+01, -2.000319e+01, 0.000000e+00, 0.000000e+00, 0.000000e+00, 0.000000e+00;
  0.000000e+00, 0.000000e+00, 0.000000e+00, 0.000000e+00, -2.857000e+01, 4.135131e+01, -5.310379e+01, 1.630102e+01, 0.000000e+00, 0.000000e+00, 0.000000e+00, 0.000000e+00;
  0.000000e+00, 0.000000e+00, 0.000000e+00, 0.000000e+00, -3.041322e+01, 4.882122e+01, -8.045603e+01, 7.428160e+01, 0.000000e+00, 0.000000e+00, 0.000000e+00, 0.000000e+00;
  0.000000e+00, 0.000000e+00, 0.000000e+00, 0.000000e+00, -3.225645e+01, 5.687321e+01, -1.135677e+02, 1.592530e+02, 0.000000e+00, 0.000000e+00, 0.000000e+00, 0.000000e+00;
  0.000000e+00, 0.000000e+00, 0.000000e+00, 0.000000e+00, -3.409967e+01, 6.550726e+01, -1.529290e+02, 2.770455e+02, 0.000000e+00, 0.000000e+00, 0.000000e+00, 0.000000e+00;
];
