function K = Lif_proj1(p)
% Auto-generated constant matrix
K = zeros(20,12);
K = [
  5.402250e-01, 5.132137e-01, 4.348811e-01, 3.130604e-01, 0.000000e+00, 0.000000e+00, 0.000000e+00, 0.000000e+00, 1.513181e+00, 1.437522e+00, 1.218111e+00, 8.768885e-01;
  4.862025e+00, 4.132721e+00, 2.163601e+00, -4.545993e-01, 0.000000e+00, 0.000000e+00, 0.000000e+00, 0.000000e+00, 4.357631e+00, 3.703987e+00, 1.939146e+00, -4.074385e-01;
  1.350562e+01, 1.012922e+01, 1.688203e+00, -7.596914e+00, 0.000000e+00, 0.000000e+00, 0.000000e+00, 0.000000e+00, 6.959531e+00, 5.219648e+00, 8.699414e-01, -3.914736e+00;
  2.647102e+01, 1.720617e+01, -4.103009e+00, -2.254008e+01, 0.000000e+00, 0.000000e+00, 0.000000e+00, 0.000000e+00, 9.318881e+00, 6.057273e+00, -1.444427e+00, -7.935027e+00;
  4.375823e+01, 2.406702e+01, -1.728450e+01, -4.307997e+01, 0.000000e+00, 0.000000e+00, 0.000000e+00, 0.000000e+00, 1.143568e+01, 6.289625e+00, -4.517094e+00, -1.125843e+01;
  6.536722e+01, 2.941525e+01, -3.889350e+01, -6.441940e+01, 0.000000e+00, 0.000000e+00, 0.000000e+00, 0.000000e+00, 1.330993e+01, 5.989469e+00, -7.919409e+00, -1.311694e+01;
  9.129802e+01, 3.195431e+01, -6.893001e+01, -8.020531e+01, 0.000000e+00, 0.000000e+00, 0.000000e+00, 0.000000e+00, 1.494163e+01, 5.229571e+00, -1.128093e+01, -1.312622e+01;
  1.215506e+02, 3.038766e+01, -1.063568e+02, -8.356605e+01, 0.000000e+00, 0.000000e+00, 0.000000e+00, 0.000000e+00, 1.633078e+01, 4.082695e+00, -1.428943e+01, -1.122741e+01;
  1.561250e+02, 2.341875e+01, -1.490994e+02, -6.814857e+01, 0.000000e+00, 0.000000e+00, 0.000000e+00, 0.000000e+00, 1.747738e+01, 2.621607e+00, -1.669090e+01, -7.628877e+00;
  1.950212e+02, 9.751061e+00, -1.940461e+02, -2.915567e+01, 0.000000e+00, 0.000000e+00, 0.000000e+00, 0.000000e+00, 1.838143e+01, 9.190716e-01, -1.828952e+01, -2.748024e+00;
  2.382392e+02, -1.191196e+01, -2.370480e+02, 3.561676e+01, 0.000000e+00, 0.000000e+00, 0.000000e+00, 0.000000e+00, 1.904293e+01, -9.521466e-01, -1.894772e+01, 2.846918e+00;
  2.857790e+02, -4.286685e+01, -2.729190e+02, 1.247425e+02, 0.000000e+00, 0.000000e+00, 0.000000e+00, 0.000000e+00, 1.946188e+01, -2.919282e+00, -1.858610e+01, 8.495111e+00;
  3.376406e+02, -8.441016e+01, -2.954355e+02, 2.321279e+02, 0.000000e+00, 0.000000e+00, 0.000000e+00, 0.000000e+00, 1.963828e+01, -4.909570e+00, -1.718350e+01, 1.350132e+01;
  3.938240e+02, -1.378384e+02, -2.973371e+02, 3.459744e+02, 0.000000e+00, 0.000000e+00, 0.000000e+00, 0.000000e+00, 1.957213e+01, -6.850246e+00, -1.477696e+01, 1.719412e+01;
  4.543292e+02, -2.044482e+02, -2.703259e+02, 4.477415e+02, 0.000000e+00, 0.000000e+00, 0.000000e+00, 0.000000e+00, 1.926343e+01, -8.668544e+00, -1.146174e+01, 1.898411e+01;
  5.191562e+02, -2.855359e+02, -2.050667e+02, 5.111093e+02, 0.000000e+00, 0.000000e+00, 0.000000e+00, 0.000000e+00, 1.871218e+01, -1.029170e+01, -7.391312e+00, 1.842214e+01;
  5.883050e+02, -3.823983e+02, -9.118728e+01, 5.009417e+02, 0.000000e+00, 0.000000e+00, 0.000000e+00, 0.000000e+00, 1.791838e+01, -1.164695e+01, -2.777349e+00, 1.525750e+01;
  6.617756e+02, -4.963317e+02, 8.272195e+01, 3.722488e+02, 0.000000e+00, 0.000000e+00, 0.000000e+00, 0.000000e+00, 1.688203e+01, -1.266152e+01, 2.110254e+00, 9.496143e+00;
  7.395680e+02, -6.286328e+02, 3.291078e+02, 6.914961e+01, 0.000000e+00, 0.000000e+00, 0.000000e+00, 0.000000e+00, 1.560313e+01, -1.326266e+01, 6.943393e+00, 1.458893e+00;
  8.216822e+02, -7.805981e+02, 6.614542e+02, -4.761648e+02, 0.000000e+00, 0.000000e+00, 0.000000e+00, 0.000000e+00, 1.408168e+01, -1.337760e+01, 1.133575e+01, -8.160334e+00;
];
