function K = DW0(p)
% Auto-generated constant matrix
K = zeros(20,14);
K = [
  -4.515625e-04, -4.222626e-04, -3.381653e-04, -2.101840e-04, -5.492686e-05, 1.074582e-04, -1.593750e-03, -1.438633e-03, -1.000122e-03, -3.543816e-04, 0.000000e+00, 0.000000e+00, 0.000000e+00, 0.000000e+00;
  -2.889063e-03, -2.414903e-03, -1.148066e-03, 4.956174e-04, 1.976617e-03, 2.808804e-03, -4.031250e-03, -3.038824e-03, -4.958900e-04, 2.472733e-03, 0.000000e+00, 0.000000e+00, 0.000000e+00, 0.000000e+00;
  -7.439063e-03, -5.479920e-03, -6.344076e-04, 4.545259e-03, 7.330857e-03, 6.255165e-03, -6.468750e-03, -3.913347e-03, 1.958228e-03, 6.943654e-03, 0.000000e+00, 0.000000e+00, 0.000000e+00, 0.000000e+00;
  -1.410156e-02, -8.988401e-03, 2.643067e-03, 1.235781e-02, 1.311078e-02, 4.355933e-03, -8.906250e-03, -4.062202e-03, 5.786130e-03, 1.083313e-02, 0.000000e+00, 0.000000e+00, 0.000000e+00, 0.000000e+00;
  -2.287656e-02, -1.231143e-02, 9.625326e-03, 2.267152e-02, 1.477684e-02, -6.766673e-03, -1.134375e-02, -3.485389e-03, 1.041171e-02, 1.248762e-02, 0.000000e+00, 0.000000e+00, 0.000000e+00, 0.000000e+00;
  -3.376406e-02, -1.482010e-02, 2.075405e-02, 3.303931e-02, 8.249923e-03, -2.579701e-02, -1.378125e-02, -2.182908e-03, 1.525887e-02, 1.082527e-02, 0.000000e+00, 0.000000e+00, 0.000000e+00, 0.000000e+00;
  -4.676406e-02, -1.588550e-02, 3.597162e-02, 4.032424e-02, -8.575766e-03, -4.615052e-02, -1.621875e-02, -1.547591e-04, 1.975151e-02, 5.335948e-03, 0.000000e+00, 0.000000e+00, 0.000000e+00, 0.000000e+00;
  -6.187656e-02, -1.487872e-02, 5.472115e-02, 4.119499e-02, -3.490982e-02, -5.798368e-02, -1.865625e-02, 2.599058e-03, 2.331352e-02, -3.918774e-03, 0.000000e+00, 0.000000e+00, 0.000000e+00, 0.000000e+00;
  -7.910156e-02, -1.117083e-02, 7.594644e-02, 3.262135e-02, -6.673278e-02, -5.146954e-02, -2.109375e-02, 6.078542e-03, 2.536880e-02, -1.630563e-02, 0.000000e+00, 0.000000e+00, 0.000000e+00, 0.000000e+00;
  -9.843906e-02, -4.132938e-03, 9.809202e-02, 1.236967e-02, -9.705335e-02, -2.051919e-02, -2.353125e-02, 1.028370e-02, 2.534124e-02, -3.061963e-02, 0.000000e+00, 0.000000e+00, 0.000000e+00, 0.000000e+00;
  -1.198891e-01, 6.863878e-03, 1.191031e-01, -2.050164e-02, -1.167556e-01, 3.387060e-02, -2.596875e-02, 1.521452e-02, 2.265475e-02, -4.508410e-02, 0.000000e+00, 0.000000e+00, 0.000000e+00, 0.000000e+00;
  -1.434516e-01, 2.244853e-02, 1.364257e-01, -6.514664e-02, -1.160363e-01, 1.014633e-01, -2.840625e-02, 2.087100e-02, 1.673322e-02, -5.735064e-02, 0.000000e+00, 0.000000e+00, 0.000000e+00, 0.000000e+00;
  -1.691266e-01, 4.324992e-02, 1.470064e-01, -1.184364e-01, -8.643204e-02, 1.626421e-01, -3.084375e-02, 2.725316e-02, 7.000548e-03, -6.449918e-02, 0.000000e+00, 0.000000e+00, 0.000000e+00, 0.000000e+00;
  -1.969141e-01, 6.989698e-02, 1.472925e-01, -1.744634e-01, -2.343682e-02, 1.911018e-01, -3.328125e-02, 3.436099e-02, -7.119368e-03, -6.303789e-02, 0.000000e+00, 0.000000e+00, 0.000000e+00, 0.000000e+00;
  -2.268141e-01, 1.030186e-01, 1.332323e-01, -2.240464e-01, 7.029078e-02, 1.601945e-01, -3.571875e-02, 4.219448e-02, -2.620263e-02, -4.890330e-02, 0.000000e+00, 0.000000e+00, 0.000000e+00, 0.000000e+00;
  -2.588266e-01, 1.432437e-01, 1.002744e-01, -2.542344e-01, 1.811301e-01, 5.374686e-02, -3.815625e-02, 5.075364e-02, -5.082534e-02, -1.746017e-02, 0.000000e+00, 0.000000e+00, 0.000000e+00, 0.000000e+00;
  -2.929516e-01, 1.912012e-01, 4.336830e-02, -2.478117e-01, 2.801111e-01, -1.178295e-01, -4.059375e-02, 6.003847e-02, -8.156361e-02, 3.649839e-02, 0.000000e+00, 0.000000e+00, 0.000000e+00, 0.000000e+00;
  -3.291891e-01, 2.475200e-01, -4.303570e-02, -1.828022e-01, 3.179367e-01, -2.953164e-01, -4.303125e-02, 7.004896e-02, -1.189935e-01, 1.187510e-01, 0.000000e+00, 0.000000e+00, 0.000000e+00, 0.000000e+00;
  -3.675391e-01, 3.128290e-01, -1.649867e-01, -3.197379e-02, 2.194154e-01, -3.415348e-01, -4.546875e-02, 8.078513e-02, -1.636912e-01, 2.356480e-01, 0.000000e+00, 0.000000e+00, 0.000000e+00, 0.000000e+00;
  -4.080016e-01, 3.877572e-01, -3.290331e-01, 2.376569e-01, -1.226964e-01, -4.440050e-03, -4.790625e-02, 9.224696e-02, -2.162327e-01, 3.941114e-01, 0.000000e+00, 0.000000e+00, 0.000000e+00, 0.000000e+00;
];
