function K = Kcrd_3(p)
% Auto-generated constant matrix
K = zeros(20,14);
K = [
  -4.250000e-02, -3.836355e-02, -2.666992e-02, -9.450177e-03, 1.027949e-02, 2.901061e-02, 0.000000e+00, 0.000000e+00, 0.000000e+00, 0.000000e+00, 0.000000e+00, 0.000000e+00, 0.000000e+00, 0.000000e+00;
  -1.075000e-01, -8.103531e-02, -1.322373e-02, 6.593954e-02, 1.204319e-01, 1.233222e-01, 0.000000e+00, 0.000000e+00, 0.000000e+00, 0.000000e+00, 0.000000e+00, 0.000000e+00, 0.000000e+00, 0.000000e+00;
  -1.725000e-01, -1.043559e-01, 5.221942e-02, 1.851641e-01, 1.928223e-01, 5.414902e-02, 0.000000e+00, 0.000000e+00, 0.000000e+00, 0.000000e+00, 0.000000e+00, 0.000000e+00, 0.000000e+00, 0.000000e+00;
  -2.375000e-01, -1.083254e-01, 1.542968e-01, 2.888835e-01, 1.385070e-01, -1.923793e-01, 0.000000e+00, 0.000000e+00, 0.000000e+00, 0.000000e+00, 0.000000e+00, 0.000000e+00, 0.000000e+00, 0.000000e+00;
  -3.025000e-01, -9.294370e-02, 2.776457e-01, 3.330031e-01, -5.767451e-02, -4.853205e-01, 0.000000e+00, 0.000000e+00, 0.000000e+00, 0.000000e+00, 0.000000e+00, 0.000000e+00, 0.000000e+00, 0.000000e+00;
  -3.675000e-01, -5.821088e-02, 4.069033e-01, 2.886738e-01, -3.552541e-01, -6.509193e-01, 0.000000e+00, 0.000000e+00, 0.000000e+00, 0.000000e+00, 0.000000e+00, 0.000000e+00, 0.000000e+00, 0.000000e+00;
  -4.325000e-01, -4.126908e-03, 5.267069e-01, 1.422919e-01, -6.762902e-01, -5.493852e-01, 0.000000e+00, 0.000000e+00, 0.000000e+00, 0.000000e+00, 0.000000e+00, 0.000000e+00, 0.000000e+00, 0.000000e+00;
  -4.975000e-01, 6.930821e-02, 6.216938e-01, -1.045006e-01, -9.235223e-01, -1.264463e-01, 0.000000e+00, 0.000000e+00, 0.000000e+00, 0.000000e+00, 0.000000e+00, 0.000000e+00, 0.000000e+00, 0.000000e+00;
  -5.625000e-01, 1.620945e-01, 6.765012e-01, -4.348167e-01, -9.985264e-01, 5.603185e-01, 0.000000e+00, 0.000000e+00, 0.000000e+00, 0.000000e+00, 0.000000e+00, 0.000000e+00, 0.000000e+00, 0.000000e+00;
  -6.275000e-01, 2.742319e-01, 6.757664e-01, -8.165234e-01, -8.198694e-01, 1.340372e+00, 0.000000e+00, 0.000000e+00, 0.000000e+00, 0.000000e+00, 0.000000e+00, 0.000000e+00, 0.000000e+00, 0.000000e+00;
  -6.925000e-01, 4.057204e-01, 6.041267e-01, -1.202243e+00, -3.412644e-01, 1.954330e+00, 0.000000e+00, 0.000000e+00, 0.000000e+00, 0.000000e+00, 0.000000e+00, 0.000000e+00, 0.000000e+00, 0.000000e+00;
  -7.575000e-01, 5.565601e-01, 4.462192e-01, -1.529350e+00, 4.302746e-01, 2.103303e+00, 0.000000e+00, 0.000000e+00, 0.000000e+00, 0.000000e+00, 0.000000e+00, 0.000000e+00, 0.000000e+00, 0.000000e+00;
  -8.225000e-01, 7.267510e-01, 1.866813e-01, -1.719978e+00, 1.416278e+00, 1.523451e+00, 0.000000e+00, 0.000000e+00, 0.000000e+00, 0.000000e+00, 0.000000e+00, 0.000000e+00, 0.000000e+00, 0.000000e+00;
  -8.875000e-01, 9.162929e-01, -1.898498e-01, -1.681011e+00, 2.448665e+00, 8.577125e-02, 0.000000e+00, 0.000000e+00, 0.000000e+00, 0.000000e+00, 0.000000e+00, 0.000000e+00, 0.000000e+00, 0.000000e+00;
  -9.525000e-01, 1.125186e+00, -6.987368e-01, -1.304088e+00, 3.251589e+00, -2.078902e+00, 0.000000e+00, 0.000000e+00, 0.000000e+00, 0.000000e+00, 0.000000e+00, 0.000000e+00, 0.000000e+00, 0.000000e+00;
  -1.017500e+00, 1.353430e+00, -1.355342e+00, -4.656046e-01, 3.423283e+00, -4.429664e+00, 0.000000e+00, 0.000000e+00, 0.000000e+00, 0.000000e+00, 0.000000e+00, 0.000000e+00, 0.000000e+00, 0.000000e+00;
  -1.082500e+00, 1.601026e+00, -2.175030e+00, 9.732904e-01, 2.417905e+00, -5.840090e+00, 0.000000e+00, 0.000000e+00, 0.000000e+00, 0.000000e+00, 0.000000e+00, 0.000000e+00, 0.000000e+00, 0.000000e+00;
  -1.147500e+00, 1.867972e+00, -3.173161e+00, 3.166694e+00, -4.726169e-01, -4.397563e+00, 0.000000e+00, 0.000000e+00, 0.000000e+00, 0.000000e+00, 0.000000e+00, 0.000000e+00, 0.000000e+00, 0.000000e+00;
  -1.212500e+00, 2.154270e+00, -4.365099e+00, 6.283947e+00, -6.136742e+00, 2.822627e+00, 0.000000e+00, 0.000000e+00, 0.000000e+00, 0.000000e+00, 0.000000e+00, 0.000000e+00, 0.000000e+00, 0.000000e+00;
  -1.277500e+00, 2.459919e+00, -5.766207e+00, 1.050964e+01, -1.566147e+01, 2.000840e+01, 0.000000e+00, 0.000000e+00, 0.000000e+00, 0.000000e+00, 0.000000e+00, 0.000000e+00, 0.000000e+00, 0.000000e+00;
];
