function K = Kcrd_3(p)
% Auto-generated constant matrix
K = zeros(20,14);
K = [
  -3.275000e-02, -3.029375e-02, -2.325250e-02, -1.256781e-02, 3.225875e-04, 1.366551e-02, 0.000000e+00, 0.000000e+00, 0.000000e+00, 0.000000e+00, 0.000000e+00, 0.000000e+00, 0.000000e+00, 0.000000e+00;
  -9.825000e-02, -7.614375e-02, -1.866750e-02, 5.096719e-02, 1.039338e-01, 1.168195e-01, 0.000000e+00, 0.000000e+00, 0.000000e+00, 0.000000e+00, 0.000000e+00, 0.000000e+00, 0.000000e+00, 0.000000e+00;
  -1.637500e-01, -1.023437e-01, 4.093750e-02, 1.688672e-01, 1.893359e-01, 7.547852e-02, 0.000000e+00, 0.000000e+00, 0.000000e+00, 0.000000e+00, 0.000000e+00, 0.000000e+00, 0.000000e+00, 0.000000e+00;
  -2.292500e-01, -1.088937e-01, 1.398425e-01, 2.782522e-01, 1.535631e-01, -1.550022e-01, 0.000000e+00, 0.000000e+00, 0.000000e+00, 0.000000e+00, 0.000000e+00, 0.000000e+00, 0.000000e+00, 0.000000e+00;
  -2.947500e-01, -9.579375e-02, 2.623275e-01, 3.319622e-01, -2.775071e-02, -4.537359e-01, 0.000000e+00, 0.000000e+00, 0.000000e+00, 0.000000e+00, 0.000000e+00, 0.000000e+00, 0.000000e+00, 0.000000e+00;
  -3.602500e-01, -6.304375e-02, 3.926725e-01, 2.985572e-01, -3.192355e-01, -6.437154e-01, 0.000000e+00, 0.000000e+00, 0.000000e+00, 0.000000e+00, 0.000000e+00, 0.000000e+00, 0.000000e+00, 0.000000e+00;
  -4.257500e-01, -1.064375e-02, 5.151575e-01, 1.623172e-01, -6.446494e-01, -5.748147e-01, 0.000000e+00, 0.000000e+00, 0.000000e+00, 0.000000e+00, 0.000000e+00, 0.000000e+00, 0.000000e+00, 0.000000e+00;
  -4.912500e-01, 6.140625e-02, 6.140625e-01, -7.675781e-02, -9.057422e-01, -1.803809e-01, 0.000000e+00, 0.000000e+00, 0.000000e+00, 0.000000e+00, 0.000000e+00, 0.000000e+00, 0.000000e+00, 0.000000e+00;
  -5.567500e-01, 1.531063e-01, 6.736675e-01, -4.029478e-01, -1.001120e+00, 4.925832e-01, 0.000000e+00, 0.000000e+00, 0.000000e+00, 0.000000e+00, 0.000000e+00, 0.000000e+00, 0.000000e+00, 0.000000e+00;
  -6.222500e-01, 2.644563e-01, 6.782525e-01, -7.848128e-01, -8.451088e-01, 1.279646e+00, 0.000000e+00, 0.000000e+00, 0.000000e+00, 0.000000e+00, 0.000000e+00, 0.000000e+00, 0.000000e+00, 0.000000e+00;
  -6.877500e-01, 3.954563e-01, 6.120975e-01, -1.175193e+00, -3.866187e-01, 1.921586e+00, 0.000000e+00, 0.000000e+00, 0.000000e+00, 0.000000e+00, 0.000000e+00, 0.000000e+00, 0.000000e+00, 0.000000e+00;
  -7.532500e-01, 5.461063e-01, 4.594825e-01, -1.511208e+00, 3.719925e-01, 2.113433e+00, 0.000000e+00, 0.000000e+00, 0.000000e+00, 0.000000e+00, 0.000000e+00, 0.000000e+00, 0.000000e+00, 0.000000e+00;
  -8.187500e-01, 7.164063e-01, 2.046875e-01, -1.714258e+00, 1.356055e+00, 1.579932e+00, 0.000000e+00, 0.000000e+00, 0.000000e+00, 0.000000e+00, 0.000000e+00, 0.000000e+00, 0.000000e+00, 0.000000e+00;
  -8.842500e-01, 9.063562e-01, -1.680075e-01, -1.690023e+00, 2.399722e+00, 1.774004e-01, 0.000000e+00, 0.000000e+00, 0.000000e+00, 0.000000e+00, 0.000000e+00, 0.000000e+00, 0.000000e+00, 0.000000e+00;
  -9.497500e-01, 1.115956e+00, -6.743225e-01, -1.328463e+00, 3.227108e+00, -1.977990e+00, 0.000000e+00, 0.000000e+00, 0.000000e+00, 0.000000e+00, 0.000000e+00, 0.000000e+00, 0.000000e+00, 0.000000e+00;
  -1.015250e+00, 1.345206e+00, -1.329977e+00, -5.038178e-01, 3.433423e+00, -4.355532e+00, 0.000000e+00, 0.000000e+00, 0.000000e+00, 0.000000e+00, 0.000000e+00, 0.000000e+00, 0.000000e+00, 0.000000e+00;
  -1.080750e+00, 1.594106e+00, -2.150693e+00, 9.253922e-01, 2.466109e+00, -5.828887e+00, 0.000000e+00, 0.000000e+00, 0.000000e+00, 0.000000e+00, 0.000000e+00, 0.000000e+00, 0.000000e+00, 0.000000e+00;
  -1.146250e+00, 1.862656e+00, -3.152187e+00, 3.116367e+00, -3.940234e-01, -4.468584e+00, 0.000000e+00, 0.000000e+00, 0.000000e+00, 0.000000e+00, 0.000000e+00, 0.000000e+00, 0.000000e+00, 0.000000e+00;
  -1.211750e+00, 2.150856e+00, -4.350182e+00, 6.242027e+00, -6.051661e+00, 2.691900e+00, 0.000000e+00, 0.000000e+00, 0.000000e+00, 0.000000e+00, 0.000000e+00, 0.000000e+00, 0.000000e+00, 0.000000e+00;
  -1.277250e+00, 2.458706e+00, -5.760398e+00, 1.049101e+01, -1.561585e+01, 1.991646e+01, 0.000000e+00, 0.000000e+00, 0.000000e+00, 0.000000e+00, 0.000000e+00, 0.000000e+00, 0.000000e+00, 0.000000e+00;
];
