function K = u_ind(p)
% Auto-generated constant matrix
K = zeros(19,19);
K = [
  2.349677e-01, -9.391129e-02, -2.249955e-02, -1.041132e-02, -6.037093e-03, -3.948488e-03, -2.786153e-03, -2.072038e-03, -1.601638e-03, -1.275264e-03, -1.039513e-03, -8.636512e-04, -7.289645e-04, -6.235224e-04, -5.394259e-04, -4.712751e-04, -4.152769e-04, -3.687030e-04, -3.295504e-04;
  -5.304591e-02, 2.106170e-01, -7.924856e-02, -1.793033e-02, -8.399234e-03, -4.974203e-03, -3.319036e-03, -2.382752e-03, -1.798060e-03, -1.407090e-03, -1.132159e-03, -9.311894e-04, -7.796863e-04, -6.625663e-04, -5.701116e-04, -4.958235e-04, -4.352187e-04, -3.851205e-04, -3.432263e-04;
  2.681669e-03, -8.064081e-02, 2.177588e-01, -7.633313e-02, -1.647294e-02, -7.571025e-03, -4.460046e-03, -2.978545e-03, -2.145883e-03, -1.626760e-03, -1.279265e-03, -1.034279e-03, -8.545975e-04, -7.186383e-04, -6.131298e-04, -5.295220e-04, -4.620918e-04, -4.068843e-04, -3.610917e-04;
  8.238825e-03, -1.932656e-02, -7.674045e-02, 2.196613e-01, -7.527855e-02, -1.583268e-02, -7.155106e-03, -4.175445e-03, -2.775629e-03, -1.996316e-03, -1.513450e-03, -1.191428e-03, -9.648462e-04, -7.987840e-04, -6.731138e-04, -5.755203e-04, -4.980988e-04, -4.355725e-04, -3.843017e-04;
  8.892631e-03, -9.593318e-03, -1.698128e-02, -7.544962e-02, 2.204364e-01, -7.478107e-02, -1.549620e-02, -6.917772e-03, -4.002215e-03, -2.645550e-03, -1.896282e-03, -1.434943e-03, -1.128730e-03, -9.140068e-04, -7.570081e-04, -6.383798e-04, -5.463378e-04, -4.733501e-04, -4.144066e-04;
  8.539182e-03, -5.965794e-03, -8.077592e-03, -1.607176e-02, -7.486848e-02, 2.208270e-01, -7.450748e-02, -1.529790e-02, -6.769867e-03, -3.889194e-03, -2.557377e-03, -1.826250e-03, -1.378447e-03, -1.082524e-03, -8.757565e-04, -7.250005e-04, -6.113363e-04, -5.232893e-04, -4.535515e-04;
  7.962715e-03, -4.142376e-03, -4.930947e-03, -7.415146e-03, -1.562712e-02, -7.455801e-02, 2.210511e-01, -7.434107e-02, -1.517132e-02, -6.671571e-03, -3.811467e-03, -2.494936e-03, -1.775386e-03, -1.336499e-03, -1.047546e-03, -8.463009e-04, -6.999743e-04, -5.899015e-04, -5.047957e-04;
  7.370833e-03, -3.072019e-03, -3.404924e-03, -4.434598e-03, -7.068473e-03, -1.537720e-02, -7.437287e-02, 2.211915e-01, -7.423237e-02, -1.508565e-02, -6.602968e-03, -3.755763e-03, -2.449139e-03, -1.737313e-03, -1.304529e-03, -1.020457e-03, -8.231600e-04, -6.800578e-04, -5.726432e-04;
  6.822208e-03, -2.381106e-03, -2.528174e-03, -3.023940e-03, -4.159653e-03, -6.864851e-03, -1.522294e-02, -7.425366e-02, 2.212853e-01, -7.415747e-02, -1.502498e-02, -6.553210e-03, -3.714498e-03, -2.414572e-03, -1.708091e-03, -1.279621e-03, -9.990665e-04, -8.046625e-04, -6.639607e-04;
  6.330292e-03, -1.905480e-03, -1.968643e-03, -2.229635e-03, -2.802525e-03, -3.991860e-03, -6.735239e-03, -1.512111e-02, -7.417242e-02, 2.213510e-01, -7.410368e-02, -1.498045e-02, -6.515982e-03, -3.683087e-03, -2.387848e-03, -1.685184e-03, -1.259848e-03, -9.818887e-04, -7.896519e-04;
  5.893968e-03, -1.562411e-03, -1.585282e-03, -1.730503e-03, -2.048879e-03, -2.662803e-03, -3.882077e-03, -6.647701e-03, -1.505037e-02, -7.411458e-02, 2.213988e-01, -7.406375e-02, -1.494681e-02, -6.487407e-03, -3.658629e-03, -2.366768e-03, -1.666898e-03, -1.243893e-03, -9.678906e-04;
  5.507704e-03, -1.305994e-03, -1.308894e-03, -1.392358e-03, -1.581132e-03, -1.931410e-03, -2.569109e-03, -3.806381e-03, -6.585830e-03, -1.499926e-02, -7.407194e-02, 2.214347e-01, -7.403331e-02, -1.492078e-02, -6.464999e-03, -3.639215e-03, -2.349850e-03, -1.652073e-03, -1.230836e-03;
  5.165106e-03, -1.108876e-03, -1.101858e-03, -1.150468e-03, -1.267569e-03, -1.481501e-03, -1.850879e-03, -2.503279e-03, -3.752010e-03, -6.540495e-03, -1.496113e-02, -7.403961e-02, 2.214623e-01, -7.400956e-02, -1.490023e-02, -6.447103e-03, -3.623550e-03, -2.336067e-03, -1.639889e-03;
  4.860141e-03, -9.538427e-04, -9.420883e-04, -9.701980e-04, -1.045189e-03, -1.182385e-03, -1.411826e-03, -1.793317e-03, -2.455285e-03, -3.711652e-03, -6.506291e-03, -1.493193e-02, -7.401451e-02, 2.214840e-01, -7.399067e-02, -1.488371e-02, -6.432586e-03, -3.610727e-03, -2.324691e-03;
  4.587509e-03, -8.295702e-04, -8.158203e-04, -8.315042e-04, -8.805908e-04, -9.718201e-04, -1.121732e-03, -1.361235e-03, -1.750771e-03, -2.419230e-03, -3.680880e-03, -6.479853e-03, -1.490908e-02, -7.399464e-02, 2.215013e-01, -7.397542e-02, -1.487024e-02, -6.420647e-03, -3.600099e-03;
  4.342682e-03, -7.283424e-04, -7.140615e-04, -7.220538e-04, -7.546235e-04, -8.169695e-04, -9.187178e-04, -1.077054e-03, -1.323366e-03, -1.718450e-03, -2.391464e-03, -3.656884e-03, -6.458998e-03, -1.489085e-02, -7.397864e-02, 2.215155e-01, -7.396291e-02, -1.485912e-02, -6.410710e-03;
  4.121841e-03, -6.447415e-04, -6.307055e-04, -6.338752e-04, -6.556111e-04, -6.991117e-04, -7.702316e-04, -8.790830e-04, -1.043216e-03, -1.294295e-03, -1.693326e-03, -2.369632e-03, -3.637813e-03, -6.442257e-03, -1.487609e-02, -7.396557e-02, 2.215271e-01, -7.395253e-02, -1.484982e-02;
  3.921778e-03, -5.748661e-04, -5.614717e-04, -5.616033e-04, -5.760714e-04, -6.068974e-04, -6.577721e-04, -7.349204e-04, -8.487360e-04, -1.016985e-03, -1.271499e-03, -1.673414e-03, -2.352156e-03, -3.622406e-03, -6.428616e-03, -1.486397e-02, -7.395475e-02, 2.215368e-01, -7.394383e-02;
  3.739794e-03, -5.158459e-04, -5.032775e-04, -5.015046e-04, -5.110092e-04, -5.330971e-04, -5.701643e-04, -6.261867e-04, -7.076093e-04, -8.249961e-04, -9.962469e-04, -1.253298e-03, -1.657369e-03, -2.337952e-03, -3.609782e-03, -6.417355e-03, -1.485388e-02, -7.394569e-02, 2.215449e-01;
];
