function K = massModel_dir_2(p)
% Auto-generated constant matrix
K = zeros(14,1);
K = [
  0.000000e+00;
  0.000000e+00;
  0.000000e+00;
  0.000000e+00;
  0.000000e+00;
  0.000000e+00;
  1.041417e-01;
  -5.068309e-02;
  -2.400819e-02;
  3.448594e-02;
  0.000000e+00;
  0.000000e+00;
  0.000000e+00;
  0.000000e+00;
];
