function K = massModel_dir_1(p)
% Auto-generated constant matrix
K = zeros(14,1);
K = [
  1.041417e-01;
  -5.068309e-02;
  -2.400819e-02;
  3.448594e-02;
  -1.781109e-02;
  1.107555e-02;
  0.000000e+00;
  0.000000e+00;
  0.000000e+00;
  0.000000e+00;
  -4.015875e-04;
  2.057474e-04;
  1.923289e-05;
  -5.914358e-05;
];
