function K = massModel_dir_1(p)
% Auto-generated constant matrix
K = zeros(14,1);
K = [
  1.041417e-01;
  -5.068309e-02;
  -2.400819e-02;
  3.448594e-02;
  -1.781109e-02;
  1.107555e-02;
  0.000000e+00;
  0.000000e+00;
  0.000000e+00;
  0.000000e+00;
  -7.228875e-04;
  2.459795e-04;
  2.341012e-04;
  -1.533663e-04;
];
