function K = Lif_proj1(p)
% Auto-generated constant matrix
K = zeros(1,12,19,12);
K(:,:,1,1) = [
  0.000000e+00, 0.000000e+00, 0.000000e+00, 0.000000e+00, 0.000000e+00, 0.000000e+00, 0.000000e+00, 0.000000e+00, 0.000000e+00, 0.000000e+00, 0.000000e+00, 0.000000e+00;
];
K(:,:,1,2) = [
  0.000000e+00, 0.000000e+00, 0.000000e+00, 0.000000e+00, 0.000000e+00, 0.000000e+00, 0.000000e+00, 0.000000e+00, 0.000000e+00, 0.000000e+00, 0.000000e+00, 0.000000e+00;
];
K(:,:,1,3) = [
  0.000000e+00, 0.000000e+00, 0.000000e+00, 0.000000e+00, 0.000000e+00, 0.000000e+00, 0.000000e+00, 0.000000e+00, 0.000000e+00, 0.000000e+00, 0.000000e+00, 0.000000e+00;
];
K(:,:,1,4) = [
  0.000000e+00, 0.000000e+00, 0.000000e+00, 0.000000e+00, 0.000000e+00, 0.000000e+00, 0.000000e+00, 0.000000e+00, 0.000000e+00, 0.000000e+00, 0.000000e+00, 0.000000e+00;
];
K(:,:,1,5) = [
  1.166240e+00, 1.074169e+00, 8.108762e-01, 4.134295e-01, 0.000000e+00, 0.000000e+00, 0.000000e+00, 0.000000e+00, -9.784878e-02, -9.269885e-02, -7.779114e-02, -5.469489e-02;
];
K(:,:,1,6) = [
  1.074169e+00, 9.893658e-01, 7.468596e-01, 3.807904e-01, 0.000000e+00, 0.000000e+00, 0.000000e+00, 0.000000e+00, -9.269885e-02, -8.781996e-02, -7.369687e-02, -5.181621e-02;
];
K(:,:,1,7) = [
  8.108762e-01, 7.468596e-01, 5.637948e-01, 2.874538e-01, 0.000000e+00, 0.000000e+00, 0.000000e+00, 0.000000e+00, -7.779114e-02, -7.369687e-02, -6.184503e-02, -4.348319e-02;
];
K(:,:,1,8) = [
  4.134295e-01, 3.807904e-01, 2.874538e-01, 1.465598e-01, 0.000000e+00, 0.000000e+00, 0.000000e+00, 0.000000e+00, -5.469489e-02, -5.181621e-02, -4.348319e-02, -3.057300e-02;
];
K(:,:,1,9) = [
  0.000000e+00, 0.000000e+00, 0.000000e+00, 0.000000e+00, 0.000000e+00, 0.000000e+00, 0.000000e+00, 0.000000e+00, 0.000000e+00, 0.000000e+00, 0.000000e+00, 0.000000e+00;
];
K(:,:,1,10) = [
  0.000000e+00, 0.000000e+00, 0.000000e+00, 0.000000e+00, 0.000000e+00, 0.000000e+00, 0.000000e+00, 0.000000e+00, 0.000000e+00, 0.000000e+00, 0.000000e+00, 0.000000e+00;
];
K(:,:,1,11) = [
  0.000000e+00, 0.000000e+00, 0.000000e+00, 0.000000e+00, 0.000000e+00, 0.000000e+00, 0.000000e+00, 0.000000e+00, 0.000000e+00, 0.000000e+00, 0.000000e+00, 0.000000e+00;
];
K(:,:,1,12) = [
  0.000000e+00, 0.000000e+00, 0.000000e+00, 0.000000e+00, 0.000000e+00, 0.000000e+00, 0.000000e+00, 0.000000e+00, 0.000000e+00, 0.000000e+00, 0.000000e+00, 0.000000e+00;
];
K(:,:,2,1) = [
  0.000000e+00, 0.000000e+00, 0.000000e+00, 0.000000e+00, 0.000000e+00, 0.000000e+00, 0.000000e+00, 0.000000e+00, 0.000000e+00, 0.000000e+00, 0.000000e+00, 0.000000e+00;
];
K(:,:,2,2) = [
  0.000000e+00, 0.000000e+00, 0.000000e+00, 0.000000e+00, 0.000000e+00, 0.000000e+00, 0.000000e+00, 0.000000e+00, 0.000000e+00, 0.000000e+00, 0.000000e+00, 0.000000e+00;
];
K(:,:,2,3) = [
  0.000000e+00, 0.000000e+00, 0.000000e+00, 0.000000e+00, 0.000000e+00, 0.000000e+00, 0.000000e+00, 0.000000e+00, 0.000000e+00, 0.000000e+00, 0.000000e+00, 0.000000e+00;
];
K(:,:,2,4) = [
  0.000000e+00, 0.000000e+00, 0.000000e+00, 0.000000e+00, 0.000000e+00, 0.000000e+00, 0.000000e+00, 0.000000e+00, 0.000000e+00, 0.000000e+00, 0.000000e+00, 0.000000e+00;
];
K(:,:,2,5) = [
  5.762060e+00, 4.397361e+00, 8.778761e-01, -3.299386e+00, 0.000000e+00, 0.000000e+00, 0.000000e+00, 0.000000e+00, -2.641917e+00, -2.224772e+00, -1.105068e+00, 3.636055e-01;
];
K(:,:,2,6) = [
  4.397361e+00, 3.355881e+00, 6.699581e-01, -2.517953e+00, 0.000000e+00, 0.000000e+00, 0.000000e+00, 0.000000e+00, -2.224772e+00, -1.873493e+00, -9.305835e-01, 3.061941e-01;
];
K(:,:,2,7) = [
  8.778761e-01, 6.699581e-01, 1.337484e-01, -5.026765e-01, 0.000000e+00, 0.000000e+00, 0.000000e+00, 0.000000e+00, -1.105068e+00, -9.305835e-01, -4.622306e-01, 1.520898e-01;
];
K(:,:,2,8) = [
  -3.299386e+00, -2.517953e+00, -5.026765e-01, 1.889246e+00, 0.000000e+00, 0.000000e+00, 0.000000e+00, 0.000000e+00, 3.636055e-01, 3.061941e-01, 1.520898e-01, -5.004280e-02;
];
K(:,:,2,9) = [
  0.000000e+00, 0.000000e+00, 0.000000e+00, 0.000000e+00, 0.000000e+00, 0.000000e+00, 0.000000e+00, 0.000000e+00, 0.000000e+00, 0.000000e+00, 0.000000e+00, 0.000000e+00;
];
K(:,:,2,10) = [
  0.000000e+00, 0.000000e+00, 0.000000e+00, 0.000000e+00, 0.000000e+00, 0.000000e+00, 0.000000e+00, 0.000000e+00, 0.000000e+00, 0.000000e+00, 0.000000e+00, 0.000000e+00;
];
K(:,:,2,11) = [
  0.000000e+00, 0.000000e+00, 0.000000e+00, 0.000000e+00, 0.000000e+00, 0.000000e+00, 0.000000e+00, 0.000000e+00, 0.000000e+00, 0.000000e+00, 0.000000e+00, 0.000000e+00;
];
K(:,:,2,12) = [
  0.000000e+00, 0.000000e+00, 0.000000e+00, 0.000000e+00, 0.000000e+00, 0.000000e+00, 0.000000e+00, 0.000000e+00, 0.000000e+00, 0.000000e+00, 0.000000e+00, 0.000000e+00;
];
K(:,:,3,1) = [
  0.000000e+00, 0.000000e+00, 0.000000e+00, 0.000000e+00, 0.000000e+00, 0.000000e+00, 0.000000e+00, 0.000000e+00, 0.000000e+00, 0.000000e+00, 0.000000e+00, 0.000000e+00;
];
K(:,:,3,2) = [
  0.000000e+00, 0.000000e+00, 0.000000e+00, 0.000000e+00, 0.000000e+00, 0.000000e+00, 0.000000e+00, 0.000000e+00, 0.000000e+00, 0.000000e+00, 0.000000e+00, 0.000000e+00;
];
K(:,:,3,3) = [
  0.000000e+00, 0.000000e+00, 0.000000e+00, 0.000000e+00, 0.000000e+00, 0.000000e+00, 0.000000e+00, 0.000000e+00, 0.000000e+00, 0.000000e+00, 0.000000e+00, 0.000000e+00;
];
K(:,:,3,4) = [
  0.000000e+00, 0.000000e+00, 0.000000e+00, 0.000000e+00, 0.000000e+00, 0.000000e+00, 0.000000e+00, 0.000000e+00, 0.000000e+00, 0.000000e+00, 0.000000e+00, 0.000000e+00;
];
K(:,:,3,5) = [
  1.463161e+01, 8.855974e+00, -4.417854e+00, -1.569714e+01, 0.000000e+00, 0.000000e+00, 0.000000e+00, 0.000000e+00, -1.223110e+01, -9.012388e+00, -1.050316e+00, 7.464554e+00;
];
K(:,:,3,6) = [
  8.855974e+00, 5.360195e+00, -2.673964e+00, -9.500901e+00, 0.000000e+00, 0.000000e+00, 0.000000e+00, 0.000000e+00, -9.012388e+00, -6.640707e+00, -7.739170e-01, 5.500198e+00;
];
K(:,:,3,7) = [
  -4.417854e+00, -2.673964e+00, 1.333923e+00, 4.739580e+00, 0.000000e+00, 0.000000e+00, 0.000000e+00, 0.000000e+00, -1.050316e+00, -7.739170e-01, -9.019333e-02, 6.410005e-01;
];
K(:,:,3,8) = [
  -1.569714e+01, -9.500901e+00, 4.739580e+00, 1.684027e+01, 0.000000e+00, 0.000000e+00, 0.000000e+00, 0.000000e+00, 7.464554e+00, 5.500198e+00, 6.410005e-01, -4.555565e+00;
];
K(:,:,3,9) = [
  0.000000e+00, 0.000000e+00, 0.000000e+00, 0.000000e+00, 0.000000e+00, 0.000000e+00, 0.000000e+00, 0.000000e+00, 0.000000e+00, 0.000000e+00, 0.000000e+00, 0.000000e+00;
];
K(:,:,3,10) = [
  0.000000e+00, 0.000000e+00, 0.000000e+00, 0.000000e+00, 0.000000e+00, 0.000000e+00, 0.000000e+00, 0.000000e+00, 0.000000e+00, 0.000000e+00, 0.000000e+00, 0.000000e+00;
];
K(:,:,3,11) = [
  0.000000e+00, 0.000000e+00, 0.000000e+00, 0.000000e+00, 0.000000e+00, 0.000000e+00, 0.000000e+00, 0.000000e+00, 0.000000e+00, 0.000000e+00, 0.000000e+00, 0.000000e+00;
];
K(:,:,3,12) = [
  0.000000e+00, 0.000000e+00, 0.000000e+00, 0.000000e+00, 0.000000e+00, 0.000000e+00, 0.000000e+00, 0.000000e+00, 0.000000e+00, 0.000000e+00, 0.000000e+00, 0.000000e+00;
];
K(:,:,4,1) = [
  0.000000e+00, 0.000000e+00, 0.000000e+00, 0.000000e+00, 0.000000e+00, 0.000000e+00, 0.000000e+00, 0.000000e+00, 0.000000e+00, 0.000000e+00, 0.000000e+00, 0.000000e+00;
];
K(:,:,4,2) = [
  0.000000e+00, 0.000000e+00, 0.000000e+00, 0.000000e+00, 0.000000e+00, 0.000000e+00, 0.000000e+00, 0.000000e+00, 0.000000e+00, 0.000000e+00, 0.000000e+00, 0.000000e+00;
];
K(:,:,4,3) = [
  0.000000e+00, 0.000000e+00, 0.000000e+00, 0.000000e+00, 0.000000e+00, 0.000000e+00, 0.000000e+00, 0.000000e+00, 0.000000e+00, 0.000000e+00, 0.000000e+00, 0.000000e+00;
];
K(:,:,4,4) = [
  0.000000e+00, 0.000000e+00, 0.000000e+00, 0.000000e+00, 0.000000e+00, 0.000000e+00, 0.000000e+00, 0.000000e+00, 0.000000e+00, 0.000000e+00, 0.000000e+00, 0.000000e+00;
];
K(:,:,4,5) = [
  2.598469e+01, 1.162473e+01, -1.734712e+01, -3.160101e+01, 0.000000e+00, 0.000000e+00, 0.000000e+00, 0.000000e+00, -3.356213e+01, -2.119714e+01, 6.786803e+00, 2.976994e+01;
];
