function K = DW0t_2(p)
% Auto-generated constant matrix
K = zeros(1,12,20,12);
K(:,:,1,1) = [
  0.000000e+00, 0.000000e+00, 0.000000e+00, 0.000000e+00, 0.000000e+00, 0.000000e+00, 0.000000e+00, 0.000000e+00, 0.000000e+00, 0.000000e+00, 0.000000e+00, 0.000000e+00;
];
K(:,:,1,2) = [
  0.000000e+00, 0.000000e+00, 0.000000e+00, 0.000000e+00, 0.000000e+00, 0.000000e+00, 0.000000e+00, 0.000000e+00, 0.000000e+00, 0.000000e+00, 0.000000e+00, 0.000000e+00;
];
K(:,:,1,3) = [
  0.000000e+00, 0.000000e+00, 0.000000e+00, 0.000000e+00, 0.000000e+00, 0.000000e+00, 0.000000e+00, 0.000000e+00, 0.000000e+00, 0.000000e+00, 0.000000e+00, 0.000000e+00;
];
K(:,:,1,4) = [
  0.000000e+00, 0.000000e+00, 0.000000e+00, 0.000000e+00, 0.000000e+00, 0.000000e+00, 0.000000e+00, 0.000000e+00, 0.000000e+00, 0.000000e+00, 0.000000e+00, 0.000000e+00;
];
K(:,:,1,5) = [
  0.000000e+00, 0.000000e+00, 0.000000e+00, 0.000000e+00, -2.160900e+00, -1.998832e+00, -1.534239e+00, -8.292454e-01, 0.000000e+00, 0.000000e+00, 0.000000e+00, 0.000000e+00;
];
K(:,:,1,6) = [
  0.000000e+00, 0.000000e+00, 0.000000e+00, 0.000000e+00, -1.998832e+00, -1.848920e+00, -1.419171e+00, -7.670520e-01, 0.000000e+00, 0.000000e+00, 0.000000e+00, 0.000000e+00;
];
K(:,:,1,7) = [
  0.000000e+00, 0.000000e+00, 0.000000e+00, 0.000000e+00, -1.534239e+00, -1.419171e+00, -1.089310e+00, -5.887642e-01, 0.000000e+00, 0.000000e+00, 0.000000e+00, 0.000000e+00;
];
K(:,:,1,8) = [
  0.000000e+00, 0.000000e+00, 0.000000e+00, 0.000000e+00, -8.292454e-01, -7.670520e-01, -5.887642e-01, -3.182229e-01, 0.000000e+00, 0.000000e+00, 0.000000e+00, 0.000000e+00;
];
K(:,:,1,9) = [
  0.000000e+00, 0.000000e+00, 0.000000e+00, 0.000000e+00, 0.000000e+00, 0.000000e+00, 0.000000e+00, 0.000000e+00, -5.402250e-01, -5.132137e-01, -4.348811e-01, -3.130604e-01;
];
K(:,:,1,10) = [
  0.000000e+00, 0.000000e+00, 0.000000e+00, 0.000000e+00, 0.000000e+00, 0.000000e+00, 0.000000e+00, 0.000000e+00, -5.132137e-01, -4.875531e-01, -4.131371e-01, -2.974074e-01;
];
K(:,:,1,11) = [
  0.000000e+00, 0.000000e+00, 0.000000e+00, 0.000000e+00, 0.000000e+00, 0.000000e+00, 0.000000e+00, 0.000000e+00, -4.348811e-01, -4.131371e-01, -3.500793e-01, -2.520136e-01;
];
K(:,:,1,12) = [
  0.000000e+00, 0.000000e+00, 0.000000e+00, 0.000000e+00, 0.000000e+00, 0.000000e+00, 0.000000e+00, 0.000000e+00, -3.130604e-01, -2.974074e-01, -2.520136e-01, -1.814185e-01;
];
K(:,:,2,1) = [
  0.000000e+00, 0.000000e+00, 0.000000e+00, 0.000000e+00, 0.000000e+00, 0.000000e+00, 0.000000e+00, 0.000000e+00, 0.000000e+00, 0.000000e+00, 0.000000e+00, 0.000000e+00;
];
K(:,:,2,2) = [
  0.000000e+00, 0.000000e+00, 0.000000e+00, 0.000000e+00, 0.000000e+00, 0.000000e+00, 0.000000e+00, 0.000000e+00, 0.000000e+00, 0.000000e+00, 0.000000e+00, 0.000000e+00;
];
K(:,:,2,3) = [
  0.000000e+00, 0.000000e+00, 0.000000e+00, 0.000000e+00, 0.000000e+00, 0.000000e+00, 0.000000e+00, 0.000000e+00, 0.000000e+00, 0.000000e+00, 0.000000e+00, 0.000000e+00;
];
K(:,:,2,4) = [
  0.000000e+00, 0.000000e+00, 0.000000e+00, 0.000000e+00, 0.000000e+00, 0.000000e+00, 0.000000e+00, 0.000000e+00, 0.000000e+00, 0.000000e+00, 0.000000e+00, 0.000000e+00;
];
K(:,:,2,5) = [
  0.000000e+00, 0.000000e+00, 0.000000e+00, 0.000000e+00, -1.944810e+01, -1.507228e+01, -3.695139e+00, 1.008870e+01, 0.000000e+00, 0.000000e+00, 0.000000e+00, 0.000000e+00;
];
K(:,:,2,6) = [
  0.000000e+00, 0.000000e+00, 0.000000e+00, 0.000000e+00, -1.507228e+01, -1.168102e+01, -2.863733e+00, 7.818744e+00, 0.000000e+00, 0.000000e+00, 0.000000e+00, 0.000000e+00;
];
K(:,:,2,7) = [
  0.000000e+00, 0.000000e+00, 0.000000e+00, 0.000000e+00, -3.695139e+00, -2.863733e+00, -7.020764e-01, 1.916853e+00, 0.000000e+00, 0.000000e+00, 0.000000e+00, 0.000000e+00;
];
K(:,:,2,8) = [
  0.000000e+00, 0.000000e+00, 0.000000e+00, 0.000000e+00, 1.008870e+01, 7.818744e+00, 1.916853e+00, -5.233514e+00, 0.000000e+00, 0.000000e+00, 0.000000e+00, 0.000000e+00;
];
K(:,:,2,9) = [
  0.000000e+00, 0.000000e+00, 0.000000e+00, 0.000000e+00, 0.000000e+00, 0.000000e+00, 0.000000e+00, 0.000000e+00, -4.862025e+00, -4.132721e+00, -2.163601e+00, 4.545993e-01;
];
K(:,:,2,10) = [
  0.000000e+00, 0.000000e+00, 0.000000e+00, 0.000000e+00, 0.000000e+00, 0.000000e+00, 0.000000e+00, 0.000000e+00, -4.132721e+00, -3.512813e+00, -1.839061e+00, 3.864094e-01;
];
K(:,:,2,11) = [
  0.000000e+00, 0.000000e+00, 0.000000e+00, 0.000000e+00, 0.000000e+00, 0.000000e+00, 0.000000e+00, 0.000000e+00, -2.163601e+00, -1.839061e+00, -9.628025e-01, 2.022967e-01;
];
K(:,:,2,12) = [
  0.000000e+00, 0.000000e+00, 0.000000e+00, 0.000000e+00, 0.000000e+00, 0.000000e+00, 0.000000e+00, 0.000000e+00, 4.545993e-01, 3.864094e-01, 2.022967e-01, -4.250504e-02;
];
K(:,:,3,1) = [
  0.000000e+00, 0.000000e+00, 0.000000e+00, 0.000000e+00, 0.000000e+00, 0.000000e+00, 0.000000e+00, 0.000000e+00, 0.000000e+00, 0.000000e+00, 0.000000e+00, 0.000000e+00;
];
K(:,:,3,2) = [
  0.000000e+00, 0.000000e+00, 0.000000e+00, 0.000000e+00, 0.000000e+00, 0.000000e+00, 0.000000e+00, 0.000000e+00, 0.000000e+00, 0.000000e+00, 0.000000e+00, 0.000000e+00;
];
K(:,:,3,3) = [
  0.000000e+00, 0.000000e+00, 0.000000e+00, 0.000000e+00, 0.000000e+00, 0.000000e+00, 0.000000e+00, 0.000000e+00, 0.000000e+00, 0.000000e+00, 0.000000e+00, 0.000000e+00;
];
K(:,:,3,4) = [
  0.000000e+00, 0.000000e+00, 0.000000e+00, 0.000000e+00, 0.000000e+00, 0.000000e+00, 0.000000e+00, 0.000000e+00, 0.000000e+00, 0.000000e+00, 0.000000e+00, 0.000000e+00;
];
K(:,:,3,5) = [
  0.000000e+00, 0.000000e+00, 0.000000e+00, 0.000000e+00, -5.402250e+01, -3.376406e+01, 1.350563e+01, 5.571070e+01, 0.000000e+00, 0.000000e+00, 0.000000e+00, 0.000000e+00;
];
K(:,:,3,6) = [
  0.000000e+00, 0.000000e+00, 0.000000e+00, 0.000000e+00, -3.376406e+01, -2.110254e+01, 8.441016e+00, 3.481919e+01, 0.000000e+00, 0.000000e+00, 0.000000e+00, 0.000000e+00;
];
K(:,:,3,7) = [
  0.000000e+00, 0.000000e+00, 0.000000e+00, 0.000000e+00, 1.350563e+01, 8.441016e+00, -3.376406e+00, -1.392768e+01, 0.000000e+00, 0.000000e+00, 0.000000e+00, 0.000000e+00;
];
K(:,:,3,8) = [
  0.000000e+00, 0.000000e+00, 0.000000e+00, 0.000000e+00, 5.571070e+01, 3.481919e+01, -1.392768e+01, -5.745166e+01, 0.000000e+00, 0.000000e+00, 0.000000e+00, 0.000000e+00;
];
K(:,:,3,9) = [
  0.000000e+00, 0.000000e+00, 0.000000e+00, 0.000000e+00, 0.000000e+00, 0.000000e+00, 0.000000e+00, 0.000000e+00, -1.350562e+01, -1.012922e+01, -1.688203e+00, 7.596914e+00;
];
K(:,:,3,10) = [
  0.000000e+00, 0.000000e+00, 0.000000e+00, 0.000000e+00, 0.000000e+00, 0.000000e+00, 0.000000e+00, 0.000000e+00, -1.012922e+01, -7.596914e+00, -1.266152e+00, 5.697686e+00;
];
K(:,:,3,11) = [
  0.000000e+00, 0.000000e+00, 0.000000e+00, 0.000000e+00, 0.000000e+00, 0.000000e+00, 0.000000e+00, 0.000000e+00, -1.688203e+00, -1.266152e+00, -2.110254e-01, 9.496143e-01;
];
K(:,:,3,12) = [
  0.000000e+00, 0.000000e+00, 0.000000e+00, 0.000000e+00, 0.000000e+00, 0.000000e+00, 0.000000e+00, 0.000000e+00, 7.596914e+00, 5.697686e+00, 9.496143e-01, -4.273264e+00;
];
K(:,:,4,1) = [
  0.000000e+00, 0.000000e+00, 0.000000e+00, 0.000000e+00, 0.000000e+00, 0.000000e+00, 0.000000e+00, 0.000000e+00, 0.000000e+00, 0.000000e+00, 0.000000e+00, 0.000000e+00;
];
K(:,:,4,2) = [
  0.000000e+00, 0.000000e+00, 0.000000e+00, 0.000000e+00, 0.000000e+00, 0.000000e+00, 0.000000e+00, 0.000000e+00, 0.000000e+00, 0.000000e+00, 0.000000e+00, 0.000000e+00;
];
K(:,:,4,3) = [
  0.000000e+00, 0.000000e+00, 0.000000e+00, 0.000000e+00, 0.000000e+00, 0.000000e+00, 0.000000e+00, 0.000000e+00, 0.000000e+00, 0.000000e+00, 0.000000e+00, 0.000000e+00;
];
K(:,:,4,4) = [
  0.000000e+00, 0.000000e+00, 0.000000e+00, 0.000000e+00, 0.000000e+00, 0.000000e+00, 0.000000e+00, 0.000000e+00, 0.000000e+00, 0.000000e+00, 0.000000e+00, 0.000000e+00;
];
K(:,:,4,5) = [
  0.000000e+00, 0.000000e+00, 0.000000e+00, 0.000000e+00, -1.058841e+02, -5.029495e+01, 6.458930e+01, 1.285168e+02, 0.000000e+00, 0.000000e+00, 0.000000e+00, 0.000000e+00;
];
