function K = massModel(p)
% Auto-generated constant matrix
K = zeros(14,14);
K = [
  2.644565e-02, -1.731529e-02, 3.554475e-04, 8.809369e-03, -8.538123e-03, 5.928247e-03, 0.000000e+00, 0.000000e+00, 0.000000e+00, 0.000000e+00, -1.077131e-04, 7.804251e-05, -2.099729e-05, -1.946206e-05;
  -1.731529e-02, 1.346385e-02, -4.419820e-03, -3.893224e-03, 7.204070e-03, -6.567188e-03, 0.000000e+00, 0.000000e+00, 0.000000e+00, 0.000000e+00, 7.804251e-05, -6.435520e-05, 2.929023e-05, 9.639093e-06;
  3.554475e-04, -4.419820e-03, 9.471103e-03, -6.441202e-03, -1.523949e-03, 6.373561e-03, 0.000000e+00, 0.000000e+00, 0.000000e+00, 0.000000e+00, -2.099729e-05, 2.929023e-05, -3.371882e-05, 1.297944e-05;
  8.809369e-03, -3.893224e-03, -6.441202e-03, 1.217958e-02, -7.789025e-03, -1.198543e-03, 0.000000e+00, 0.000000e+00, 0.000000e+00, 0.000000e+00, -1.946206e-05, 9.639093e-06, 1.297944e-05, -2.724162e-05;
  -8.538123e-03, 7.204070e-03, -1.523949e-03, -7.789025e-03, 1.294277e-02, -8.396118e-03, 0.000000e+00, 0.000000e+00, 0.000000e+00, 0.000000e+00, 4.027548e-05, -3.577284e-05, 1.611630e-05, 1.879423e-05;
  5.928247e-03, -6.567188e-03, 6.373561e-03, -1.198543e-03, -8.396118e-03, 1.416585e-02, 0.000000e+00, 0.000000e+00, 0.000000e+00, 0.000000e+00, -5.208362e-05, 4.675268e-05, -2.995805e-05, -1.422729e-06;
  0.000000e+00, 0.000000e+00, 0.000000e+00, 0.000000e+00, 0.000000e+00, 0.000000e+00, 2.713000e-02, -1.815787e-02, 1.392719e-03, 7.822936e-03, 0.000000e+00, 0.000000e+00, 0.000000e+00, 0.000000e+00;
  0.000000e+00, 0.000000e+00, 0.000000e+00, 0.000000e+00, 0.000000e+00, 0.000000e+00, -1.815787e-02, 1.472845e-02, -6.388389e-03, -1.746267e-03, 0.000000e+00, 0.000000e+00, 0.000000e+00, 0.000000e+00;
  0.000000e+00, 0.000000e+00, 0.000000e+00, 0.000000e+00, 0.000000e+00, 0.000000e+00, 1.392719e-03, -6.388389e-03, 1.346604e-02, -1.180609e-02, 0.000000e+00, 0.000000e+00, 0.000000e+00, 0.000000e+00;
  0.000000e+00, 0.000000e+00, 0.000000e+00, 0.000000e+00, 0.000000e+00, 0.000000e+00, 7.822936e-03, -1.746267e-03, -1.180609e-02, 2.118809e-02, 0.000000e+00, 0.000000e+00, 0.000000e+00, 0.000000e+00;
  -1.077131e-04, 7.804251e-05, -2.099729e-05, -1.946206e-05, 4.027548e-05, -5.208362e-05, 0.000000e+00, 0.000000e+00, 0.000000e+00, 0.000000e+00, 7.973071e-06, -2.417527e-06, -4.648187e-06, 3.939660e-06;
  7.804251e-05, -6.435520e-05, 2.929023e-05, 9.639093e-06, -3.577284e-05, 4.675268e-05, 0.000000e+00, 0.000000e+00, 0.000000e+00, 0.000000e+00, -2.417527e-06, 1.662442e-06, 7.610664e-07, -2.420429e-06;
  -2.099729e-05, 2.929023e-05, -3.371882e-05, 1.297944e-05, 1.611630e-05, -2.995805e-05, 0.000000e+00, 0.000000e+00, 0.000000e+00, 0.000000e+00, -4.648187e-06, 7.610664e-07, 3.890200e-06, -2.123718e-06;
  -1.946206e-05, 9.639093e-06, 1.297944e-05, -2.724162e-05, 1.879423e-05, -1.422729e-06, 0.000000e+00, 0.000000e+00, 0.000000e+00, 0.000000e+00, 3.939660e-06, -2.420429e-06, -2.123718e-06, 5.005251e-06;
];
