function K = massModel(p)
% Auto-generated constant matrix
K = zeros(14,14);
K = [
  2.565388e-02, -1.700927e-02, 8.381255e-04, 8.189519e-03, -8.401434e-03, 6.270310e-03, 0.000000e+00, 0.000000e+00, 0.000000e+00, 0.000000e+00, -1.619347e-04, 9.630969e-05, 1.376493e-05, -5.664867e-05;
  -1.700927e-02, 1.330911e-02, -4.576451e-03, -3.583419e-03, 7.064595e-03, -6.726326e-03, 0.000000e+00, 0.000000e+00, 0.000000e+00, 0.000000e+00, 9.630969e-05, -7.408490e-05, 1.983051e-05, 2.918989e-05;
  8.381255e-04, -4.576451e-03, 9.142989e-03, -6.117183e-03, -1.509458e-03, 6.171317e-03, 0.000000e+00, 0.000000e+00, 0.000000e+00, 0.000000e+00, 1.376493e-05, 1.983051e-05, -5.865994e-05, 3.259435e-05;
  8.189519e-03, -3.583419e-03, -6.117183e-03, 1.155534e-02, -7.526896e-03, -8.659914e-04, 0.000000e+00, 0.000000e+00, 0.000000e+00, 0.000000e+00, -5.664867e-05, 2.918989e-05, 3.259435e-05, -6.693670e-05;
  -8.401434e-03, 7.064595e-03, -1.509458e-03, -7.526896e-03, 1.263519e-02, -8.470783e-03, 0.000000e+00, 0.000000e+00, 0.000000e+00, 0.000000e+00, 4.461484e-05, -4.388483e-05, 2.091313e-05, 3.402397e-05;
  6.270310e-03, -6.726326e-03, 6.171317e-03, -8.659914e-04, -8.470783e-03, 1.395177e-02, 0.000000e+00, 0.000000e+00, 0.000000e+00, 0.000000e+00, -3.112100e-05, 3.633809e-05, -4.245521e-05, 2.085752e-05;
  0.000000e+00, 0.000000e+00, 0.000000e+00, 0.000000e+00, 0.000000e+00, 0.000000e+00, 2.631289e-02, -1.782936e-02, 1.870862e-03, 7.176053e-03, 0.000000e+00, 0.000000e+00, 0.000000e+00, 0.000000e+00;
  0.000000e+00, 0.000000e+00, 0.000000e+00, 0.000000e+00, 0.000000e+00, 0.000000e+00, -1.782936e-02, 1.454812e-02, -6.530825e-03, -1.409579e-03, 0.000000e+00, 0.000000e+00, 0.000000e+00, 0.000000e+00;
  0.000000e+00, 0.000000e+00, 0.000000e+00, 0.000000e+00, 0.000000e+00, 0.000000e+00, 1.870862e-03, -6.530825e-03, 1.311412e-02, -1.148583e-02, 0.000000e+00, 0.000000e+00, 0.000000e+00, 0.000000e+00;
  0.000000e+00, 0.000000e+00, 0.000000e+00, 0.000000e+00, 0.000000e+00, 0.000000e+00, 7.176053e-03, -1.409579e-03, -1.148583e-02, 2.052251e-02, 0.000000e+00, 0.000000e+00, 0.000000e+00, 0.000000e+00;
  -1.619347e-04, 9.630969e-05, 1.376493e-05, -5.664867e-05, 4.461484e-05, -3.112100e-05, 0.000000e+00, 0.000000e+00, 0.000000e+00, 0.000000e+00, 1.710708e-04, -8.489838e-05, -3.639130e-05, 5.561794e-05;
  9.630969e-05, -7.408490e-05, 1.983051e-05, 2.918989e-05, -4.388483e-05, 3.633809e-05, 0.000000e+00, 0.000000e+00, 0.000000e+00, 0.000000e+00, -8.489838e-05, 6.733973e-05, -1.464022e-05, -3.391255e-05;
  1.376493e-05, 1.983051e-05, -5.865994e-05, 3.259435e-05, 2.091313e-05, -4.245521e-05, 0.000000e+00, 0.000000e+00, 0.000000e+00, 0.000000e+00, -3.639130e-05, -1.464022e-05, 6.981848e-05, -3.119131e-05;
  -5.664867e-05, 2.918989e-05, 3.259435e-05, -6.693670e-05, 3.402397e-05, 2.085752e-05, 0.000000e+00, 0.000000e+00, 0.000000e+00, 0.000000e+00, 5.561794e-05, -3.391255e-05, -3.119131e-05, 7.460649e-05;
];
