function K = massModel(p)
% Auto-generated constant matrix
K = zeros(14,14);
K = [
  2.644565e-02, -1.731529e-02, 3.554475e-04, 8.809369e-03, -8.538123e-03, 5.928247e-03, 0.000000e+00, 0.000000e+00, 0.000000e+00, 0.000000e+00, -1.565126e-04, 9.448297e-05, 1.028871e-05, -5.293001e-05;
  -1.731529e-02, 1.346385e-02, -4.419820e-03, -3.893224e-03, 7.204070e-03, -6.567188e-03, 0.000000e+00, 0.000000e+00, 0.000000e+00, 0.000000e+00, 9.448297e-05, -7.311193e-05, 2.077648e-05, 2.723481e-05;
  3.554475e-04, -4.419820e-03, 9.471103e-03, -6.441202e-03, -1.523949e-03, 6.373561e-03, 0.000000e+00, 0.000000e+00, 0.000000e+00, 0.000000e+00, 1.028871e-05, 2.077648e-05, -5.616583e-05, 3.063286e-05;
  8.809369e-03, -3.893224e-03, -6.441202e-03, 1.217958e-02, -7.789025e-03, -1.198543e-03, 0.000000e+00, 0.000000e+00, 0.000000e+00, 0.000000e+00, -5.293001e-05, 2.723481e-05, 3.063286e-05, -6.296719e-05;
  -8.538123e-03, 7.204070e-03, -1.523949e-03, -7.789025e-03, 1.294277e-02, -8.396118e-03, 0.000000e+00, 0.000000e+00, 0.000000e+00, 0.000000e+00, 4.418090e-05, -4.307363e-05, 2.043345e-05, 3.250099e-05;
  5.928247e-03, -6.567188e-03, 6.373561e-03, -1.198543e-03, -8.396118e-03, 1.416585e-02, 0.000000e+00, 0.000000e+00, 0.000000e+00, 0.000000e+00, -3.321726e-05, 3.737955e-05, -4.120550e-05, 1.862950e-05;
  0.000000e+00, 0.000000e+00, 0.000000e+00, 0.000000e+00, 0.000000e+00, 0.000000e+00, 2.711437e-02, -1.814400e-02, 1.389922e-03, 7.806261e-03, 0.000000e+00, 0.000000e+00, 0.000000e+00, 0.000000e+00;
  0.000000e+00, 0.000000e+00, 0.000000e+00, 0.000000e+00, 0.000000e+00, 0.000000e+00, -1.814400e-02, 1.471266e-02, -6.379633e-03, -1.729685e-03, 0.000000e+00, 0.000000e+00, 0.000000e+00, 0.000000e+00;
  0.000000e+00, 0.000000e+00, 0.000000e+00, 0.000000e+00, 0.000000e+00, 0.000000e+00, 1.389922e-03, -6.379633e-03, 1.345136e-02, -1.180841e-02, 0.000000e+00, 0.000000e+00, 0.000000e+00, 0.000000e+00;
  0.000000e+00, 0.000000e+00, 0.000000e+00, 0.000000e+00, 0.000000e+00, 0.000000e+00, 7.806261e-03, -1.729685e-03, -1.180841e-02, 2.116259e-02, 0.000000e+00, 0.000000e+00, 0.000000e+00, 0.000000e+00;
  -1.565126e-04, 9.448297e-05, 1.028871e-05, -5.293001e-05, 4.418090e-05, -3.321726e-05, 0.000000e+00, 0.000000e+00, 0.000000e+00, 0.000000e+00, 1.736407e-04, -8.556265e-05, -3.811058e-05, 5.699064e-05;
  9.448297e-05, -7.311193e-05, 2.077648e-05, 2.723481e-05, -4.307363e-05, 3.737955e-05, 0.000000e+00, 0.000000e+00, 0.000000e+00, 0.000000e+00, -8.556265e-05, 6.776505e-05, -1.428600e-05, -3.475794e-05;
  1.028871e-05, 2.077648e-05, -5.616583e-05, 3.063286e-05, 2.043345e-05, -4.120550e-05, 0.000000e+00, 0.000000e+00, 0.000000e+00, 0.000000e+00, -3.811058e-05, -1.428600e-05, 7.111769e-05, -3.192248e-05;
  -5.293001e-05, 2.723481e-05, 3.063286e-05, -6.296719e-05, 3.250099e-05, 1.862950e-05, 0.000000e+00, 0.000000e+00, 0.000000e+00, 0.000000e+00, 5.699064e-05, -3.475794e-05, -3.192248e-05, 7.632952e-05;
];
