function K = Lif_proj1(p)
% Auto-generated constant matrix
K = zeros(1,14,20,14);
K(:,:,1,1) = [
  0.000000e+00, 0.000000e+00, 0.000000e+00, 0.000000e+00, 0.000000e+00, 0.000000e+00, 0.000000e+00, 0.000000e+00, 0.000000e+00, 0.000000e+00, 0.000000e+00, 0.000000e+00, 0.000000e+00, 0.000000e+00;
];
K(:,:,1,2) = [
  0.000000e+00, 0.000000e+00, 0.000000e+00, 0.000000e+00, 0.000000e+00, 0.000000e+00, 0.000000e+00, 0.000000e+00, 0.000000e+00, 0.000000e+00, 0.000000e+00, 0.000000e+00, 0.000000e+00, 0.000000e+00;
];
K(:,:,1,3) = [
  0.000000e+00, 0.000000e+00, 0.000000e+00, 0.000000e+00, 0.000000e+00, 0.000000e+00, 0.000000e+00, 0.000000e+00, 0.000000e+00, 0.000000e+00, 0.000000e+00, 0.000000e+00, 0.000000e+00, 0.000000e+00;
];
K(:,:,1,4) = [
  0.000000e+00, 0.000000e+00, 0.000000e+00, 0.000000e+00, 0.000000e+00, 0.000000e+00, 0.000000e+00, 0.000000e+00, 0.000000e+00, 0.000000e+00, 0.000000e+00, 0.000000e+00, 0.000000e+00, 0.000000e+00;
];
K(:,:,1,5) = [
  0.000000e+00, 0.000000e+00, 0.000000e+00, 0.000000e+00, 0.000000e+00, 0.000000e+00, 0.000000e+00, 0.000000e+00, 0.000000e+00, 0.000000e+00, 0.000000e+00, 0.000000e+00, 0.000000e+00, 0.000000e+00;
];
K(:,:,1,6) = [
  0.000000e+00, 0.000000e+00, 0.000000e+00, 0.000000e+00, 0.000000e+00, 0.000000e+00, 0.000000e+00, 0.000000e+00, 0.000000e+00, 0.000000e+00, 0.000000e+00, 0.000000e+00, 0.000000e+00, 0.000000e+00;
];
K(:,:,1,7) = [
  6.773437e-05, 6.114191e-05, 4.250519e-05, 1.506122e-05, -1.638294e-05, -4.623566e-05, 0.000000e+00, 0.000000e+00, 0.000000e+00, 0.000000e+00, -9.595703e-06, -8.973081e-06, -7.186014e-06, -4.466410e-06;
];
K(:,:,1,8) = [
  6.114191e-05, 5.519107e-05, 3.836823e-05, 1.359534e-05, -1.478842e-05, -4.173563e-05, 0.000000e+00, 0.000000e+00, 0.000000e+00, 0.000000e+00, -8.973081e-06, -8.390858e-06, -6.719746e-06, -4.176605e-06;
];
K(:,:,1,9) = [
  4.250519e-05, 3.836823e-05, 2.667317e-05, 9.451330e-06, -1.028075e-05, -2.901415e-05, 0.000000e+00, 0.000000e+00, 0.000000e+00, 0.000000e+00, -7.186014e-06, -6.719746e-06, -5.381449e-06, -3.344797e-06;
];
K(:,:,1,10) = [
  1.506122e-05, 1.359534e-05, 9.451330e-06, 3.348969e-06, -3.642863e-06, -1.028083e-05, 0.000000e+00, 0.000000e+00, 0.000000e+00, 0.000000e+00, -4.466410e-06, -4.176605e-06, -3.344797e-06, -2.078932e-06;
];
K(:,:,1,11) = [
  0.000000e+00, 0.000000e+00, 0.000000e+00, 0.000000e+00, 0.000000e+00, 0.000000e+00, 0.000000e+00, 0.000000e+00, 0.000000e+00, 0.000000e+00, 0.000000e+00, 0.000000e+00, 0.000000e+00, 0.000000e+00;
];
K(:,:,1,12) = [
  0.000000e+00, 0.000000e+00, 0.000000e+00, 0.000000e+00, 0.000000e+00, 0.000000e+00, 0.000000e+00, 0.000000e+00, 0.000000e+00, 0.000000e+00, 0.000000e+00, 0.000000e+00, 0.000000e+00, 0.000000e+00;
];
K(:,:,1,13) = [
  0.000000e+00, 0.000000e+00, 0.000000e+00, 0.000000e+00, 0.000000e+00, 0.000000e+00, 0.000000e+00, 0.000000e+00, 0.000000e+00, 0.000000e+00, 0.000000e+00, 0.000000e+00, 0.000000e+00, 0.000000e+00;
];
K(:,:,1,14) = [
  0.000000e+00, 0.000000e+00, 0.000000e+00, 0.000000e+00, 0.000000e+00, 0.000000e+00, 0.000000e+00, 0.000000e+00, 0.000000e+00, 0.000000e+00, 0.000000e+00, 0.000000e+00, 0.000000e+00, 0.000000e+00;
];
K(:,:,2,1) = [
  0.000000e+00, 0.000000e+00, 0.000000e+00, 0.000000e+00, 0.000000e+00, 0.000000e+00, 0.000000e+00, 0.000000e+00, 0.000000e+00, 0.000000e+00, 0.000000e+00, 0.000000e+00, 0.000000e+00, 0.000000e+00;
];
K(:,:,2,2) = [
  0.000000e+00, 0.000000e+00, 0.000000e+00, 0.000000e+00, 0.000000e+00, 0.000000e+00, 0.000000e+00, 0.000000e+00, 0.000000e+00, 0.000000e+00, 0.000000e+00, 0.000000e+00, 0.000000e+00, 0.000000e+00;
];
K(:,:,2,3) = [
  0.000000e+00, 0.000000e+00, 0.000000e+00, 0.000000e+00, 0.000000e+00, 0.000000e+00, 0.000000e+00, 0.000000e+00, 0.000000e+00, 0.000000e+00, 0.000000e+00, 0.000000e+00, 0.000000e+00, 0.000000e+00;
];
K(:,:,2,4) = [
  0.000000e+00, 0.000000e+00, 0.000000e+00, 0.000000e+00, 0.000000e+00, 0.000000e+00, 0.000000e+00, 0.000000e+00, 0.000000e+00, 0.000000e+00, 0.000000e+00, 0.000000e+00, 0.000000e+00, 0.000000e+00;
];
K(:,:,2,5) = [
  0.000000e+00, 0.000000e+00, 0.000000e+00, 0.000000e+00, 0.000000e+00, 0.000000e+00, 0.000000e+00, 0.000000e+00, 0.000000e+00, 0.000000e+00, 0.000000e+00, 0.000000e+00, 0.000000e+00, 0.000000e+00;
];
K(:,:,2,6) = [
  0.000000e+00, 0.000000e+00, 0.000000e+00, 0.000000e+00, 0.000000e+00, 0.000000e+00, 0.000000e+00, 0.000000e+00, 0.000000e+00, 0.000000e+00, 0.000000e+00, 0.000000e+00, 0.000000e+00, 0.000000e+00;
];
K(:,:,2,7) = [
  4.333594e-04, 3.266736e-04, 5.330818e-05, -2.658188e-04, -4.854910e-04, -4.971425e-04, 0.000000e+00, 0.000000e+00, 0.000000e+00, 0.000000e+00, -1.552871e-04, -1.298011e-04, -6.170855e-05, 2.663943e-05;
];
K(:,:,2,8) = [
  3.266736e-04, 2.462520e-04, 4.018460e-05, -2.003787e-04, -3.659713e-04, -3.747544e-04, 0.000000e+00, 0.000000e+00, 0.000000e+00, 0.000000e+00, -1.298011e-04, -1.084978e-04, -5.158081e-05, 2.226731e-05;
];
K(:,:,2,9) = [
  5.330818e-05, 4.018460e-05, 6.557518e-06, -3.269876e-05, -5.972096e-05, -6.115424e-05, 0.000000e+00, 0.000000e+00, 0.000000e+00, 0.000000e+00, -6.170855e-05, -5.158081e-05, -2.452197e-05, 1.058607e-05;
];
K(:,:,2,10) = [
  -2.658188e-04, -2.003787e-04, -3.269876e-05, 1.630509e-04, 2.977958e-04, 3.049428e-04, 0.000000e+00, 0.000000e+00, 0.000000e+00, 0.000000e+00, 2.663943e-05, 2.226731e-05, 1.058607e-05, -4.569983e-06;
];
K(:,:,2,11) = [
  0.000000e+00, 0.000000e+00, 0.000000e+00, 0.000000e+00, 0.000000e+00, 0.000000e+00, 0.000000e+00, 0.000000e+00, 0.000000e+00, 0.000000e+00, 0.000000e+00, 0.000000e+00, 0.000000e+00, 0.000000e+00;
];
K(:,:,2,12) = [
  0.000000e+00, 0.000000e+00, 0.000000e+00, 0.000000e+00, 0.000000e+00, 0.000000e+00, 0.000000e+00, 0.000000e+00, 0.000000e+00, 0.000000e+00, 0.000000e+00, 0.000000e+00, 0.000000e+00, 0.000000e+00;
];
K(:,:,2,13) = [
  0.000000e+00, 0.000000e+00, 0.000000e+00, 0.000000e+00, 0.000000e+00, 0.000000e+00, 0.000000e+00, 0.000000e+00, 0.000000e+00, 0.000000e+00, 0.000000e+00, 0.000000e+00, 0.000000e+00, 0.000000e+00;
];
K(:,:,2,14) = [
  0.000000e+00, 0.000000e+00, 0.000000e+00, 0.000000e+00, 0.000000e+00, 0.000000e+00, 0.000000e+00, 0.000000e+00, 0.000000e+00, 0.000000e+00, 0.000000e+00, 0.000000e+00, 0.000000e+00, 0.000000e+00;
];
K(:,:,3,1) = [
  0.000000e+00, 0.000000e+00, 0.000000e+00, 0.000000e+00, 0.000000e+00, 0.000000e+00, 0.000000e+00, 0.000000e+00, 0.000000e+00, 0.000000e+00, 0.000000e+00, 0.000000e+00, 0.000000e+00, 0.000000e+00;
];
K(:,:,3,2) = [
  0.000000e+00, 0.000000e+00, 0.000000e+00, 0.000000e+00, 0.000000e+00, 0.000000e+00, 0.000000e+00, 0.000000e+00, 0.000000e+00, 0.000000e+00, 0.000000e+00, 0.000000e+00, 0.000000e+00, 0.000000e+00;
];
K(:,:,3,3) = [
  0.000000e+00, 0.000000e+00, 0.000000e+00, 0.000000e+00, 0.000000e+00, 0.000000e+00, 0.000000e+00, 0.000000e+00, 0.000000e+00, 0.000000e+00, 0.000000e+00, 0.000000e+00, 0.000000e+00, 0.000000e+00;
];
K(:,:,3,4) = [
  0.000000e+00, 0.000000e+00, 0.000000e+00, 0.000000e+00, 0.000000e+00, 0.000000e+00, 0.000000e+00, 0.000000e+00, 0.000000e+00, 0.000000e+00, 0.000000e+00, 0.000000e+00, 0.000000e+00, 0.000000e+00;
];
K(:,:,3,5) = [
  0.000000e+00, 0.000000e+00, 0.000000e+00, 0.000000e+00, 0.000000e+00, 0.000000e+00, 0.000000e+00, 0.000000e+00, 0.000000e+00, 0.000000e+00, 0.000000e+00, 0.000000e+00, 0.000000e+00, 0.000000e+00;
];
K(:,:,3,6) = [
  0.000000e+00, 0.000000e+00, 0.000000e+00, 0.000000e+00, 0.000000e+00, 0.000000e+00, 0.000000e+00, 0.000000e+00, 0.000000e+00, 0.000000e+00, 0.000000e+00, 0.000000e+00, 0.000000e+00, 0.000000e+00;
];
K(:,:,3,7) = [
  1.115859e-03, 6.750523e-04, -3.377944e-04, -1.197780e-03, -1.247319e-03, -3.502765e-04, 0.000000e+00, 0.000000e+00, 0.000000e+00, 0.000000e+00, -6.416191e-04, -4.726431e-04, -5.471765e-05, 3.920286e-04;
];
K(:,:,3,8) = [
  6.750523e-04, 4.083809e-04, -2.043527e-04, -7.246114e-04, -7.545806e-04, -2.119039e-04, 0.000000e+00, 0.000000e+00, 0.000000e+00, 0.000000e+00, -4.726431e-04, -3.481684e-04, -4.030728e-05, 2.887844e-04;
];
