function K = baff_struct(p)
% Auto-generated constant matrix
K = zeros(12,12,12,12);
K(:,:,1,1) = [
  5.045854e+09, -3.967239e+09, 5.118146e+08, 2.688950e+09, 0.000000e+00, 0.000000e+00, 0.000000e+00, 0.000000e+00, -1.505367e+08, 5.362480e+07, 7.682679e+07, -6.435963e+07;
  -3.967239e+09, 3.641206e+09, -1.607009e+09, -1.439319e+09, 0.000000e+00, 0.000000e+00, 0.000000e+00, 0.000000e+00, 3.088267e+08, -1.499547e+08, -1.081102e+08, 1.577686e+08;
  5.118146e+08, -1.607009e+09, 3.143344e+09, -2.145816e+09, 0.000000e+00, 0.000000e+00, 0.000000e+00, 0.000000e+00, -4.345003e+08, 3.298436e+08, -4.144473e+07, -2.239869e+08;
  2.688950e+09, -1.439319e+09, -2.145816e+09, 4.909780e+09, 0.000000e+00, 0.000000e+00, 0.000000e+00, 0.000000e+00, 1.773247e+08, -3.478904e+08, 4.738128e+08, -1.361973e+08;
  0.000000e+00, 0.000000e+00, 0.000000e+00, 0.000000e+00, 0.000000e+00, 0.000000e+00, 0.000000e+00, 0.000000e+00, 0.000000e+00, 0.000000e+00, 0.000000e+00, 0.000000e+00;
  0.000000e+00, 0.000000e+00, 0.000000e+00, 0.000000e+00, 0.000000e+00, 0.000000e+00, 0.000000e+00, 0.000000e+00, 0.000000e+00, 0.000000e+00, 0.000000e+00, 0.000000e+00;
  0.000000e+00, 0.000000e+00, 0.000000e+00, 0.000000e+00, 0.000000e+00, 0.000000e+00, 0.000000e+00, 0.000000e+00, 0.000000e+00, 0.000000e+00, 0.000000e+00, 0.000000e+00;
  0.000000e+00, 0.000000e+00, 0.000000e+00, 0.000000e+00, 0.000000e+00, 0.000000e+00, 0.000000e+00, 0.000000e+00, 0.000000e+00, 0.000000e+00, 0.000000e+00, 0.000000e+00;
  0.000000e+00, 0.000000e+00, 0.000000e+00, 0.000000e+00, 0.000000e+00, 0.000000e+00, 0.000000e+00, 0.000000e+00, 2.859171e+07, -5.840970e+06, -1.822291e+07, 7.634144e+06;
  0.000000e+00, 0.000000e+00, 0.000000e+00, 0.000000e+00, 0.000000e+00, 0.000000e+00, 0.000000e+00, 0.000000e+00, -5.840970e+06, 5.184403e+06, 8.965867e+05, -6.566747e+06;
  0.000000e+00, 0.000000e+00, 0.000000e+00, 0.000000e+00, 0.000000e+00, 0.000000e+00, 0.000000e+00, 0.000000e+00, -1.822291e+07, 8.965867e+05, 1.684056e+07, -4.312467e+06;
  0.000000e+00, 0.000000e+00, 0.000000e+00, 0.000000e+00, 0.000000e+00, 0.000000e+00, 0.000000e+00, 0.000000e+00, 7.634144e+06, -6.566747e+06, -4.312467e+06, 1.395468e+07;
];
K(:,:,1,2) = [
  -3.967239e+09, 4.194968e+09, -2.700738e+09, -1.114364e+09, 0.000000e+00, 0.000000e+00, 0.000000e+00, 0.000000e+00, 7.914499e+07, -4.816494e+07, -1.564169e+07, 4.670450e+07;
  4.194968e+09, -4.541721e+09, 3.426817e+09, 2.033272e+08, 0.000000e+00, 0.000000e+00, 0.000000e+00, 0.000000e+00, -2.238759e+08, 1.401672e+08, 2.276440e+07, -1.078427e+08;
  -2.700738e+09, 3.426817e+09, -4.122623e+09, 2.690986e+09, 0.000000e+00, 0.000000e+00, 0.000000e+00, 0.000000e+00, 4.929237e+08, -3.515581e+08, 5.913451e+07, 1.518725e+08;
  -1.114364e+09, 2.033272e+08, 2.690986e+09, -5.473784e+09, 0.000000e+00, 0.000000e+00, 0.000000e+00, 0.000000e+00, -5.115702e+08, 4.945089e+08, -3.725351e+08, 1.028154e+08;
  0.000000e+00, 0.000000e+00, 0.000000e+00, 0.000000e+00, 0.000000e+00, 0.000000e+00, 0.000000e+00, 0.000000e+00, 0.000000e+00, 0.000000e+00, 0.000000e+00, 0.000000e+00;
  0.000000e+00, 0.000000e+00, 0.000000e+00, 0.000000e+00, 0.000000e+00, 0.000000e+00, 0.000000e+00, 0.000000e+00, 0.000000e+00, 0.000000e+00, 0.000000e+00, 0.000000e+00;
  0.000000e+00, 0.000000e+00, 0.000000e+00, 0.000000e+00, 0.000000e+00, 0.000000e+00, 0.000000e+00, 0.000000e+00, 0.000000e+00, 0.000000e+00, 0.000000e+00, 0.000000e+00;
  0.000000e+00, 0.000000e+00, 0.000000e+00, 0.000000e+00, 0.000000e+00, 0.000000e+00, 0.000000e+00, 0.000000e+00, 0.000000e+00, 0.000000e+00, 0.000000e+00, 0.000000e+00;
  0.000000e+00, 0.000000e+00, 0.000000e+00, 0.000000e+00, 0.000000e+00, 0.000000e+00, 0.000000e+00, 0.000000e+00, -2.305731e+07, 1.069709e+07, 1.045633e+07, -1.366719e+07;
  0.000000e+00, 0.000000e+00, 0.000000e+00, 0.000000e+00, 0.000000e+00, 0.000000e+00, 0.000000e+00, 0.000000e+00, 1.069709e+07, -6.300489e+06, -1.485052e+06, 5.774631e+06;
  0.000000e+00, 0.000000e+00, 0.000000e+00, 0.000000e+00, 0.000000e+00, 0.000000e+00, 0.000000e+00, 0.000000e+00, 1.045633e+07, -1.485052e+06, -1.098219e+07, 7.697182e+06;
  0.000000e+00, 0.000000e+00, 0.000000e+00, 0.000000e+00, 0.000000e+00, 0.000000e+00, 0.000000e+00, 0.000000e+00, -1.366719e+07, 5.774631e+06, 7.697182e+06, -1.223274e+07;
];
K(:,:,1,3) = [
  5.118146e+08, -2.700738e+09, 6.277867e+09, -4.995454e+09, 0.000000e+00, 0.000000e+00, 0.000000e+00, 0.000000e+00, 2.122774e+06, 4.027076e+07, -6.862513e+07, 1.401770e+06;
  -2.700738e+09, 4.331878e+09, -6.627779e+09, 4.990827e+09, 0.000000e+00, 0.000000e+00, 0.000000e+00, 0.000000e+00, 8.857716e+07, -1.294182e+08, 1.395783e+08, -1.781669e+07;
  6.277867e+09, -6.627779e+09, 6.138126e+09, -4.248841e+09, 0.000000e+00, 0.000000e+00, 0.000000e+00, 0.000000e+00, -4.981816e+08, 4.030976e+08, -2.234167e+08, 6.674781e+07;
  -4.995454e+09, 4.990827e+09, -4.248841e+09, 3.915472e+09, 0.000000e+00, 0.000000e+00, 0.000000e+00, 0.000000e+00, 1.092164e+09, -8.023472e+08, 3.299442e+08, -1.709298e+08;
  0.000000e+00, 0.000000e+00, 0.000000e+00, 0.000000e+00, 0.000000e+00, 0.000000e+00, 0.000000e+00, 0.000000e+00, 0.000000e+00, 0.000000e+00, 0.000000e+00, 0.000000e+00;
  0.000000e+00, 0.000000e+00, 0.000000e+00, 0.000000e+00, 0.000000e+00, 0.000000e+00, 0.000000e+00, 0.000000e+00, 0.000000e+00, 0.000000e+00, 0.000000e+00, 0.000000e+00;
  0.000000e+00, 0.000000e+00, 0.000000e+00, 0.000000e+00, 0.000000e+00, 0.000000e+00, 0.000000e+00, 0.000000e+00, 0.000000e+00, 0.000000e+00, 0.000000e+00, 0.000000e+00;
  0.000000e+00, 0.000000e+00, 0.000000e+00, 0.000000e+00, 0.000000e+00, 0.000000e+00, 0.000000e+00, 0.000000e+00, 0.000000e+00, 0.000000e+00, 0.000000e+00, 0.000000e+00;
  0.000000e+00, 0.000000e+00, 0.000000e+00, 0.000000e+00, 0.000000e+00, 0.000000e+00, 0.000000e+00, 0.000000e+00, 3.827839e+06, -1.441660e+07, 1.366504e+07, 1.214270e+07;
  0.000000e+00, 0.000000e+00, 0.000000e+00, 0.000000e+00, 0.000000e+00, 0.000000e+00, 0.000000e+00, 0.000000e+00, -1.441660e+07, 8.746442e+06, -1.136949e+06, -2.500493e+06;
  0.000000e+00, 0.000000e+00, 0.000000e+00, 0.000000e+00, 0.000000e+00, 0.000000e+00, 0.000000e+00, 0.000000e+00, 1.366504e+07, -1.136949e+06, -7.419095e+06, -6.760995e+06;
  0.000000e+00, 0.000000e+00, 0.000000e+00, 0.000000e+00, 0.000000e+00, 0.000000e+00, 0.000000e+00, 0.000000e+00, 1.214270e+07, -2.500493e+06, -6.760995e+06, 5.447999e+06;
];
K(:,:,1,4) = [
  2.688950e+09, -1.114364e+09, -4.995454e+09, 1.154557e+10, 0.000000e+00, 0.000000e+00, 0.000000e+00, 0.000000e+00, -3.177124e+06, -3.340935e+07, 9.091072e+07, -7.039818e+07;
  -1.114364e+09, -5.948073e+08, 6.096466e+09, -1.149458e+10, 0.000000e+00, 0.000000e+00, 0.000000e+00, 0.000000e+00, -4.442384e+07, 1.275388e+08, -2.421503e+08, 1.841760e+08;
  -4.995454e+09, 6.096466e+09, -7.419876e+09, 7.506781e+09, 0.000000e+00, 0.000000e+00, 0.000000e+00, 0.000000e+00, 3.955358e+08, -4.649089e+08, 5.298844e+08, -4.069398e+08;
  1.154557e+10, -1.149458e+10, 7.506781e+09, -1.039018e+09, 0.000000e+00, 0.000000e+00, 0.000000e+00, 0.000000e+00, -1.328551e+09, 1.100577e+09, -7.034025e+08, 5.375712e+08;
  0.000000e+00, 0.000000e+00, 0.000000e+00, 0.000000e+00, 0.000000e+00, 0.000000e+00, 0.000000e+00, 0.000000e+00, 0.000000e+00, 0.000000e+00, 0.000000e+00, 0.000000e+00;
  0.000000e+00, 0.000000e+00, 0.000000e+00, 0.000000e+00, 0.000000e+00, 0.000000e+00, 0.000000e+00, 0.000000e+00, 0.000000e+00, 0.000000e+00, 0.000000e+00, 0.000000e+00;
  0.000000e+00, 0.000000e+00, 0.000000e+00, 0.000000e+00, 0.000000e+00, 0.000000e+00, 0.000000e+00, 0.000000e+00, 0.000000e+00, 0.000000e+00, 0.000000e+00, 0.000000e+00;
  0.000000e+00, 0.000000e+00, 0.000000e+00, 0.000000e+00, 0.000000e+00, 0.000000e+00, 0.000000e+00, 0.000000e+00, 0.000000e+00, 0.000000e+00, 0.000000e+00, 0.000000e+00;
  0.000000e+00, 0.000000e+00, 0.000000e+00, 0.000000e+00, 0.000000e+00, 0.000000e+00, 0.000000e+00, 0.000000e+00, 1.334360e+07, 5.208035e+06, -3.127873e+07, 1.667264e+07;
  0.000000e+00, 0.000000e+00, 0.000000e+00, 0.000000e+00, 0.000000e+00, 0.000000e+00, 0.000000e+00, 0.000000e+00, 5.208035e+06, -8.967567e+06, 1.094034e+07, -5.008270e+06;
  0.000000e+00, 0.000000e+00, 0.000000e+00, 0.000000e+00, 0.000000e+00, 0.000000e+00, 0.000000e+00, 0.000000e+00, -3.127873e+07, 1.094034e+07, 1.730290e+07, -9.250867e+06;
  0.000000e+00, 0.000000e+00, 0.000000e+00, 0.000000e+00, 0.000000e+00, 0.000000e+00, 0.000000e+00, 0.000000e+00, 1.667264e+07, -5.008270e+06, -9.250867e+06, 5.970082e+06;
];
K(:,:,1,5) = [
  0.000000e+00, 0.000000e+00, 0.000000e+00, 0.000000e+00, 2.638382e+09, -2.076850e+09, 2.716596e+08, 1.398155e+09, 0.000000e+00, 0.000000e+00, 0.000000e+00, 0.000000e+00;
  0.000000e+00, 0.000000e+00, 0.000000e+00, 0.000000e+00, -2.076850e+09, 1.932147e+09, -8.989039e+08, -7.146984e+08, 0.000000e+00, 0.000000e+00, 0.000000e+00, 0.000000e+00;
  0.000000e+00, 0.000000e+00, 0.000000e+00, 0.000000e+00, 2.716596e+08, -8.989039e+08, 1.814406e+09, -1.314337e+09, 0.000000e+00, 0.000000e+00, 0.000000e+00, 0.000000e+00;
  0.000000e+00, 0.000000e+00, 0.000000e+00, 0.000000e+00, 1.398155e+09, -7.146984e+08, -1.314337e+09, 2.985249e+09, 0.000000e+00, 0.000000e+00, 0.000000e+00, 0.000000e+00;
  2.521839e+09, -1.982618e+09, 2.554664e+08, 1.344169e+09, 0.000000e+00, 0.000000e+00, 0.000000e+00, 0.000000e+00, -7.526837e+07, 2.681240e+07, 3.841340e+07, -3.217982e+07;
  -1.982618e+09, 1.819357e+09, -8.022607e+08, -7.200597e+08, 0.000000e+00, 0.000000e+00, 0.000000e+00, 0.000000e+00, 1.544134e+08, -7.497734e+07, -5.405509e+07, 7.888432e+07;
  2.554664e+08, -8.022607e+08, 1.568902e+09, -1.069998e+09, 0.000000e+00, 0.000000e+00, 0.000000e+00, 0.000000e+00, -2.172502e+08, 1.649218e+08, -2.072237e+07, -1.119935e+08;
  1.344169e+09, -7.200597e+08, -1.069998e+09, 2.449037e+09, 0.000000e+00, 0.000000e+00, 0.000000e+00, 0.000000e+00, 8.866237e+07, -1.739452e+08, 2.369064e+08, -6.809864e+07;
  0.000000e+00, 0.000000e+00, 0.000000e+00, 0.000000e+00, 0.000000e+00, 0.000000e+00, 0.000000e+00, 0.000000e+00, 0.000000e+00, 0.000000e+00, 0.000000e+00, 0.000000e+00;
  0.000000e+00, 0.000000e+00, 0.000000e+00, 0.000000e+00, 0.000000e+00, 0.000000e+00, 0.000000e+00, 0.000000e+00, 0.000000e+00, 0.000000e+00, 0.000000e+00, 0.000000e+00;
  0.000000e+00, 0.000000e+00, 0.000000e+00, 0.000000e+00, 0.000000e+00, 0.000000e+00, 0.000000e+00, 0.000000e+00, 0.000000e+00, 0.000000e+00, 0.000000e+00, 0.000000e+00;
  0.000000e+00, 0.000000e+00, 0.000000e+00, 0.000000e+00, 0.000000e+00, 0.000000e+00, 0.000000e+00, 0.000000e+00, 0.000000e+00, 0.000000e+00, 0.000000e+00, 0.000000e+00;
];
K(:,:,1,6) = [
  0.000000e+00, 0.000000e+00, 0.000000e+00, 0.000000e+00, -2.076850e+09, 2.485909e+09, -1.992633e+09, -3.897433e+08, 0.000000e+00, 0.000000e+00, 0.000000e+00, 0.000000e+00;
  0.000000e+00, 0.000000e+00, 0.000000e+00, 0.000000e+00, 1.932147e+09, -2.416504e+09, 2.337156e+09, -3.975426e+08, 0.000000e+00, 0.000000e+00, 0.000000e+00, 0.000000e+00;
  0.000000e+00, 0.000000e+00, 0.000000e+00, 0.000000e+00, -8.989039e+08, 1.432096e+09, -2.390463e+09, 2.292569e+09, 0.000000e+00, 0.000000e+00, 0.000000e+00, 0.000000e+00;
  0.000000e+00, 0.000000e+00, 0.000000e+00, 0.000000e+00, -7.146984e+08, 4.005919e+08, 1.186930e+09, -3.488192e+09, 0.000000e+00, 0.000000e+00, 0.000000e+00, 0.000000e+00;
  -1.982618e+09, 1.819357e+09, -8.022607e+08, -7.200597e+08, 0.000000e+00, 0.000000e+00, 0.000000e+00, 0.000000e+00, 1.292208e+06, -7.117515e+06, 7.590568e+06, 4.841562e+06;
  2.373119e+09, -2.269161e+09, 1.258706e+09, 5.022571e+08, 0.000000e+00, 0.000000e+00, 0.000000e+00, 0.000000e+00, -3.420324e+07, 2.740983e+07, -7.193373e+06, -1.511185e+07;
  -1.895990e+09, 2.163767e+09, -2.057242e+09, 7.878198e+08, 0.000000e+00, 0.000000e+00, 0.000000e+00, 0.000000e+00, 1.369159e+08, -9.061778e+07, 9.077078e+06, 3.363525e+07;
  -3.951046e+08, -2.958774e+08, 1.893459e+09, -2.728184e+09, 0.000000e+00, 0.000000e+00, 0.000000e+00, 0.000000e+00, -2.063213e+08, 1.633597e+08, -7.254908e+07, 2.821358e+04;
  0.000000e+00, 0.000000e+00, 0.000000e+00, 0.000000e+00, 0.000000e+00, 0.000000e+00, 0.000000e+00, 0.000000e+00, 0.000000e+00, 0.000000e+00, 0.000000e+00, 0.000000e+00;
  0.000000e+00, 0.000000e+00, 0.000000e+00, 0.000000e+00, 0.000000e+00, 0.000000e+00, 0.000000e+00, 0.000000e+00, 0.000000e+00, 0.000000e+00, 0.000000e+00, 0.000000e+00;
  0.000000e+00, 0.000000e+00, 0.000000e+00, 0.000000e+00, 0.000000e+00, 0.000000e+00, 0.000000e+00, 0.000000e+00, 0.000000e+00, 0.000000e+00, 0.000000e+00, 0.000000e+00;
  0.000000e+00, 0.000000e+00, 0.000000e+00, 0.000000e+00, 0.000000e+00, 0.000000e+00, 0.000000e+00, 0.000000e+00, 0.000000e+00, 0.000000e+00, 0.000000e+00, 0.000000e+00;
];
K(:,:,1,7) = [
  0.000000e+00, 0.000000e+00, 0.000000e+00, 0.000000e+00, 2.716596e+08, -1.992633e+09, 4.948929e+09, -4.163975e+09, 0.000000e+00, 0.000000e+00, 0.000000e+00, 0.000000e+00;
  0.000000e+00, 0.000000e+00, 0.000000e+00, 0.000000e+00, -8.989039e+08, 2.337156e+09, -4.895619e+09, 4.592410e+09, 0.000000e+00, 0.000000e+00, 0.000000e+00, 0.000000e+00;
  0.000000e+00, 0.000000e+00, 0.000000e+00, 0.000000e+00, 1.814406e+09, -2.390463e+09, 3.598230e+09, -4.466565e+09, 0.000000e+00, 0.000000e+00, 0.000000e+00, 0.000000e+00;
  0.000000e+00, 0.000000e+00, 0.000000e+00, 0.000000e+00, -1.314337e+09, 1.186930e+09, -1.295529e+09, 3.175105e+09, 0.000000e+00, 0.000000e+00, 0.000000e+00, 0.000000e+00;
  2.554664e+08, -8.022607e+08, 1.568902e+09, -1.069998e+09, 0.000000e+00, 0.000000e+00, 0.000000e+00, 0.000000e+00, 5.418915e+07, -1.802920e+07, -3.308822e+07, 2.856066e+07;
  -1.895990e+09, 2.163767e+09, -2.057242e+09, 7.878198e+08, 0.000000e+00, 0.000000e+00, 0.000000e+00, 0.000000e+00, -1.076807e+08, 4.201041e+07, 6.012352e+07, -6.810662e+07;
  4.703425e+09, -4.562398e+09, 3.062134e+09, -5.294155e+08, 0.000000e+00, 0.000000e+00, 0.000000e+00, 0.000000e+00, 9.035689e+07, -5.272503e+07, -3.622558e+07, 9.705037e+07;
  -3.919637e+09, 4.193300e+09, -3.700451e+09, 1.942951e+09, 0.000000e+00, 0.000000e+00, 0.000000e+00, 0.000000e+00, 1.817981e+08, -6.078944e+07, -9.241254e+07, 2.975838e+07;
  0.000000e+00, 0.000000e+00, 0.000000e+00, 0.000000e+00, 0.000000e+00, 0.000000e+00, 0.000000e+00, 0.000000e+00, 0.000000e+00, 0.000000e+00, 0.000000e+00, 0.000000e+00;
  0.000000e+00, 0.000000e+00, 0.000000e+00, 0.000000e+00, 0.000000e+00, 0.000000e+00, 0.000000e+00, 0.000000e+00, 0.000000e+00, 0.000000e+00, 0.000000e+00, 0.000000e+00;
  0.000000e+00, 0.000000e+00, 0.000000e+00, 0.000000e+00, 0.000000e+00, 0.000000e+00, 0.000000e+00, 0.000000e+00, 0.000000e+00, 0.000000e+00, 0.000000e+00, 0.000000e+00;
  0.000000e+00, 0.000000e+00, 0.000000e+00, 0.000000e+00, 0.000000e+00, 0.000000e+00, 0.000000e+00, 0.000000e+00, 0.000000e+00, 0.000000e+00, 0.000000e+00, 0.000000e+00;
];
K(:,:,1,8) = [
  0.000000e+00, 0.000000e+00, 0.000000e+00, 0.000000e+00, 1.398155e+09, -3.897433e+08, -4.163975e+09, 9.621042e+09, 0.000000e+00, 0.000000e+00, 0.000000e+00, 0.000000e+00;
  0.000000e+00, 0.000000e+00, 0.000000e+00, 0.000000e+00, -7.146984e+08, -3.975426e+08, 4.592410e+09, -9.508991e+09, 0.000000e+00, 0.000000e+00, 0.000000e+00, 0.000000e+00;
  0.000000e+00, 0.000000e+00, 0.000000e+00, 0.000000e+00, -1.314337e+09, 2.292569e+09, -4.466565e+09, 6.766414e+09, 0.000000e+00, 0.000000e+00, 0.000000e+00, 0.000000e+00;
  0.000000e+00, 0.000000e+00, 0.000000e+00, 0.000000e+00, 2.985249e+09, -3.488192e+09, 3.175105e+09, -2.318292e+09, 0.000000e+00, 0.000000e+00, 0.000000e+00, 0.000000e+00;
  1.344169e+09, -7.200597e+08, -1.069998e+09, 2.449037e+09, 0.000000e+00, 0.000000e+00, 0.000000e+00, 0.000000e+00, -8.271488e+05, 1.108553e+07, -1.162585e+07, -1.216509e+07;
  -3.951046e+08, -2.958774e+08, 1.893459e+09, -2.728184e+09, 0.000000e+00, 0.000000e+00, 0.000000e+00, 0.000000e+00, 5.275217e+07, -4.078974e+07, 1.589409e+06, 4.203317e+07;
  -3.919637e+09, 4.193300e+09, -3.700451e+09, 1.942951e+09, 0.000000e+00, 0.000000e+00, 0.000000e+00, 0.000000e+00, -2.072883e+08, 1.150909e+08, 4.324984e+07, -1.095116e+08;
  9.084831e+09, -8.748982e+09, 5.534260e+09, -4.981610e+08, 0.000000e+00, 0.000000e+00, 0.000000e+00, 0.000000e+00, 2.072438e+08, -1.263223e+08, -1.869372e+07, 9.297229e+07;
  0.000000e+00, 0.000000e+00, 0.000000e+00, 0.000000e+00, 0.000000e+00, 0.000000e+00, 0.000000e+00, 0.000000e+00, 0.000000e+00, 0.000000e+00, 0.000000e+00, 0.000000e+00;
  0.000000e+00, 0.000000e+00, 0.000000e+00, 0.000000e+00, 0.000000e+00, 0.000000e+00, 0.000000e+00, 0.000000e+00, 0.000000e+00, 0.000000e+00, 0.000000e+00, 0.000000e+00;
  0.000000e+00, 0.000000e+00, 0.000000e+00, 0.000000e+00, 0.000000e+00, 0.000000e+00, 0.000000e+00, 0.000000e+00, 0.000000e+00, 0.000000e+00, 0.000000e+00, 0.000000e+00;
  0.000000e+00, 0.000000e+00, 0.000000e+00, 0.000000e+00, 0.000000e+00, 0.000000e+00, 0.000000e+00, 0.000000e+00, 0.000000e+00, 0.000000e+00, 0.000000e+00, 0.000000e+00;
];
K(:,:,1,9) = [
  3.763418e+07, -3.892639e+07, 2.603319e+07, 1.174987e+06, 0.000000e+00, 0.000000e+00, 0.000000e+00, 0.000000e+00, 0.000000e+00, 0.000000e+00, 0.000000e+00, 0.000000e+00;
  3.763418e+07, -3.892639e+07, 2.603319e+07, 1.174987e+06, 0.000000e+00, 0.000000e+00, 0.000000e+00, 0.000000e+00, 0.000000e+00, 0.000000e+00, 0.000000e+00, 0.000000e+00;
  -1.391506e+08, 1.857831e+08, -2.289283e+08, 1.652547e+08, 0.000000e+00, 0.000000e+00, 0.000000e+00, 0.000000e+00, 0.000000e+00, 0.000000e+00, 0.000000e+00, 0.000000e+00;
  9.218734e+07, -2.068980e+08, 4.727962e+08, -6.610668e+08, 0.000000e+00, 0.000000e+00, 0.000000e+00, 0.000000e+00, 0.000000e+00, 0.000000e+00, 0.000000e+00, 0.000000e+00;
  0.000000e+00, 0.000000e+00, 0.000000e+00, 0.000000e+00, 0.000000e+00, 0.000000e+00, 0.000000e+00, 0.000000e+00, 0.000000e+00, 0.000000e+00, 0.000000e+00, 0.000000e+00;
  0.000000e+00, 0.000000e+00, 0.000000e+00, 0.000000e+00, 0.000000e+00, 0.000000e+00, 0.000000e+00, 0.000000e+00, 0.000000e+00, 0.000000e+00, 0.000000e+00, 0.000000e+00;
  0.000000e+00, 0.000000e+00, 0.000000e+00, 0.000000e+00, 0.000000e+00, 0.000000e+00, 0.000000e+00, 0.000000e+00, 0.000000e+00, 0.000000e+00, 0.000000e+00, 0.000000e+00;
  0.000000e+00, 0.000000e+00, 0.000000e+00, 0.000000e+00, 0.000000e+00, 0.000000e+00, 0.000000e+00, 0.000000e+00, 0.000000e+00, 0.000000e+00, 0.000000e+00, 0.000000e+00;
  0.000000e+00, 0.000000e+00, 0.000000e+00, 0.000000e+00, 0.000000e+00, 0.000000e+00, 0.000000e+00, 0.000000e+00, -2.822564e+07, 1.005465e+07, 1.440502e+07, -1.206743e+07;
  0.000000e+00, 0.000000e+00, 0.000000e+00, 0.000000e+00, 0.000000e+00, 0.000000e+00, 0.000000e+00, 0.000000e+00, 1.005465e+07, -6.910307e+06, -1.006391e+06, 6.443258e+06;
  0.000000e+00, 0.000000e+00, 0.000000e+00, 0.000000e+00, 0.000000e+00, 0.000000e+00, 0.000000e+00, 0.000000e+00, 1.440502e+07, -1.006391e+06, -1.487207e+07, 7.384680e+06;
  0.000000e+00, 0.000000e+00, 0.000000e+00, 0.000000e+00, 0.000000e+00, 0.000000e+00, 0.000000e+00, 0.000000e+00, -1.206743e+07, 6.443258e+06, 7.384680e+06, -1.484571e+07;
];
K(:,:,1,10) = [
  -1.340620e+07, 2.052371e+07, -2.914998e+07, 2.224744e+07, 0.000000e+00, 0.000000e+00, 0.000000e+00, 0.000000e+00, 0.000000e+00, 0.000000e+00, 0.000000e+00, 0.000000e+00;
  -1.340620e+07, 2.052371e+07, -2.914998e+07, 2.224744e+07, 0.000000e+00, 0.000000e+00, 0.000000e+00, 0.000000e+00, 0.000000e+00, 0.000000e+00, 0.000000e+00, 0.000000e+00;
  7.747186e+07, -1.186616e+08, 1.902562e+08, -2.088856e+08, 0.000000e+00, 0.000000e+00, 0.000000e+00, 0.000000e+00, 0.000000e+00, 0.000000e+00, 0.000000e+00, 0.000000e+00;
  -1.072029e+08, 1.850681e+08, -3.704436e+08, 5.546427e+08, 0.000000e+00, 0.000000e+00, 0.000000e+00, 0.000000e+00, 0.000000e+00, 0.000000e+00, 0.000000e+00, 0.000000e+00;
  0.000000e+00, 0.000000e+00, 0.000000e+00, 0.000000e+00, 0.000000e+00, 0.000000e+00, 0.000000e+00, 0.000000e+00, 0.000000e+00, 0.000000e+00, 0.000000e+00, 0.000000e+00;
  0.000000e+00, 0.000000e+00, 0.000000e+00, 0.000000e+00, 0.000000e+00, 0.000000e+00, 0.000000e+00, 0.000000e+00, 0.000000e+00, 0.000000e+00, 0.000000e+00, 0.000000e+00;
  0.000000e+00, 0.000000e+00, 0.000000e+00, 0.000000e+00, 0.000000e+00, 0.000000e+00, 0.000000e+00, 0.000000e+00, 0.000000e+00, 0.000000e+00, 0.000000e+00, 0.000000e+00;
  0.000000e+00, 0.000000e+00, 0.000000e+00, 0.000000e+00, 0.000000e+00, 0.000000e+00, 0.000000e+00, 0.000000e+00, 0.000000e+00, 0.000000e+00, 0.000000e+00, 0.000000e+00;
  0.000000e+00, 0.000000e+00, 0.000000e+00, 0.000000e+00, 0.000000e+00, 0.000000e+00, 0.000000e+00, 0.000000e+00, 1.005465e+07, -6.910307e+06, -1.006391e+06, 6.443258e+06;
  0.000000e+00, 0.000000e+00, 0.000000e+00, 0.000000e+00, 0.000000e+00, 0.000000e+00, 0.000000e+00, 0.000000e+00, -6.910307e+06, 4.524130e+06, -2.335247e+05, -2.341375e+06;
  0.000000e+00, 0.000000e+00, 0.000000e+00, 0.000000e+00, 0.000000e+00, 0.000000e+00, 0.000000e+00, 0.000000e+00, -1.006391e+06, -2.335247e+05, 3.189145e+06, -4.201228e+06;
  0.000000e+00, 0.000000e+00, 0.000000e+00, 0.000000e+00, 0.000000e+00, 0.000000e+00, 0.000000e+00, 0.000000e+00, 6.443258e+06, -2.341375e+06, -4.201228e+06, 6.257565e+06;
];
K(:,:,1,11) = [
  -1.920670e+07, 1.161613e+07, 1.776845e+07, -5.126828e+07, 0.000000e+00, 0.000000e+00, 0.000000e+00, 0.000000e+00, 0.000000e+00, 0.000000e+00, 0.000000e+00, 0.000000e+00;
  -1.920670e+07, 1.161613e+07, 1.776845e+07, -5.126828e+07, 0.000000e+00, 0.000000e+00, 0.000000e+00, 0.000000e+00, 0.000000e+00, 0.000000e+00, 0.000000e+00, 0.000000e+00;
  3.258300e+07, -1.162894e+07, -8.416841e+07, 2.435989e+08, 0.000000e+00, 0.000000e+00, 0.000000e+00, 0.000000e+00, 0.000000e+00, 0.000000e+00, 0.000000e+00, 0.000000e+00;
  8.310156e+07, -1.075147e+08, 1.793210e+08, -3.535596e+08, 0.000000e+00, 0.000000e+00, 0.000000e+00, 0.000000e+00, 0.000000e+00, 0.000000e+00, 0.000000e+00, 0.000000e+00;
  0.000000e+00, 0.000000e+00, 0.000000e+00, 0.000000e+00, 0.000000e+00, 0.000000e+00, 0.000000e+00, 0.000000e+00, 0.000000e+00, 0.000000e+00, 0.000000e+00, 0.000000e+00;
  0.000000e+00, 0.000000e+00, 0.000000e+00, 0.000000e+00, 0.000000e+00, 0.000000e+00, 0.000000e+00, 0.000000e+00, 0.000000e+00, 0.000000e+00, 0.000000e+00, 0.000000e+00;
  0.000000e+00, 0.000000e+00, 0.000000e+00, 0.000000e+00, 0.000000e+00, 0.000000e+00, 0.000000e+00, 0.000000e+00, 0.000000e+00, 0.000000e+00, 0.000000e+00, 0.000000e+00;
  0.000000e+00, 0.000000e+00, 0.000000e+00, 0.000000e+00, 0.000000e+00, 0.000000e+00, 0.000000e+00, 0.000000e+00, 0.000000e+00, 0.000000e+00, 0.000000e+00, 0.000000e+00;
  0.000000e+00, 0.000000e+00, 0.000000e+00, 0.000000e+00, 0.000000e+00, 0.000000e+00, 0.000000e+00, 0.000000e+00, 1.440502e+07, -1.006391e+06, -1.487207e+07, 7.384680e+06;
  0.000000e+00, 0.000000e+00, 0.000000e+00, 0.000000e+00, 0.000000e+00, 0.000000e+00, 0.000000e+00, 0.000000e+00, -1.006391e+06, -2.335247e+05, 3.189145e+06, -4.201228e+06;
  0.000000e+00, 0.000000e+00, 0.000000e+00, 0.000000e+00, 0.000000e+00, 0.000000e+00, 0.000000e+00, 0.000000e+00, -1.487207e+07, 3.189145e+06, 1.043732e+07, -3.468491e+06;
  0.000000e+00, 0.000000e+00, 0.000000e+00, 0.000000e+00, 0.000000e+00, 0.000000e+00, 0.000000e+00, 0.000000e+00, 7.384680e+06, -4.201228e+06, -3.468491e+06, 6.646262e+06;
];
K(:,:,1,12) = [
  1.608991e+07, -2.093147e+07, 1.357945e+07, 2.911654e+07, 0.000000e+00, 0.000000e+00, 0.000000e+00, 0.000000e+00, 0.000000e+00, 0.000000e+00, 0.000000e+00, 0.000000e+00;
  1.608991e+07, -2.093147e+07, 1.357945e+07, 2.911654e+07, 0.000000e+00, 0.000000e+00, 0.000000e+00, 0.000000e+00, 0.000000e+00, 0.000000e+00, 0.000000e+00, 0.000000e+00;
  -7.125512e+07, 8.152676e+07, -3.857705e+07, -1.443333e+08, 0.000000e+00, 0.000000e+00, 0.000000e+00, 0.000000e+00, 0.000000e+00, 0.000000e+00, 0.000000e+00, 0.000000e+00;
  1.925099e+07, -1.023911e+07, -4.759324e+07, 2.243281e+08, 0.000000e+00, 0.000000e+00, 0.000000e+00, 0.000000e+00, 0.000000e+00, 0.000000e+00, 0.000000e+00, 0.000000e+00;
  0.000000e+00, 0.000000e+00, 0.000000e+00, 0.000000e+00, 0.000000e+00, 0.000000e+00, 0.000000e+00, 0.000000e+00, 0.000000e+00, 0.000000e+00, 0.000000e+00, 0.000000e+00;
  0.000000e+00, 0.000000e+00, 0.000000e+00, 0.000000e+00, 0.000000e+00, 0.000000e+00, 0.000000e+00, 0.000000e+00, 0.000000e+00, 0.000000e+00, 0.000000e+00, 0.000000e+00;
  0.000000e+00, 0.000000e+00, 0.000000e+00, 0.000000e+00, 0.000000e+00, 0.000000e+00, 0.000000e+00, 0.000000e+00, 0.000000e+00, 0.000000e+00, 0.000000e+00, 0.000000e+00;
  0.000000e+00, 0.000000e+00, 0.000000e+00, 0.000000e+00, 0.000000e+00, 0.000000e+00, 0.000000e+00, 0.000000e+00, 0.000000e+00, 0.000000e+00, 0.000000e+00, 0.000000e+00;
  0.000000e+00, 0.000000e+00, 0.000000e+00, 0.000000e+00, 0.000000e+00, 0.000000e+00, 0.000000e+00, 0.000000e+00, -1.206743e+07, 6.443258e+06, 7.384680e+06, -1.484571e+07;
  0.000000e+00, 0.000000e+00, 0.000000e+00, 0.000000e+00, 0.000000e+00, 0.000000e+00, 0.000000e+00, 0.000000e+00, 6.443258e+06, -2.341375e+06, -4.201228e+06, 6.257565e+06;
  0.000000e+00, 0.000000e+00, 0.000000e+00, 0.000000e+00, 0.000000e+00, 0.000000e+00, 0.000000e+00, 0.000000e+00, 7.384680e+06, -4.201228e+06, -3.468491e+06, 6.646262e+06;
  0.000000e+00, 0.000000e+00, 0.000000e+00, 0.000000e+00, 0.000000e+00, 0.000000e+00, 0.000000e+00, 0.000000e+00, -1.484571e+07, 6.257565e+06, 6.646262e+06, -8.815856e+06;
];
K(:,:,2,1) = [
  -3.967239e+09, 4.194968e+09, -2.700738e+09, -1.114364e+09, 0.000000e+00, 0.000000e+00, 0.000000e+00, 0.000000e+00, 7.914499e+07, -4.816494e+07, -1.564169e+07, 4.670450e+07;
  4.194968e+09, -4.541721e+09, 3.426817e+09, 2.033272e+08, 0.000000e+00, 0.000000e+00, 0.000000e+00, 0.000000e+00, -2.238759e+08, 1.401672e+08, 2.276440e+07, -1.078427e+08;
  -2.700738e+09, 3.426817e+09, -4.122623e+09, 2.690986e+09, 0.000000e+00, 0.000000e+00, 0.000000e+00, 0.000000e+00, 4.929237e+08, -3.515581e+08, 5.913451e+07, 1.518725e+08;
  -1.114364e+09, 2.033272e+08, 2.690986e+09, -5.473784e+09, 0.000000e+00, 0.000000e+00, 0.000000e+00, 0.000000e+00, -5.115702e+08, 4.945089e+08, -3.725351e+08, 1.028154e+08;
  0.000000e+00, 0.000000e+00, 0.000000e+00, 0.000000e+00, 0.000000e+00, 0.000000e+00, 0.000000e+00, 0.000000e+00, 0.000000e+00, 0.000000e+00, 0.000000e+00, 0.000000e+00;
  0.000000e+00, 0.000000e+00, 0.000000e+00, 0.000000e+00, 0.000000e+00, 0.000000e+00, 0.000000e+00, 0.000000e+00, 0.000000e+00, 0.000000e+00, 0.000000e+00, 0.000000e+00;
  0.000000e+00, 0.000000e+00, 0.000000e+00, 0.000000e+00, 0.000000e+00, 0.000000e+00, 0.000000e+00, 0.000000e+00, 0.000000e+00, 0.000000e+00, 0.000000e+00, 0.000000e+00;
  0.000000e+00, 0.000000e+00, 0.000000e+00, 0.000000e+00, 0.000000e+00, 0.000000e+00, 0.000000e+00, 0.000000e+00, 0.000000e+00, 0.000000e+00, 0.000000e+00, 0.000000e+00;
  0.000000e+00, 0.000000e+00, 0.000000e+00, 0.000000e+00, 0.000000e+00, 0.000000e+00, 0.000000e+00, 0.000000e+00, -2.305731e+07, 1.069709e+07, 1.045633e+07, -1.366719e+07;
  0.000000e+00, 0.000000e+00, 0.000000e+00, 0.000000e+00, 0.000000e+00, 0.000000e+00, 0.000000e+00, 0.000000e+00, 1.069709e+07, -6.300489e+06, -1.485052e+06, 5.774631e+06;
  0.000000e+00, 0.000000e+00, 0.000000e+00, 0.000000e+00, 0.000000e+00, 0.000000e+00, 0.000000e+00, 0.000000e+00, 1.045633e+07, -1.485052e+06, -1.098219e+07, 7.697182e+06;
  0.000000e+00, 0.000000e+00, 0.000000e+00, 0.000000e+00, 0.000000e+00, 0.000000e+00, 0.000000e+00, 0.000000e+00, -1.366719e+07, 5.774631e+06, 7.697182e+06, -1.223274e+07;
];
K(:,:,2,2) = [
  3.641206e+09, -4.541721e+09, 4.331878e+09, -5.948073e+08, 0.000000e+00, 0.000000e+00, 0.000000e+00, 0.000000e+00, -2.264475e+07, 2.044168e+07, -1.100450e+07, -6.003297e+06;
  -4.541721e+09, 5.818670e+09, -6.010641e+09, 1.741584e+09, 0.000000e+00, 0.000000e+00, 0.000000e+00, 0.000000e+00, 1.164327e+08, -8.950475e+07, 2.564035e+07, 3.218385e+07;
  4.331878e+09, -6.010641e+09, 7.674620e+09, -5.010544e+09, 0.000000e+00, 0.000000e+00, 0.000000e+00, 0.000000e+00, -4.087693e+08, 3.096073e+08, -9.455087e+07, -7.349278e+07;
  -5.948073e+08, 1.741584e+09, -5.010544e+09, 7.915655e+09, 0.000000e+00, 0.000000e+00, 0.000000e+00, 0.000000e+00, 6.964003e+08, -5.816652e+08, 3.176309e+08, -6.003759e+07;
  0.000000e+00, 0.000000e+00, 0.000000e+00, 0.000000e+00, 0.000000e+00, 0.000000e+00, 0.000000e+00, 0.000000e+00, 0.000000e+00, 0.000000e+00, 0.000000e+00, 0.000000e+00;
  0.000000e+00, 0.000000e+00, 0.000000e+00, 0.000000e+00, 0.000000e+00, 0.000000e+00, 0.000000e+00, 0.000000e+00, 0.000000e+00, 0.000000e+00, 0.000000e+00, 0.000000e+00;
  0.000000e+00, 0.000000e+00, 0.000000e+00, 0.000000e+00, 0.000000e+00, 0.000000e+00, 0.000000e+00, 0.000000e+00, 0.000000e+00, 0.000000e+00, 0.000000e+00, 0.000000e+00;
  0.000000e+00, 0.000000e+00, 0.000000e+00, 0.000000e+00, 0.000000e+00, 0.000000e+00, 0.000000e+00, 0.000000e+00, 0.000000e+00, 0.000000e+00, 0.000000e+00, 0.000000e+00;
  0.000000e+00, 0.000000e+00, 0.000000e+00, 0.000000e+00, 0.000000e+00, 0.000000e+00, 0.000000e+00, 0.000000e+00, 2.757429e+07, -1.479928e+07, -7.455745e+06, 1.549554e+07;
  0.000000e+00, 0.000000e+00, 0.000000e+00, 0.000000e+00, 0.000000e+00, 0.000000e+00, 0.000000e+00, 0.000000e+00, -1.479928e+07, 1.005927e+07, 3.481325e+05, -7.364824e+06;
  0.000000e+00, 0.000000e+00, 0.000000e+00, 0.000000e+00, 0.000000e+00, 0.000000e+00, 0.000000e+00, 0.000000e+00, -7.455745e+06, 3.481325e+05, 1.015019e+07, -8.692176e+06;
  0.000000e+00, 0.000000e+00, 0.000000e+00, 0.000000e+00, 0.000000e+00, 0.000000e+00, 0.000000e+00, 0.000000e+00, 1.549554e+07, -7.364824e+06, -8.692176e+06, 1.571653e+07;
];
K(:,:,2,3) = [
  -1.607009e+09, 3.426817e+09, -6.627779e+09, 6.096466e+09, 0.000000e+00, 0.000000e+00, 0.000000e+00, 0.000000e+00, -2.343000e+07, 6.564053e+06, 2.723638e+07, -3.647981e+07;
  3.426817e+09, -6.010641e+09, 9.940784e+09, -8.338401e+09, 0.000000e+00, 0.000000e+00, 0.000000e+00, 0.000000e+00, 1.344632e+07, 2.443133e+07, -8.475381e+07, 8.045567e+07;
  -6.627779e+09, 9.940784e+09, -1.428106e+10, 1.167907e+10, 0.000000e+00, 0.000000e+00, 0.000000e+00, 0.000000e+00, 2.120397e+08, -2.266323e+08, 2.186836e+08, -1.374318e+08;
  6.096466e+09, -8.338401e+09, 1.167907e+10, -1.199241e+10, 0.000000e+00, 0.000000e+00, 0.000000e+00, 0.000000e+00, -8.602221e+08, 7.030519e+08, -3.867825e+08, 1.705149e+08;
  0.000000e+00, 0.000000e+00, 0.000000e+00, 0.000000e+00, 0.000000e+00, 0.000000e+00, 0.000000e+00, 0.000000e+00, 0.000000e+00, 0.000000e+00, 0.000000e+00, 0.000000e+00;
  0.000000e+00, 0.000000e+00, 0.000000e+00, 0.000000e+00, 0.000000e+00, 0.000000e+00, 0.000000e+00, 0.000000e+00, 0.000000e+00, 0.000000e+00, 0.000000e+00, 0.000000e+00;
  0.000000e+00, 0.000000e+00, 0.000000e+00, 0.000000e+00, 0.000000e+00, 0.000000e+00, 0.000000e+00, 0.000000e+00, 0.000000e+00, 0.000000e+00, 0.000000e+00, 0.000000e+00;
  0.000000e+00, 0.000000e+00, 0.000000e+00, 0.000000e+00, 0.000000e+00, 0.000000e+00, 0.000000e+00, 0.000000e+00, 0.000000e+00, 0.000000e+00, 0.000000e+00, 0.000000e+00;
  0.000000e+00, 0.000000e+00, 0.000000e+00, 0.000000e+00, 0.000000e+00, 0.000000e+00, 0.000000e+00, 0.000000e+00, -2.353882e+07, 2.032796e+07, -8.537945e+06, -9.822091e+06;
  0.000000e+00, 0.000000e+00, 0.000000e+00, 0.000000e+00, 0.000000e+00, 0.000000e+00, 0.000000e+00, 0.000000e+00, 2.032796e+07, -1.603838e+07, 5.252936e+06, 5.286529e+06;
  0.000000e+00, 0.000000e+00, 0.000000e+00, 0.000000e+00, 0.000000e+00, 0.000000e+00, 0.000000e+00, 0.000000e+00, -8.537945e+06, 5.252936e+06, -2.213910e+06, 5.591127e+06;
  0.000000e+00, 0.000000e+00, 0.000000e+00, 0.000000e+00, 0.000000e+00, 0.000000e+00, 0.000000e+00, 0.000000e+00, -9.822091e+06, 5.286529e+06, 5.591127e+06, -1.404616e+07;
];
K(:,:,2,4) = [
  -1.439319e+09, 2.033272e+08, 4.990827e+09, -1.149458e+10, 0.000000e+00, 0.000000e+00, 0.000000e+00, 0.000000e+00, -1.691679e+07, 1.156374e+07, -7.885593e+06, 1.976710e+07;
  2.033272e+08, 1.741584e+09, -8.338401e+09, 1.551843e+10, 0.000000e+00, 0.000000e+00, 0.000000e+00, 0.000000e+00, 2.977417e+07, -4.627893e+07, 8.327352e+07, -1.026197e+08;
  4.990827e+09, -8.338401e+09, 1.530382e+10, -1.928044e+10, 0.000000e+00, 0.000000e+00, 0.000000e+00, 0.000000e+00, -1.440898e+08, 2.266011e+08, -3.628214e+08, 3.611235e+08;
  -1.149458e+10, 1.551843e+10, -1.928044e+10, 1.519565e+10, 0.000000e+00, 0.000000e+00, 0.000000e+00, 0.000000e+00, 7.241734e+08, -7.538610e+08, 7.611645e+08, -6.472379e+08;
  0.000000e+00, 0.000000e+00, 0.000000e+00, 0.000000e+00, 0.000000e+00, 0.000000e+00, 0.000000e+00, 0.000000e+00, 0.000000e+00, 0.000000e+00, 0.000000e+00, 0.000000e+00;
  0.000000e+00, 0.000000e+00, 0.000000e+00, 0.000000e+00, 0.000000e+00, 0.000000e+00, 0.000000e+00, 0.000000e+00, 0.000000e+00, 0.000000e+00, 0.000000e+00, 0.000000e+00;
  0.000000e+00, 0.000000e+00, 0.000000e+00, 0.000000e+00, 0.000000e+00, 0.000000e+00, 0.000000e+00, 0.000000e+00, 0.000000e+00, 0.000000e+00, 0.000000e+00, 0.000000e+00;
  0.000000e+00, 0.000000e+00, 0.000000e+00, 0.000000e+00, 0.000000e+00, 0.000000e+00, 0.000000e+00, 0.000000e+00, 0.000000e+00, 0.000000e+00, 0.000000e+00, 0.000000e+00;
  0.000000e+00, 0.000000e+00, 0.000000e+00, 0.000000e+00, 0.000000e+00, 0.000000e+00, 0.000000e+00, 0.000000e+00, 1.140252e+06, -1.605537e+07, 3.204987e+07, -1.584872e+07;
  0.000000e+00, 0.000000e+00, 0.000000e+00, 0.000000e+00, 0.000000e+00, 0.000000e+00, 0.000000e+00, 0.000000e+00, -1.605537e+07, 1.659506e+07, -1.595205e+07, 8.070465e+06;
  0.000000e+00, 0.000000e+00, 0.000000e+00, 0.000000e+00, 0.000000e+00, 0.000000e+00, 0.000000e+00, 0.000000e+00, 3.204987e+07, -1.595205e+07, -7.384345e+06, 5.346792e+06;
  0.000000e+00, 0.000000e+00, 0.000000e+00, 0.000000e+00, 0.000000e+00, 0.000000e+00, 0.000000e+00, 0.000000e+00, -1.584872e+07, 8.070465e+06, 5.346792e+06, -4.297350e+06;
];
K(:,:,2,5) = [
  0.000000e+00, 0.000000e+00, 0.000000e+00, 0.000000e+00, -2.076850e+09, 1.932147e+09, -8.989039e+08, -7.146984e+08, 0.000000e+00, 0.000000e+00, 0.000000e+00, 0.000000e+00;
  0.000000e+00, 0.000000e+00, 0.000000e+00, 0.000000e+00, 2.485909e+09, -2.416504e+09, 1.432096e+09, 4.005919e+08, 0.000000e+00, 0.000000e+00, 0.000000e+00, 0.000000e+00;
  0.000000e+00, 0.000000e+00, 0.000000e+00, 0.000000e+00, -1.992633e+09, 2.337156e+09, -2.390463e+09, 1.186930e+09, 0.000000e+00, 0.000000e+00, 0.000000e+00, 0.000000e+00;
  0.000000e+00, 0.000000e+00, 0.000000e+00, 0.000000e+00, -3.897433e+08, -3.975426e+08, 2.292569e+09, -3.488192e+09, 0.000000e+00, 0.000000e+00, 0.000000e+00, 0.000000e+00;
  -1.982618e+09, 2.373119e+09, -1.895990e+09, -3.951046e+08, 0.000000e+00, 0.000000e+00, 0.000000e+00, 0.000000e+00, 7.785278e+07, -4.104743e+07, -2.323226e+07, 4.186294e+07;
  1.819357e+09, -2.269161e+09, 2.163767e+09, -2.958774e+08, 0.000000e+00, 0.000000e+00, 0.000000e+00, 0.000000e+00, -1.896727e+08, 1.127574e+08, 2.995777e+07, -9.273082e+07;
  -8.022607e+08, 1.258706e+09, -2.057242e+09, 1.893459e+09, 0.000000e+00, 0.000000e+00, 0.000000e+00, 0.000000e+00, 3.560078e+08, -2.609403e+08, 5.005743e+07, 1.182372e+08;
  -7.200597e+08, 5.022571e+08, 7.878198e+08, -2.728184e+09, 0.000000e+00, 0.000000e+00, 0.000000e+00, 0.000000e+00, -3.052490e+08, 3.311492e+08, -2.999861e+08, 1.027872e+08;
  0.000000e+00, 0.000000e+00, 0.000000e+00, 0.000000e+00, 0.000000e+00, 0.000000e+00, 0.000000e+00, 0.000000e+00, 0.000000e+00, 0.000000e+00, 0.000000e+00, 0.000000e+00;
  0.000000e+00, 0.000000e+00, 0.000000e+00, 0.000000e+00, 0.000000e+00, 0.000000e+00, 0.000000e+00, 0.000000e+00, 0.000000e+00, 0.000000e+00, 0.000000e+00, 0.000000e+00;
  0.000000e+00, 0.000000e+00, 0.000000e+00, 0.000000e+00, 0.000000e+00, 0.000000e+00, 0.000000e+00, 0.000000e+00, 0.000000e+00, 0.000000e+00, 0.000000e+00, 0.000000e+00;
  0.000000e+00, 0.000000e+00, 0.000000e+00, 0.000000e+00, 0.000000e+00, 0.000000e+00, 0.000000e+00, 0.000000e+00, 0.000000e+00, 0.000000e+00, 0.000000e+00, 0.000000e+00;
];
K(:,:,2,6) = [
  0.000000e+00, 0.000000e+00, 0.000000e+00, 0.000000e+00, 1.932147e+09, -2.416504e+09, 2.337156e+09, -3.975426e+08, 0.000000e+00, 0.000000e+00, 0.000000e+00, 0.000000e+00;
  0.000000e+00, 0.000000e+00, 0.000000e+00, 0.000000e+00, -2.416504e+09, 3.118742e+09, -3.298860e+09, 1.121007e+09, 0.000000e+00, 0.000000e+00, 0.000000e+00, 0.000000e+00;
  0.000000e+00, 0.000000e+00, 0.000000e+00, 0.000000e+00, 2.337156e+09, -3.298860e+09, 4.384135e+09, -3.195421e+09, 0.000000e+00, 0.000000e+00, 0.000000e+00, 0.000000e+00;
  0.000000e+00, 0.000000e+00, 0.000000e+00, 0.000000e+00, -3.975426e+08, 1.121007e+09, -3.195421e+09, 5.195044e+09, 0.000000e+00, 0.000000e+00, 0.000000e+00, 0.000000e+00;
  1.819357e+09, -2.269161e+09, 2.163767e+09, -2.958774e+08, 0.000000e+00, 0.000000e+00, 0.000000e+00, 0.000000e+00, -1.132238e+07, 1.022084e+07, -5.502249e+06, -3.001649e+06;
  -2.269161e+09, 2.906831e+09, -3.001633e+09, 8.674054e+08, 0.000000e+00, 0.000000e+00, 0.000000e+00, 0.000000e+00, 5.821637e+07, -4.475238e+07, 1.282017e+07, 1.609193e+07;
  2.163767e+09, -3.001633e+09, 3.830491e+09, -2.496722e+09, 0.000000e+00, 0.000000e+00, 0.000000e+00, 0.000000e+00, -2.043846e+08, 1.548036e+08, -4.727543e+07, -3.674639e+07;
  -2.958774e+08, 8.674054e+08, -2.496722e+09, 3.943310e+09, 0.000000e+00, 0.000000e+00, 0.000000e+00, 0.000000e+00, 3.482002e+08, -2.908326e+08, 1.588155e+08, -3.001880e+07;
  0.000000e+00, 0.000000e+00, 0.000000e+00, 0.000000e+00, 0.000000e+00, 0.000000e+00, 0.000000e+00, 0.000000e+00, 0.000000e+00, 0.000000e+00, 0.000000e+00, 0.000000e+00;
  0.000000e+00, 0.000000e+00, 0.000000e+00, 0.000000e+00, 0.000000e+00, 0.000000e+00, 0.000000e+00, 0.000000e+00, 0.000000e+00, 0.000000e+00, 0.000000e+00, 0.000000e+00;
  0.000000e+00, 0.000000e+00, 0.000000e+00, 0.000000e+00, 0.000000e+00, 0.000000e+00, 0.000000e+00, 0.000000e+00, 0.000000e+00, 0.000000e+00, 0.000000e+00, 0.000000e+00;
  0.000000e+00, 0.000000e+00, 0.000000e+00, 0.000000e+00, 0.000000e+00, 0.000000e+00, 0.000000e+00, 0.000000e+00, 0.000000e+00, 0.000000e+00, 0.000000e+00, 0.000000e+00;
];
K(:,:,2,7) = [
  0.000000e+00, 0.000000e+00, 0.000000e+00, 0.000000e+00, -8.989039e+08, 2.337156e+09, -4.895619e+09, 4.592410e+09, 0.000000e+00, 0.000000e+00, 0.000000e+00, 0.000000e+00;
  0.000000e+00, 0.000000e+00, 0.000000e+00, 0.000000e+00, 1.432096e+09, -3.298860e+09, 6.650298e+09, -6.523278e+09, 0.000000e+00, 0.000000e+00, 0.000000e+00, 0.000000e+00;
  0.000000e+00, 0.000000e+00, 0.000000e+00, 0.000000e+00, -2.390463e+09, 4.384135e+09, -8.169549e+09, 9.101765e+09, 0.000000e+00, 0.000000e+00, 0.000000e+00, 0.000000e+00;
  0.000000e+00, 0.000000e+00, 0.000000e+00, 0.000000e+00, 2.292569e+09, -3.195421e+09, 5.477014e+09, -8.385442e+09, 0.000000e+00, 0.000000e+00, 0.000000e+00, 0.000000e+00;
  -8.022607e+08, 1.258706e+09, -2.057242e+09, 1.893459e+09, 0.000000e+00, 0.000000e+00, 0.000000e+00, 0.000000e+00, -5.413837e+07, 2.484030e+07, 2.444271e+07, -3.513719e+07;
  2.163767e+09, -3.001633e+09, 3.830491e+09, -2.496722e+09, 0.000000e+00, 0.000000e+00, 0.000000e+00, 0.000000e+00, 1.168560e+08, -5.667310e+07, -4.963392e+07, 8.258421e+07;
  -4.562398e+09, 6.096654e+09, -7.127650e+09, 4.009387e+09, 0.000000e+00, 0.000000e+00, 0.000000e+00, 0.000000e+00, -1.242660e+08, 6.696099e+07, 5.135680e+07, -1.221261e+08;
  4.193300e+09, -5.824579e+09, 7.634138e+09, -5.968048e+09, 0.000000e+00, 0.000000e+00, 0.000000e+00, 0.000000e+00, -1.820832e+08, 9.743392e+07, 2.293297e+07, 6.748778e+05;
  0.000000e+00, 0.000000e+00, 0.000000e+00, 0.000000e+00, 0.000000e+00, 0.000000e+00, 0.000000e+00, 0.000000e+00, 0.000000e+00, 0.000000e+00, 0.000000e+00, 0.000000e+00;
  0.000000e+00, 0.000000e+00, 0.000000e+00, 0.000000e+00, 0.000000e+00, 0.000000e+00, 0.000000e+00, 0.000000e+00, 0.000000e+00, 0.000000e+00, 0.000000e+00, 0.000000e+00;
  0.000000e+00, 0.000000e+00, 0.000000e+00, 0.000000e+00, 0.000000e+00, 0.000000e+00, 0.000000e+00, 0.000000e+00, 0.000000e+00, 0.000000e+00, 0.000000e+00, 0.000000e+00;
  0.000000e+00, 0.000000e+00, 0.000000e+00, 0.000000e+00, 0.000000e+00, 0.000000e+00, 0.000000e+00, 0.000000e+00, 0.000000e+00, 0.000000e+00, 0.000000e+00, 0.000000e+00;
];
K(:,:,2,8) = [
  0.000000e+00, 0.000000e+00, 0.000000e+00, 0.000000e+00, -7.146984e+08, -3.975426e+08, 4.592410e+09, -9.508991e+09, 0.000000e+00, 0.000000e+00, 0.000000e+00, 0.000000e+00;
  0.000000e+00, 0.000000e+00, 0.000000e+00, 0.000000e+00, 4.005919e+08, 1.121007e+09, -6.523278e+09, 1.279782e+10, 0.000000e+00, 0.000000e+00, 0.000000e+00, 0.000000e+00;
