function K = fuel(p)
% Auto-generated constant matrix
K = zeros(12,12,12,12);
K(:,:,1,1) = [
  1.404190e+10, -1.175566e+10, 3.213779e+09, 6.300432e+09, 0.000000e+00, 0.000000e+00, 0.000000e+00, 0.000000e+00, -1.108343e+09, 5.487719e+08, 3.242380e+08, -4.969966e+08;
  -1.175566e+10, 1.115337e+10, -5.814956e+09, -3.341684e+09, 0.000000e+00, 0.000000e+00, 0.000000e+00, 0.000000e+00, 2.620166e+09, -1.568083e+09, -3.470503e+08, 1.202941e+09;
  3.213779e+09, -5.814956e+09, 8.879562e+09, -5.087230e+09, 0.000000e+00, 0.000000e+00, 0.000000e+00, 0.000000e+00, -4.899473e+09, 3.746841e+09, -8.798613e+08, -1.841330e+09;
  6.300432e+09, -3.341684e+09, -5.087230e+09, 1.138939e+10, 0.000000e+00, 0.000000e+00, 0.000000e+00, 0.000000e+00, 4.580177e+09, -4.836502e+09, 3.945772e+09, -3.492367e+08;
  0.000000e+00, 0.000000e+00, 0.000000e+00, 0.000000e+00, 0.000000e+00, 0.000000e+00, 0.000000e+00, 0.000000e+00, 0.000000e+00, 0.000000e+00, 0.000000e+00, 0.000000e+00;
  0.000000e+00, 0.000000e+00, 0.000000e+00, 0.000000e+00, 0.000000e+00, 0.000000e+00, 0.000000e+00, 0.000000e+00, 0.000000e+00, 0.000000e+00, 0.000000e+00, 0.000000e+00;
  0.000000e+00, 0.000000e+00, 0.000000e+00, 0.000000e+00, 0.000000e+00, 0.000000e+00, 0.000000e+00, 0.000000e+00, 0.000000e+00, 0.000000e+00, 0.000000e+00, 0.000000e+00;
  0.000000e+00, 0.000000e+00, 0.000000e+00, 0.000000e+00, 0.000000e+00, 0.000000e+00, 0.000000e+00, 0.000000e+00, 0.000000e+00, 0.000000e+00, 0.000000e+00, 0.000000e+00;
  0.000000e+00, 0.000000e+00, 0.000000e+00, 0.000000e+00, 0.000000e+00, 0.000000e+00, 0.000000e+00, 0.000000e+00, 1.133641e+08, -3.348988e+07, -6.032264e+07, 3.760352e+07;
  0.000000e+00, 0.000000e+00, 0.000000e+00, 0.000000e+00, 0.000000e+00, 0.000000e+00, 0.000000e+00, 0.000000e+00, -3.348988e+07, 2.652071e+07, 2.056816e+06, -2.672552e+07;
  0.000000e+00, 0.000000e+00, 0.000000e+00, 0.000000e+00, 0.000000e+00, 0.000000e+00, 0.000000e+00, 0.000000e+00, -6.032264e+07, 2.056816e+06, 6.011783e+07, -2.018481e+07;
  0.000000e+00, 0.000000e+00, 0.000000e+00, 0.000000e+00, 0.000000e+00, 0.000000e+00, 0.000000e+00, 0.000000e+00, 3.760352e+07, -2.672552e+07, -2.018481e+07, 5.484377e+07;
];
K(:,:,1,2) = [
  -1.175566e+10, 1.277692e+10, -9.212829e+09, -1.929265e+09, 0.000000e+00, 0.000000e+00, 0.000000e+00, 0.000000e+00, 7.559113e+08, -5.096557e+08, -1.140615e+07, 3.529721e+08;
  1.277692e+10, -1.414127e+10, 1.139024e+10, -2.518679e+08, 0.000000e+00, 0.000000e+00, 0.000000e+00, 0.000000e+00, -2.237749e+09, 1.565775e+09, -1.504407e+08, -8.738702e+08;
  -9.212829e+09, 1.139024e+10, -1.277859e+10, 6.813428e+09, 0.000000e+00, 0.000000e+00, 0.000000e+00, 0.000000e+00, 5.508538e+09, -4.199582e+09, 1.239768e+09, 1.460904e+09;
  -1.929265e+09, -2.518679e+08, 6.813428e+09, -1.234815e+10, 0.000000e+00, 0.000000e+00, 0.000000e+00, 0.000000e+00, -7.273064e+09, 6.449273e+09, -3.883489e+09, 5.706116e+06;
  0.000000e+00, 0.000000e+00, 0.000000e+00, 0.000000e+00, 0.000000e+00, 0.000000e+00, 0.000000e+00, 0.000000e+00, 0.000000e+00, 0.000000e+00, 0.000000e+00, 0.000000e+00;
  0.000000e+00, 0.000000e+00, 0.000000e+00, 0.000000e+00, 0.000000e+00, 0.000000e+00, 0.000000e+00, 0.000000e+00, 0.000000e+00, 0.000000e+00, 0.000000e+00, 0.000000e+00;
  0.000000e+00, 0.000000e+00, 0.000000e+00, 0.000000e+00, 0.000000e+00, 0.000000e+00, 0.000000e+00, 0.000000e+00, 0.000000e+00, 0.000000e+00, 0.000000e+00, 0.000000e+00;
  0.000000e+00, 0.000000e+00, 0.000000e+00, 0.000000e+00, 0.000000e+00, 0.000000e+00, 0.000000e+00, 0.000000e+00, 0.000000e+00, 0.000000e+00, 0.000000e+00, 0.000000e+00;
  0.000000e+00, 0.000000e+00, 0.000000e+00, 0.000000e+00, 0.000000e+00, 0.000000e+00, 0.000000e+00, 0.000000e+00, -1.069169e+08, 5.652600e+07, 3.324654e+07, -5.889004e+07;
  0.000000e+00, 0.000000e+00, 0.000000e+00, 0.000000e+00, 0.000000e+00, 0.000000e+00, 0.000000e+00, 0.000000e+00, 5.652600e+07, -3.683515e+07, -1.182017e+06, 2.642679e+07;
  0.000000e+00, 0.000000e+00, 0.000000e+00, 0.000000e+00, 0.000000e+00, 0.000000e+00, 0.000000e+00, 0.000000e+00, 3.324654e+07, -1.182017e+06, -4.365491e+07, 3.118109e+07;
  0.000000e+00, 0.000000e+00, 0.000000e+00, 0.000000e+00, 0.000000e+00, 0.000000e+00, 0.000000e+00, 0.000000e+00, -5.889004e+07, 2.642679e+07, 3.118109e+07, -5.292585e+07;
];
K(:,:,1,3) = [
  3.213779e+09, -9.212829e+09, 1.873389e+10, -1.445082e+10, 0.000000e+00, 0.000000e+00, 0.000000e+00, 0.000000e+00, -4.059683e+08, 5.275996e+08, -4.835136e+08, -3.804058e+07;
  -9.212829e+09, 1.412251e+10, -2.063780e+10, 1.453678e+10, 0.000000e+00, 0.000000e+00, 0.000000e+00, 0.000000e+00, 1.742745e+09, -1.718069e+09, 1.207255e+09, 6.862381e+07;
  1.873389e+10, -2.063780e+10, 1.998676e+10, -1.167173e+10, 0.000000e+00, 0.000000e+00, 0.000000e+00, 0.000000e+00, -6.260245e+09, 5.217766e+09, -2.741810e+09, -1.257526e+08;
  -1.445082e+10, 1.453678e+10, -1.167173e+10, 7.168037e+09, 0.000000e+00, 0.000000e+00, 0.000000e+00, 0.000000e+00, 1.221139e+10, -9.775159e+09, 4.666738e+09, -1.427370e+08;
  0.000000e+00, 0.000000e+00, 0.000000e+00, 0.000000e+00, 0.000000e+00, 0.000000e+00, 0.000000e+00, 0.000000e+00, 0.000000e+00, 0.000000e+00, 0.000000e+00, 0.000000e+00;
  0.000000e+00, 0.000000e+00, 0.000000e+00, 0.000000e+00, 0.000000e+00, 0.000000e+00, 0.000000e+00, 0.000000e+00, 0.000000e+00, 0.000000e+00, 0.000000e+00, 0.000000e+00;
  0.000000e+00, 0.000000e+00, 0.000000e+00, 0.000000e+00, 0.000000e+00, 0.000000e+00, 0.000000e+00, 0.000000e+00, 0.000000e+00, 0.000000e+00, 0.000000e+00, 0.000000e+00;
  0.000000e+00, 0.000000e+00, 0.000000e+00, 0.000000e+00, 0.000000e+00, 0.000000e+00, 0.000000e+00, 0.000000e+00, 0.000000e+00, 0.000000e+00, 0.000000e+00, 0.000000e+00;
  0.000000e+00, 0.000000e+00, 0.000000e+00, 0.000000e+00, 0.000000e+00, 0.000000e+00, 0.000000e+00, 0.000000e+00, 5.969854e+07, -8.241767e+07, 5.579938e+07, 5.068494e+07;
  0.000000e+00, 0.000000e+00, 0.000000e+00, 0.000000e+00, 0.000000e+00, 0.000000e+00, 0.000000e+00, 0.000000e+00, -8.241767e+07, 5.774896e+07, -1.586637e+07, -1.602598e+07;
  0.000000e+00, 0.000000e+00, 0.000000e+00, 0.000000e+00, 0.000000e+00, 0.000000e+00, 0.000000e+00, 0.000000e+00, 5.579938e+07, -1.586637e+07, -1.407640e+07, -2.452002e+07;
  0.000000e+00, 0.000000e+00, 0.000000e+00, 0.000000e+00, 0.000000e+00, 0.000000e+00, 0.000000e+00, 0.000000e+00, 5.068494e+07, -1.602598e+07, -2.452002e+07, 2.980989e+07;
];
K(:,:,1,4) = [
  6.300432e+09, -1.929265e+09, -1.445082e+10, 3.141166e+10, 0.000000e+00, 0.000000e+00, 0.000000e+00, 0.000000e+00, 4.509684e+08, -5.998032e+08, 7.454325e+08, -3.789450e+08;
  -1.929265e+09, -2.809137e+09, 1.765284e+10, -3.120094e+10, 0.000000e+00, 0.000000e+00, 0.000000e+00, 0.000000e+00, -1.693223e+09, 1.970648e+09, -2.087991e+09, 1.002912e+09;
  -1.445082e+10, 1.765284e+10, -2.131620e+10, 1.922542e+10, 0.000000e+00, 0.000000e+00, 0.000000e+00, 0.000000e+00, 6.286909e+09, -6.137972e+09, 5.007555e+09, -2.085377e+09;
  3.141166e+10, -3.120094e+10, 1.922542e+10, 2.994065e+09, 0.000000e+00, 0.000000e+00, 0.000000e+00, 0.000000e+00, -1.465662e+10, 1.238131e+10, -7.243429e+09, 1.950687e+09;
  0.000000e+00, 0.000000e+00, 0.000000e+00, 0.000000e+00, 0.000000e+00, 0.000000e+00, 0.000000e+00, 0.000000e+00, 0.000000e+00, 0.000000e+00, 0.000000e+00, 0.000000e+00;
  0.000000e+00, 0.000000e+00, 0.000000e+00, 0.000000e+00, 0.000000e+00, 0.000000e+00, 0.000000e+00, 0.000000e+00, 0.000000e+00, 0.000000e+00, 0.000000e+00, 0.000000e+00;
  0.000000e+00, 0.000000e+00, 0.000000e+00, 0.000000e+00, 0.000000e+00, 0.000000e+00, 0.000000e+00, 0.000000e+00, 0.000000e+00, 0.000000e+00, 0.000000e+00, 0.000000e+00;
  0.000000e+00, 0.000000e+00, 0.000000e+00, 0.000000e+00, 0.000000e+00, 0.000000e+00, 0.000000e+00, 0.000000e+00, 0.000000e+00, 0.000000e+00, 0.000000e+00, 0.000000e+00;
  0.000000e+00, 0.000000e+00, 0.000000e+00, 0.000000e+00, 0.000000e+00, 0.000000e+00, 0.000000e+00, 0.000000e+00, 4.460975e+06, 5.681270e+07, -1.341611e+08, 6.108201e+07;
  0.000000e+00, 0.000000e+00, 0.000000e+00, 0.000000e+00, 0.000000e+00, 0.000000e+00, 0.000000e+00, 0.000000e+00, 5.681270e+07, -6.485006e+07, 5.894735e+07, -1.846764e+07;
  0.000000e+00, 0.000000e+00, 0.000000e+00, 0.000000e+00, 0.000000e+00, 0.000000e+00, 0.000000e+00, 0.000000e+00, -1.341611e+08, 5.894735e+07, 5.084340e+07, -3.701893e+07;
  0.000000e+00, 0.000000e+00, 0.000000e+00, 0.000000e+00, 0.000000e+00, 0.000000e+00, 0.000000e+00, 0.000000e+00, 6.108201e+07, -1.846764e+07, -3.701893e+07, 2.837366e+07;
];
K(:,:,1,5) = [
  0.000000e+00, 0.000000e+00, 0.000000e+00, 0.000000e+00, 7.474405e+09, -6.305500e+09, 1.845684e+09, 3.168060e+09, 0.000000e+00, 0.000000e+00, 0.000000e+00, 0.000000e+00;
  0.000000e+00, 0.000000e+00, 0.000000e+00, 0.000000e+00, -6.305500e+09, 6.129672e+09, -3.521381e+09, -1.338888e+09, 0.000000e+00, 0.000000e+00, 0.000000e+00, 0.000000e+00;
  0.000000e+00, 0.000000e+00, 0.000000e+00, 0.000000e+00, 1.845684e+09, -3.521381e+09, 5.784312e+09, -4.053562e+09, 0.000000e+00, 0.000000e+00, 0.000000e+00, 0.000000e+00;
  0.000000e+00, 0.000000e+00, 0.000000e+00, 0.000000e+00, 3.168060e+09, -1.338888e+09, -4.053562e+09, 8.570433e+09, 0.000000e+00, 0.000000e+00, 0.000000e+00, 0.000000e+00;
  7.020949e+09, -5.877832e+09, 1.606890e+09, 3.150216e+09, 0.000000e+00, 0.000000e+00, 0.000000e+00, 0.000000e+00, -5.541717e+08, 2.743860e+08, 1.621190e+08, -2.484983e+08;
  -5.877832e+09, 5.576683e+09, -2.907478e+09, -1.670842e+09, 0.000000e+00, 0.000000e+00, 0.000000e+00, 0.000000e+00, 1.310083e+09, -7.840417e+08, -1.735252e+08, 6.014704e+08;
  1.606890e+09, -2.907478e+09, 4.439781e+09, -2.543615e+09, 0.000000e+00, 0.000000e+00, 0.000000e+00, 0.000000e+00, -2.449736e+09, 1.873421e+09, -4.399306e+08, -9.206649e+08;
  3.150216e+09, -1.670842e+09, -2.543615e+09, 5.694693e+09, 0.000000e+00, 0.000000e+00, 0.000000e+00, 0.000000e+00, 2.290088e+09, -2.418251e+09, 1.972886e+09, -1.746183e+08;
  0.000000e+00, 0.000000e+00, 0.000000e+00, 0.000000e+00, 0.000000e+00, 0.000000e+00, 0.000000e+00, 0.000000e+00, 0.000000e+00, 0.000000e+00, 0.000000e+00, 0.000000e+00;
  0.000000e+00, 0.000000e+00, 0.000000e+00, 0.000000e+00, 0.000000e+00, 0.000000e+00, 0.000000e+00, 0.000000e+00, 0.000000e+00, 0.000000e+00, 0.000000e+00, 0.000000e+00;
  0.000000e+00, 0.000000e+00, 0.000000e+00, 0.000000e+00, 0.000000e+00, 0.000000e+00, 0.000000e+00, 0.000000e+00, 0.000000e+00, 0.000000e+00, 0.000000e+00, 0.000000e+00;
  0.000000e+00, 0.000000e+00, 0.000000e+00, 0.000000e+00, 0.000000e+00, 0.000000e+00, 0.000000e+00, 0.000000e+00, 0.000000e+00, 0.000000e+00, 0.000000e+00, 0.000000e+00;
];
K(:,:,1,6) = [
  0.000000e+00, 0.000000e+00, 0.000000e+00, 0.000000e+00, -6.305500e+09, 7.753226e+09, -6.919254e+09, 7.353093e+07, 0.000000e+00, 0.000000e+00, 0.000000e+00, 0.000000e+00;
  0.000000e+00, 0.000000e+00, 0.000000e+00, 0.000000e+00, 6.129672e+09, -7.848226e+09, 8.135198e+09, -2.324634e+09, 0.000000e+00, 0.000000e+00, 0.000000e+00, 0.000000e+00;
  0.000000e+00, 0.000000e+00, 0.000000e+00, 0.000000e+00, -3.521381e+09, 5.402928e+09, -8.439448e+09, 7.546161e+09, 0.000000e+00, 0.000000e+00, 0.000000e+00, 0.000000e+00;
  0.000000e+00, 0.000000e+00, 0.000000e+00, 0.000000e+00, -1.338888e+09, 2.326347e+08, 4.430104e+09, -1.062863e+10, 0.000000e+00, 0.000000e+00, 0.000000e+00, 0.000000e+00;
  -5.877832e+09, 5.576683e+09, -2.907478e+09, -1.670842e+09, 0.000000e+00, 0.000000e+00, 0.000000e+00, 0.000000e+00, 6.724654e+07, -7.842326e+07, 5.023762e+07, 3.482459e+07;
  7.200236e+09, -7.070637e+09, 4.328983e+09, 1.152701e+09, 0.000000e+00, 0.000000e+00, 0.000000e+00, 0.000000e+00, -4.066446e+08, 3.213354e+08, -1.002748e+08, -1.332170e+08;
  -6.305351e+09, 7.061253e+09, -6.389293e+09, 1.848685e+09, 0.000000e+00, 0.000000e+00, 0.000000e+00, 0.000000e+00, 1.473539e+09, -1.095621e+09, 3.052358e+08, 3.475396e+08;
  -2.584233e+08, -1.404568e+09, 4.964742e+09, -6.174077e+09, 0.000000e+00, 0.000000e+00, 0.000000e+00, 0.000000e+00, -2.500644e+09, 2.042917e+09, -9.523940e+08, -2.065104e+08;
  0.000000e+00, 0.000000e+00, 0.000000e+00, 0.000000e+00, 0.000000e+00, 0.000000e+00, 0.000000e+00, 0.000000e+00, 0.000000e+00, 0.000000e+00, 0.000000e+00, 0.000000e+00;
  0.000000e+00, 0.000000e+00, 0.000000e+00, 0.000000e+00, 0.000000e+00, 0.000000e+00, 0.000000e+00, 0.000000e+00, 0.000000e+00, 0.000000e+00, 0.000000e+00, 0.000000e+00;
  0.000000e+00, 0.000000e+00, 0.000000e+00, 0.000000e+00, 0.000000e+00, 0.000000e+00, 0.000000e+00, 0.000000e+00, 0.000000e+00, 0.000000e+00, 0.000000e+00, 0.000000e+00;
  0.000000e+00, 0.000000e+00, 0.000000e+00, 0.000000e+00, 0.000000e+00, 0.000000e+00, 0.000000e+00, 0.000000e+00, 0.000000e+00, 0.000000e+00, 0.000000e+00, 0.000000e+00;
];
K(:,:,1,7) = [
  0.000000e+00, 0.000000e+00, 0.000000e+00, 0.000000e+00, 1.845684e+09, -6.919254e+09, 1.563864e+10, -1.341715e+10, 0.000000e+00, 0.000000e+00, 0.000000e+00, 0.000000e+00;
  0.000000e+00, 0.000000e+00, 0.000000e+00, 0.000000e+00, -3.521381e+09, 8.135198e+09, -1.629866e+10, 1.526951e+10, 0.000000e+00, 0.000000e+00, 0.000000e+00, 0.000000e+00;
  0.000000e+00, 0.000000e+00, 0.000000e+00, 0.000000e+00, 5.784312e+09, -8.439448e+09, 1.365013e+10, -1.580626e+10, 0.000000e+00, 0.000000e+00, 0.000000e+00, 0.000000e+00;
  0.000000e+00, 0.000000e+00, 0.000000e+00, 0.000000e+00, -4.053562e+09, 4.430104e+09, -6.161791e+09, 1.154605e+10, 0.000000e+00, 0.000000e+00, 0.000000e+00, 0.000000e+00;
  1.606890e+09, -2.907478e+09, 4.439781e+09, -2.543615e+09, 0.000000e+00, 0.000000e+00, 0.000000e+00, 0.000000e+00, 3.727373e+08, -1.647267e+08, -1.619854e+08, 2.061197e+08;
  -6.305351e+09, 7.061253e+09, -6.389293e+09, 1.848685e+09, 0.000000e+00, 0.000000e+00, 0.000000e+00, 0.000000e+00, -7.883711e+08, 3.851020e+08, 3.011579e+08, -4.874915e+08;
  1.429411e+10, -1.424850e+10, 9.993382e+09, -1.013632e+09, 0.000000e+00, 0.000000e+00, 0.000000e+00, 0.000000e+00, 8.161936e+08, -4.980779e+08, -2.100278e+08, 6.905297e+08;
  -1.190721e+10, 1.268810e+10, -1.065810e+10, 3.584018e+09, 0.000000e+00, 0.000000e+00, 0.000000e+00, 0.000000e+00, 1.139030e+09, -5.010638e+08, -3.827628e+08, 2.354215e+08;
  0.000000e+00, 0.000000e+00, 0.000000e+00, 0.000000e+00, 0.000000e+00, 0.000000e+00, 0.000000e+00, 0.000000e+00, 0.000000e+00, 0.000000e+00, 0.000000e+00, 0.000000e+00;
  0.000000e+00, 0.000000e+00, 0.000000e+00, 0.000000e+00, 0.000000e+00, 0.000000e+00, 0.000000e+00, 0.000000e+00, 0.000000e+00, 0.000000e+00, 0.000000e+00, 0.000000e+00;
  0.000000e+00, 0.000000e+00, 0.000000e+00, 0.000000e+00, 0.000000e+00, 0.000000e+00, 0.000000e+00, 0.000000e+00, 0.000000e+00, 0.000000e+00, 0.000000e+00, 0.000000e+00;
  0.000000e+00, 0.000000e+00, 0.000000e+00, 0.000000e+00, 0.000000e+00, 0.000000e+00, 0.000000e+00, 0.000000e+00, 0.000000e+00, 0.000000e+00, 0.000000e+00, 0.000000e+00;
];
K(:,:,1,8) = [
  0.000000e+00, 0.000000e+00, 0.000000e+00, 0.000000e+00, 3.168060e+09, 7.353093e+07, -1.341715e+10, 2.859271e+10, 0.000000e+00, 0.000000e+00, 0.000000e+00, 0.000000e+00;
  0.000000e+00, 0.000000e+00, 0.000000e+00, 0.000000e+00, -1.338888e+09, -2.324634e+09, 1.526951e+10, -2.948142e+10, 0.000000e+00, 0.000000e+00, 0.000000e+00, 0.000000e+00;
  0.000000e+00, 0.000000e+00, 0.000000e+00, 0.000000e+00, -4.053562e+09, 7.546161e+09, -1.580626e+10, 2.360344e+10, 0.000000e+00, 0.000000e+00, 0.000000e+00, 0.000000e+00;
  0.000000e+00, 0.000000e+00, 0.000000e+00, 0.000000e+00, 8.570433e+09, -1.062863e+10, 1.154605e+10, -1.009637e+10, 0.000000e+00, 0.000000e+00, 0.000000e+00, 0.000000e+00;
  3.150216e+09, -1.670842e+09, -2.543615e+09, 5.694693e+09, 0.000000e+00, 0.000000e+00, 0.000000e+00, 0.000000e+00, -9.584423e+07, 1.155223e+08, -6.544622e+07, -8.499259e+07;
  -2.584233e+08, -1.404568e+09, 4.964742e+09, -6.174077e+09, 0.000000e+00, 0.000000e+00, 0.000000e+00, 0.000000e+00, 5.997751e+08, -4.509119e+08, 6.104497e+07, 3.252540e+08;
  -1.190721e+10, 1.268810e+10, -1.065810e+10, 3.584018e+09, 0.000000e+00, 0.000000e+00, 0.000000e+00, 0.000000e+00, -2.026087e+09, 1.347406e+09, -8.984571e+06, -8.799738e+08;
  2.571697e+10, -2.502687e+10, 1.564140e+10, 1.497033e+09, 0.000000e+00, 0.000000e+00, 0.000000e+00, 0.000000e+00, 2.388467e+09, -1.738014e+09, 3.770690e+08, 7.205157e+08;
  0.000000e+00, 0.000000e+00, 0.000000e+00, 0.000000e+00, 0.000000e+00, 0.000000e+00, 0.000000e+00, 0.000000e+00, 0.000000e+00, 0.000000e+00, 0.000000e+00, 0.000000e+00;
  0.000000e+00, 0.000000e+00, 0.000000e+00, 0.000000e+00, 0.000000e+00, 0.000000e+00, 0.000000e+00, 0.000000e+00, 0.000000e+00, 0.000000e+00, 0.000000e+00, 0.000000e+00;
  0.000000e+00, 0.000000e+00, 0.000000e+00, 0.000000e+00, 0.000000e+00, 0.000000e+00, 0.000000e+00, 0.000000e+00, 0.000000e+00, 0.000000e+00, 0.000000e+00, 0.000000e+00;
  0.000000e+00, 0.000000e+00, 0.000000e+00, 0.000000e+00, 0.000000e+00, 0.000000e+00, 0.000000e+00, 0.000000e+00, 0.000000e+00, 0.000000e+00, 0.000000e+00, 0.000000e+00;
];
K(:,:,1,9) = [
  2.770858e+08, -3.443324e+08, 3.893528e+08, -2.734063e+08, 0.000000e+00, 0.000000e+00, 0.000000e+00, 0.000000e+00, 0.000000e+00, 0.000000e+00, 0.000000e+00, 0.000000e+00;
  2.770858e+08, -3.443324e+08, 3.893528e+08, -2.734063e+08, 0.000000e+00, 0.000000e+00, 0.000000e+00, 0.000000e+00, 0.000000e+00, 0.000000e+00, 0.000000e+00, 0.000000e+00;
  -1.281678e+09, 1.893236e+09, -2.866817e+09, 2.914165e+09, 0.000000e+00, 0.000000e+00, 0.000000e+00, 0.000000e+00, 0.000000e+00, 0.000000e+00, 0.000000e+00, 0.000000e+00;
  1.469870e+09, -2.752829e+09, 5.673531e+09, -7.844521e+09, 0.000000e+00, 0.000000e+00, 0.000000e+00, 0.000000e+00, 0.000000e+00, 0.000000e+00, 0.000000e+00, 0.000000e+00;
  0.000000e+00, 0.000000e+00, 0.000000e+00, 0.000000e+00, 0.000000e+00, 0.000000e+00, 0.000000e+00, 0.000000e+00, 0.000000e+00, 0.000000e+00, 0.000000e+00, 0.000000e+00;
  0.000000e+00, 0.000000e+00, 0.000000e+00, 0.000000e+00, 0.000000e+00, 0.000000e+00, 0.000000e+00, 0.000000e+00, 0.000000e+00, 0.000000e+00, 0.000000e+00, 0.000000e+00;
  0.000000e+00, 0.000000e+00, 0.000000e+00, 0.000000e+00, 0.000000e+00, 0.000000e+00, 0.000000e+00, 0.000000e+00, 0.000000e+00, 0.000000e+00, 0.000000e+00, 0.000000e+00;
  0.000000e+00, 0.000000e+00, 0.000000e+00, 0.000000e+00, 0.000000e+00, 0.000000e+00, 0.000000e+00, 0.000000e+00, 0.000000e+00, 0.000000e+00, 0.000000e+00, 0.000000e+00;
  0.000000e+00, 0.000000e+00, 0.000000e+00, 0.000000e+00, 0.000000e+00, 0.000000e+00, 0.000000e+00, 0.000000e+00, -2.078144e+08, 1.028947e+08, 6.079463e+07, -9.318686e+07;
  0.000000e+00, 0.000000e+00, 0.000000e+00, 0.000000e+00, 0.000000e+00, 0.000000e+00, 0.000000e+00, 0.000000e+00, 1.028947e+08, -7.350988e+07, 4.853934e+06, 4.847458e+07;
  0.000000e+00, 0.000000e+00, 0.000000e+00, 0.000000e+00, 0.000000e+00, 0.000000e+00, 0.000000e+00, 0.000000e+00, 6.079463e+07, 4.853934e+06, -8.582992e+07, 4.928796e+07;
  0.000000e+00, 0.000000e+00, 0.000000e+00, 0.000000e+00, 0.000000e+00, 0.000000e+00, 0.000000e+00, 0.000000e+00, -9.318686e+07, 4.847458e+07, 4.928796e+07, -9.902893e+07;
];
K(:,:,1,10) = [
  -1.371930e+08, 2.156162e+08, -3.461631e+08, 3.576628e+08, 0.000000e+00, 0.000000e+00, 0.000000e+00, 0.000000e+00, 0.000000e+00, 0.000000e+00, 0.000000e+00, 0.000000e+00;
  -1.371930e+08, 2.156162e+08, -3.461631e+08, 3.576628e+08, 0.000000e+00, 0.000000e+00, 0.000000e+00, 0.000000e+00, 0.000000e+00, 0.000000e+00, 0.000000e+00, 0.000000e+00;
  8.349312e+08, -1.346953e+09, 2.354754e+09, -2.861936e+09, 0.000000e+00, 0.000000e+00, 0.000000e+00, 0.000000e+00, 0.000000e+00, 0.000000e+00, 0.000000e+00, 0.000000e+00;
  -1.345263e+09, 2.342460e+09, -4.650653e+09, 6.667129e+09, 0.000000e+00, 0.000000e+00, 0.000000e+00, 0.000000e+00, 0.000000e+00, 0.000000e+00, 0.000000e+00, 0.000000e+00;
  0.000000e+00, 0.000000e+00, 0.000000e+00, 0.000000e+00, 0.000000e+00, 0.000000e+00, 0.000000e+00, 0.000000e+00, 0.000000e+00, 0.000000e+00, 0.000000e+00, 0.000000e+00;
  0.000000e+00, 0.000000e+00, 0.000000e+00, 0.000000e+00, 0.000000e+00, 0.000000e+00, 0.000000e+00, 0.000000e+00, 0.000000e+00, 0.000000e+00, 0.000000e+00, 0.000000e+00;
  0.000000e+00, 0.000000e+00, 0.000000e+00, 0.000000e+00, 0.000000e+00, 0.000000e+00, 0.000000e+00, 0.000000e+00, 0.000000e+00, 0.000000e+00, 0.000000e+00, 0.000000e+00;
  0.000000e+00, 0.000000e+00, 0.000000e+00, 0.000000e+00, 0.000000e+00, 0.000000e+00, 0.000000e+00, 0.000000e+00, 0.000000e+00, 0.000000e+00, 0.000000e+00, 0.000000e+00;
  0.000000e+00, 0.000000e+00, 0.000000e+00, 0.000000e+00, 0.000000e+00, 0.000000e+00, 0.000000e+00, 0.000000e+00, 1.028947e+08, -7.350988e+07, 4.853934e+06, 4.847458e+07;
  0.000000e+00, 0.000000e+00, 0.000000e+00, 0.000000e+00, 0.000000e+00, 0.000000e+00, 0.000000e+00, 0.000000e+00, -7.350988e+07, 5.387433e+07, -1.251765e+07, -2.194945e+07;
  0.000000e+00, 0.000000e+00, 0.000000e+00, 0.000000e+00, 0.000000e+00, 0.000000e+00, 0.000000e+00, 0.000000e+00, 4.853934e+06, -1.251765e+07, 2.707095e+07, -2.527717e+07;
  0.000000e+00, 0.000000e+00, 0.000000e+00, 0.000000e+00, 0.000000e+00, 0.000000e+00, 0.000000e+00, 0.000000e+00, 4.847458e+07, -2.194945e+07, -2.527717e+07, 4.577263e+07;
];
K(:,:,1,11) = [
  -8.105950e+07, 3.082188e+07, 1.607641e+08, -4.054393e+08, 0.000000e+00, 0.000000e+00, 0.000000e+00, 0.000000e+00, 0.000000e+00, 0.000000e+00, 0.000000e+00, 0.000000e+00;
  -8.105950e+07, 3.082188e+07, 1.607641e+08, -4.054393e+08, 0.000000e+00, 0.000000e+00, 0.000000e+00, 0.000000e+00, 0.000000e+00, 0.000000e+00, 0.000000e+00, 0.000000e+00;
  4.236166e+07, 1.891993e+08, -1.026028e+09, 2.268781e+09, 0.000000e+00, 0.000000e+00, 0.000000e+00, 0.000000e+00, 0.000000e+00, 0.000000e+00, 0.000000e+00, 0.000000e+00;
  7.565682e+08, -1.187498e+09, 2.301742e+09, -3.876135e+09, 0.000000e+00, 0.000000e+00, 0.000000e+00, 0.000000e+00, 0.000000e+00, 0.000000e+00, 0.000000e+00, 0.000000e+00;
  0.000000e+00, 0.000000e+00, 0.000000e+00, 0.000000e+00, 0.000000e+00, 0.000000e+00, 0.000000e+00, 0.000000e+00, 0.000000e+00, 0.000000e+00, 0.000000e+00, 0.000000e+00;
  0.000000e+00, 0.000000e+00, 0.000000e+00, 0.000000e+00, 0.000000e+00, 0.000000e+00, 0.000000e+00, 0.000000e+00, 0.000000e+00, 0.000000e+00, 0.000000e+00, 0.000000e+00;
  0.000000e+00, 0.000000e+00, 0.000000e+00, 0.000000e+00, 0.000000e+00, 0.000000e+00, 0.000000e+00, 0.000000e+00, 0.000000e+00, 0.000000e+00, 0.000000e+00, 0.000000e+00;
  0.000000e+00, 0.000000e+00, 0.000000e+00, 0.000000e+00, 0.000000e+00, 0.000000e+00, 0.000000e+00, 0.000000e+00, 0.000000e+00, 0.000000e+00, 0.000000e+00, 0.000000e+00;
  0.000000e+00, 0.000000e+00, 0.000000e+00, 0.000000e+00, 0.000000e+00, 0.000000e+00, 0.000000e+00, 0.000000e+00, 6.079463e+07, 4.853934e+06, -8.582992e+07, 4.928796e+07;
  0.000000e+00, 0.000000e+00, 0.000000e+00, 0.000000e+00, 0.000000e+00, 0.000000e+00, 0.000000e+00, 0.000000e+00, 4.853934e+06, -1.251765e+07, 2.707095e+07, -2.527717e+07;
  0.000000e+00, 0.000000e+00, 0.000000e+00, 0.000000e+00, 0.000000e+00, 0.000000e+00, 0.000000e+00, 0.000000e+00, -8.582992e+07, 2.707095e+07, 4.803510e+07, -2.546478e+07;
  0.000000e+00, 0.000000e+00, 0.000000e+00, 0.000000e+00, 0.000000e+00, 0.000000e+00, 0.000000e+00, 0.000000e+00, 4.928796e+07, -2.527717e+07, -2.546478e+07, 4.443866e+07;
];
K(:,:,1,12) = [
  1.242492e+08, -1.590737e+08, 1.220802e+08, 1.469762e+08, 0.000000e+00, 0.000000e+00, 0.000000e+00, 0.000000e+00, 0.000000e+00, 0.000000e+00, 0.000000e+00, 0.000000e+00;
  1.242492e+08, -1.590737e+08, 1.220802e+08, 1.469762e+08, 0.000000e+00, 0.000000e+00, 0.000000e+00, 0.000000e+00, 0.000000e+00, 0.000000e+00, 0.000000e+00, 0.000000e+00;
  -5.544244e+08, 6.793296e+08, -5.067906e+08, -6.526723e+08, 0.000000e+00, 0.000000e+00, 0.000000e+00, 0.000000e+00, 0.000000e+00, 0.000000e+00, 0.000000e+00, 0.000000e+00;
  2.663103e+08, -3.184649e+08, 1.745727e+08, 7.408301e+08, 0.000000e+00, 0.000000e+00, 0.000000e+00, 0.000000e+00, 0.000000e+00, 0.000000e+00, 0.000000e+00, 0.000000e+00;
  0.000000e+00, 0.000000e+00, 0.000000e+00, 0.000000e+00, 0.000000e+00, 0.000000e+00, 0.000000e+00, 0.000000e+00, 0.000000e+00, 0.000000e+00, 0.000000e+00, 0.000000e+00;
  0.000000e+00, 0.000000e+00, 0.000000e+00, 0.000000e+00, 0.000000e+00, 0.000000e+00, 0.000000e+00, 0.000000e+00, 0.000000e+00, 0.000000e+00, 0.000000e+00, 0.000000e+00;
  0.000000e+00, 0.000000e+00, 0.000000e+00, 0.000000e+00, 0.000000e+00, 0.000000e+00, 0.000000e+00, 0.000000e+00, 0.000000e+00, 0.000000e+00, 0.000000e+00, 0.000000e+00;
  0.000000e+00, 0.000000e+00, 0.000000e+00, 0.000000e+00, 0.000000e+00, 0.000000e+00, 0.000000e+00, 0.000000e+00, 0.000000e+00, 0.000000e+00, 0.000000e+00, 0.000000e+00;
  0.000000e+00, 0.000000e+00, 0.000000e+00, 0.000000e+00, 0.000000e+00, 0.000000e+00, 0.000000e+00, 0.000000e+00, -9.318686e+07, 4.847458e+07, 4.928796e+07, -9.902893e+07;
  0.000000e+00, 0.000000e+00, 0.000000e+00, 0.000000e+00, 0.000000e+00, 0.000000e+00, 0.000000e+00, 0.000000e+00, 4.847458e+07, -2.194945e+07, -2.527717e+07, 4.577263e+07;
  0.000000e+00, 0.000000e+00, 0.000000e+00, 0.000000e+00, 0.000000e+00, 0.000000e+00, 0.000000e+00, 0.000000e+00, 4.928796e+07, -2.527717e+07, -2.546478e+07, 4.443866e+07;
  0.000000e+00, 0.000000e+00, 0.000000e+00, 0.000000e+00, 0.000000e+00, 0.000000e+00, 0.000000e+00, 0.000000e+00, -9.902893e+07, 4.577263e+07, 4.443866e+07, -7.460836e+07;
];
K(:,:,2,1) = [
  -1.175566e+10, 1.277692e+10, -9.212829e+09, -1.929265e+09, 0.000000e+00, 0.000000e+00, 0.000000e+00, 0.000000e+00, 7.559113e+08, -5.096557e+08, -1.140615e+07, 3.529721e+08;
  1.277692e+10, -1.414127e+10, 1.139024e+10, -2.518679e+08, 0.000000e+00, 0.000000e+00, 0.000000e+00, 0.000000e+00, -2.237749e+09, 1.565775e+09, -1.504407e+08, -8.738702e+08;
  -9.212829e+09, 1.139024e+10, -1.277859e+10, 6.813428e+09, 0.000000e+00, 0.000000e+00, 0.000000e+00, 0.000000e+00, 5.508538e+09, -4.199582e+09, 1.239768e+09, 1.460904e+09;
  -1.929265e+09, -2.518679e+08, 6.813428e+09, -1.234815e+10, 0.000000e+00, 0.000000e+00, 0.000000e+00, 0.000000e+00, -7.273064e+09, 6.449273e+09, -3.883489e+09, 5.706116e+06;
  0.000000e+00, 0.000000e+00, 0.000000e+00, 0.000000e+00, 0.000000e+00, 0.000000e+00, 0.000000e+00, 0.000000e+00, 0.000000e+00, 0.000000e+00, 0.000000e+00, 0.000000e+00;
  0.000000e+00, 0.000000e+00, 0.000000e+00, 0.000000e+00, 0.000000e+00, 0.000000e+00, 0.000000e+00, 0.000000e+00, 0.000000e+00, 0.000000e+00, 0.000000e+00, 0.000000e+00;
  0.000000e+00, 0.000000e+00, 0.000000e+00, 0.000000e+00, 0.000000e+00, 0.000000e+00, 0.000000e+00, 0.000000e+00, 0.000000e+00, 0.000000e+00, 0.000000e+00, 0.000000e+00;
  0.000000e+00, 0.000000e+00, 0.000000e+00, 0.000000e+00, 0.000000e+00, 0.000000e+00, 0.000000e+00, 0.000000e+00, 0.000000e+00, 0.000000e+00, 0.000000e+00, 0.000000e+00;
  0.000000e+00, 0.000000e+00, 0.000000e+00, 0.000000e+00, 0.000000e+00, 0.000000e+00, 0.000000e+00, 0.000000e+00, -1.069169e+08, 5.652600e+07, 3.324654e+07, -5.889004e+07;
  0.000000e+00, 0.000000e+00, 0.000000e+00, 0.000000e+00, 0.000000e+00, 0.000000e+00, 0.000000e+00, 0.000000e+00, 5.652600e+07, -3.683515e+07, -1.182017e+06, 2.642679e+07;
  0.000000e+00, 0.000000e+00, 0.000000e+00, 0.000000e+00, 0.000000e+00, 0.000000e+00, 0.000000e+00, 0.000000e+00, 3.324654e+07, -1.182017e+06, -4.365491e+07, 3.118109e+07;
  0.000000e+00, 0.000000e+00, 0.000000e+00, 0.000000e+00, 0.000000e+00, 0.000000e+00, 0.000000e+00, 0.000000e+00, -5.889004e+07, 2.642679e+07, 3.118109e+07, -5.292585e+07;
];
K(:,:,2,2) = [
  1.115337e+10, -1.414127e+10, 1.412251e+10, -2.809137e+09, 0.000000e+00, 0.000000e+00, 0.000000e+00, 0.000000e+00, -3.025163e+08, 2.546495e+08, -1.156356e+08, -6.957214e+07;
  -1.414127e+10, 1.830575e+10, -1.938844e+10, 5.932287e+09, 0.000000e+00, 0.000000e+00, 0.000000e+00, 0.000000e+00, 1.370651e+09, -1.081715e+09, 3.824523e+08, 3.280365e+08;
  1.412251e+10, -1.938844e+10, 2.396611e+10, -1.356414e+10, 0.000000e+00, 0.000000e+00, 0.000000e+00, 0.000000e+00, -4.760403e+09, 3.763783e+09, -1.427358e+09, -8.738445e+08;
  -2.809137e+09, 5.932287e+09, -1.356414e+10, 1.796850e+10, 0.000000e+00, 0.000000e+00, 0.000000e+00, 0.000000e+00, 8.629394e+09, -7.222474e+09, 3.707004e+09, 3.601186e+08;
  0.000000e+00, 0.000000e+00, 0.000000e+00, 0.000000e+00, 0.000000e+00, 0.000000e+00, 0.000000e+00, 0.000000e+00, 0.000000e+00, 0.000000e+00, 0.000000e+00, 0.000000e+00;
  0.000000e+00, 0.000000e+00, 0.000000e+00, 0.000000e+00, 0.000000e+00, 0.000000e+00, 0.000000e+00, 0.000000e+00, 0.000000e+00, 0.000000e+00, 0.000000e+00, 0.000000e+00;
  0.000000e+00, 0.000000e+00, 0.000000e+00, 0.000000e+00, 0.000000e+00, 0.000000e+00, 0.000000e+00, 0.000000e+00, 0.000000e+00, 0.000000e+00, 0.000000e+00, 0.000000e+00;
  0.000000e+00, 0.000000e+00, 0.000000e+00, 0.000000e+00, 0.000000e+00, 0.000000e+00, 0.000000e+00, 0.000000e+00, 0.000000e+00, 0.000000e+00, 0.000000e+00, 0.000000e+00;
  0.000000e+00, 0.000000e+00, 0.000000e+00, 0.000000e+00, 0.000000e+00, 0.000000e+00, 0.000000e+00, 0.000000e+00, 1.382474e+08, -8.351573e+07, -1.839630e+07, 6.908520e+07;
  0.000000e+00, 0.000000e+00, 0.000000e+00, 0.000000e+00, 0.000000e+00, 0.000000e+00, 0.000000e+00, 0.000000e+00, -8.351573e+07, 5.992557e+07, -7.215265e+06, -3.399511e+07;
  0.000000e+00, 0.000000e+00, 0.000000e+00, 0.000000e+00, 0.000000e+00, 0.000000e+00, 0.000000e+00, 0.000000e+00, -1.839630e+07, -7.215265e+06, 4.432676e+07, -3.546484e+07;
  0.000000e+00, 0.000000e+00, 0.000000e+00, 0.000000e+00, 0.000000e+00, 0.000000e+00, 0.000000e+00, 0.000000e+00, 6.908520e+07, -3.399511e+07, -3.546484e+07, 6.770461e+07;
];
K(:,:,2,3) = [
  -5.814956e+09, 1.139024e+10, -2.063780e+10, 1.765284e+10, 0.000000e+00, 0.000000e+00, 0.000000e+00, 0.000000e+00, -1.088904e+08, 9.211998e+05, 1.997176e+08, -2.325852e+08;
  1.139024e+10, -1.938844e+10, 3.099366e+10, -2.413548e+10, 0.000000e+00, 0.000000e+00, 0.000000e+00, 0.000000e+00, -2.780265e+08, 4.584122e+08, -6.922544e+08, 4.821169e+08;
  -2.063780e+10, 3.099366e+10, -4.385579e+10, 3.216392e+10, 0.000000e+00, 0.000000e+00, 0.000000e+00, 0.000000e+00, 3.120039e+09, -2.918814e+09, 2.120103e+09, -6.154314e+08;
  1.765284e+10, -2.413548e+10, 3.216392e+10, -2.678327e+10, 0.000000e+00, 0.000000e+00, 0.000000e+00, 0.000000e+00, -9.812376e+09, 8.150093e+09, -4.242495e+09, 1.333859e+08;
  0.000000e+00, 0.000000e+00, 0.000000e+00, 0.000000e+00, 0.000000e+00, 0.000000e+00, 0.000000e+00, 0.000000e+00, 0.000000e+00, 0.000000e+00, 0.000000e+00, 0.000000e+00;
  0.000000e+00, 0.000000e+00, 0.000000e+00, 0.000000e+00, 0.000000e+00, 0.000000e+00, 0.000000e+00, 0.000000e+00, 0.000000e+00, 0.000000e+00, 0.000000e+00, 0.000000e+00;
  0.000000e+00, 0.000000e+00, 0.000000e+00, 0.000000e+00, 0.000000e+00, 0.000000e+00, 0.000000e+00, 0.000000e+00, 0.000000e+00, 0.000000e+00, 0.000000e+00, 0.000000e+00;
  0.000000e+00, 0.000000e+00, 0.000000e+00, 0.000000e+00, 0.000000e+00, 0.000000e+00, 0.000000e+00, 0.000000e+00, 0.000000e+00, 0.000000e+00, 0.000000e+00, 0.000000e+00;
  0.000000e+00, 0.000000e+00, 0.000000e+00, 0.000000e+00, 0.000000e+00, 0.000000e+00, 0.000000e+00, 0.000000e+00, -1.534758e+08, 1.278323e+08, -5.169924e+07, -4.938144e+07;
  0.000000e+00, 0.000000e+00, 0.000000e+00, 0.000000e+00, 0.000000e+00, 0.000000e+00, 0.000000e+00, 0.000000e+00, 1.278323e+08, -1.025875e+08, 3.922542e+07, 2.763668e+07;
  0.000000e+00, 0.000000e+00, 0.000000e+00, 0.000000e+00, 0.000000e+00, 0.000000e+00, 0.000000e+00, 0.000000e+00, -5.169924e+07, 3.922542e+07, -2.325159e+07, 2.259794e+07;
  0.000000e+00, 0.000000e+00, 0.000000e+00, 0.000000e+00, 0.000000e+00, 0.000000e+00, 0.000000e+00, 0.000000e+00, -4.938144e+07, 2.763668e+07, 2.259794e+07, -6.004606e+07;
];
K(:,:,2,4) = [
  -3.341684e+09, -2.518679e+08, 1.453678e+10, -3.120094e+10, 0.000000e+00, 0.000000e+00, 0.000000e+00, 0.000000e+00, -1.785854e+08, 1.515739e+08, -1.201391e+08, 1.261585e+08;
  -2.518679e+08, 5.932287e+09, -2.413548e+10, 4.171967e+10, 0.000000e+00, 0.000000e+00, 0.000000e+00, 0.000000e+00, 5.654995e+08, -6.411393e+08, 7.508896e+08, -6.146886e+08;
  1.453678e+10, -2.413548e+10, 4.309129e+10, -4.942402e+10, 0.000000e+00, 0.000000e+00, 0.000000e+00, 0.000000e+00, -2.509878e+09, 2.795122e+09, -2.988931e+09, 1.970869e+09;
  -3.120094e+10, 4.171967e+10, -4.942402e+10, 2.998451e+10, 0.000000e+00, 0.000000e+00, 0.000000e+00, 0.000000e+00, 8.419367e+09, -7.927376e+09, 6.115012e+09, -2.689015e+09;
  0.000000e+00, 0.000000e+00, 0.000000e+00, 0.000000e+00, 0.000000e+00, 0.000000e+00, 0.000000e+00, 0.000000e+00, 0.000000e+00, 0.000000e+00, 0.000000e+00, 0.000000e+00;
  0.000000e+00, 0.000000e+00, 0.000000e+00, 0.000000e+00, 0.000000e+00, 0.000000e+00, 0.000000e+00, 0.000000e+00, 0.000000e+00, 0.000000e+00, 0.000000e+00, 0.000000e+00;
  0.000000e+00, 0.000000e+00, 0.000000e+00, 0.000000e+00, 0.000000e+00, 0.000000e+00, 0.000000e+00, 0.000000e+00, 0.000000e+00, 0.000000e+00, 0.000000e+00, 0.000000e+00;
  0.000000e+00, 0.000000e+00, 0.000000e+00, 0.000000e+00, 0.000000e+00, 0.000000e+00, 0.000000e+00, 0.000000e+00, 0.000000e+00, 0.000000e+00, 0.000000e+00, 0.000000e+00;
  0.000000e+00, 0.000000e+00, 0.000000e+00, 0.000000e+00, 0.000000e+00, 0.000000e+00, 0.000000e+00, 0.000000e+00, 8.298856e+07, -1.256814e+08, 1.555016e+08, -5.824247e+07;
  0.000000e+00, 0.000000e+00, 0.000000e+00, 0.000000e+00, 0.000000e+00, 0.000000e+00, 0.000000e+00, 0.000000e+00, -1.256814e+08, 1.192451e+08, -9.196196e+07, 2.728113e+07;
  0.000000e+00, 0.000000e+00, 0.000000e+00, 0.000000e+00, 0.000000e+00, 0.000000e+00, 0.000000e+00, 0.000000e+00, 1.555016e+08, -9.196196e+07, -8.975379e+06, 2.593898e+07;
  0.000000e+00, 0.000000e+00, 0.000000e+00, 0.000000e+00, 0.000000e+00, 0.000000e+00, 0.000000e+00, 0.000000e+00, -5.824247e+07, 2.728113e+07, 2.593898e+07, -2.578706e+07;
];
K(:,:,2,5) = [
  0.000000e+00, 0.000000e+00, 0.000000e+00, 0.000000e+00, -6.305500e+09, 6.129672e+09, -3.521381e+09, -1.338888e+09, 0.000000e+00, 0.000000e+00, 0.000000e+00, 0.000000e+00;
  0.000000e+00, 0.000000e+00, 0.000000e+00, 0.000000e+00, 7.753226e+09, -7.848226e+09, 5.402928e+09, 2.326347e+08, 0.000000e+00, 0.000000e+00, 0.000000e+00, 0.000000e+00;
  0.000000e+00, 0.000000e+00, 0.000000e+00, 0.000000e+00, -6.919254e+09, 8.135198e+09, -8.439448e+09, 4.430104e+09, 0.000000e+00, 0.000000e+00, 0.000000e+00, 0.000000e+00;
  0.000000e+00, 0.000000e+00, 0.000000e+00, 0.000000e+00, 7.353093e+07, -2.324634e+09, 7.546161e+09, -1.062863e+10, 0.000000e+00, 0.000000e+00, 0.000000e+00, 0.000000e+00;
  -5.877832e+09, 7.200236e+09, -6.305351e+09, -2.584233e+08, 0.000000e+00, 0.000000e+00, 0.000000e+00, 0.000000e+00, 6.886648e+08, -4.312325e+08, -6.164377e+07, 3.181475e+08;
  5.576683e+09, -7.070637e+09, 7.061253e+09, -1.404568e+09, 0.000000e+00, 0.000000e+00, 0.000000e+00, 0.000000e+00, -1.831104e+09, 1.244439e+09, -5.016590e+07, -7.406532e+08;
  -2.907478e+09, 4.328983e+09, -6.389293e+09, 4.964742e+09, 0.000000e+00, 0.000000e+00, 0.000000e+00, 0.000000e+00, 4.034999e+09, -3.103961e+09, 9.345321e+08, 1.113365e+09;
  -1.670842e+09, 1.152701e+09, 1.848685e+09, -6.174077e+09, 0.000000e+00, 0.000000e+00, 0.000000e+00, 0.000000e+00, -4.772421e+09, 4.406356e+09, -2.931095e+09, 2.122165e+08;
  0.000000e+00, 0.000000e+00, 0.000000e+00, 0.000000e+00, 0.000000e+00, 0.000000e+00, 0.000000e+00, 0.000000e+00, 0.000000e+00, 0.000000e+00, 0.000000e+00, 0.000000e+00;
  0.000000e+00, 0.000000e+00, 0.000000e+00, 0.000000e+00, 0.000000e+00, 0.000000e+00, 0.000000e+00, 0.000000e+00, 0.000000e+00, 0.000000e+00, 0.000000e+00, 0.000000e+00;
  0.000000e+00, 0.000000e+00, 0.000000e+00, 0.000000e+00, 0.000000e+00, 0.000000e+00, 0.000000e+00, 0.000000e+00, 0.000000e+00, 0.000000e+00, 0.000000e+00, 0.000000e+00;
  0.000000e+00, 0.000000e+00, 0.000000e+00, 0.000000e+00, 0.000000e+00, 0.000000e+00, 0.000000e+00, 0.000000e+00, 0.000000e+00, 0.000000e+00, 0.000000e+00, 0.000000e+00;
];
K(:,:,2,6) = [
  0.000000e+00, 0.000000e+00, 0.000000e+00, 0.000000e+00, 6.129672e+09, -7.848226e+09, 8.135198e+09, -2.324634e+09, 0.000000e+00, 0.000000e+00, 0.000000e+00, 0.000000e+00;
  0.000000e+00, 0.000000e+00, 0.000000e+00, 0.000000e+00, -7.848226e+09, 1.033155e+10, -1.153798e+10, 4.876427e+09, 0.000000e+00, 0.000000e+00, 0.000000e+00, 0.000000e+00;
  0.000000e+00, 0.000000e+00, 0.000000e+00, 0.000000e+00, 8.135198e+09, -1.153798e+10, 1.547688e+10, -1.136135e+10, 0.000000e+00, 0.000000e+00, 0.000000e+00, 0.000000e+00;
  0.000000e+00, 0.000000e+00, 0.000000e+00, 0.000000e+00, -2.324634e+09, 4.876427e+09, -1.136135e+10, 1.655360e+10, 0.000000e+00, 0.000000e+00, 0.000000e+00, 0.000000e+00;
  5.576683e+09, -7.070637e+09, 7.061253e+09, -1.404568e+09, 0.000000e+00, 0.000000e+00, 0.000000e+00, 0.000000e+00, -1.512582e+08, 1.273248e+08, -5.781781e+07, -3.478607e+07;
  -7.070637e+09, 9.152874e+09, -9.694219e+09, 2.966144e+09, 0.000000e+00, 0.000000e+00, 0.000000e+00, 0.000000e+00, 6.853254e+08, -5.408573e+08, 1.912262e+08, 1.640182e+08;
  7.061253e+09, -9.694219e+09, 1.198305e+10, -6.782068e+09, 0.000000e+00, 0.000000e+00, 0.000000e+00, 0.000000e+00, -2.380201e+09, 1.881892e+09, -7.136791e+08, -4.369223e+08;
  -1.404568e+09, 2.966144e+09, -6.782068e+09, 8.984248e+09, 0.000000e+00, 0.000000e+00, 0.000000e+00, 0.000000e+00, 4.314697e+09, -3.611237e+09, 1.853502e+09, 1.800593e+08;
  0.000000e+00, 0.000000e+00, 0.000000e+00, 0.000000e+00, 0.000000e+00, 0.000000e+00, 0.000000e+00, 0.000000e+00, 0.000000e+00, 0.000000e+00, 0.000000e+00, 0.000000e+00;
  0.000000e+00, 0.000000e+00, 0.000000e+00, 0.000000e+00, 0.000000e+00, 0.000000e+00, 0.000000e+00, 0.000000e+00, 0.000000e+00, 0.000000e+00, 0.000000e+00, 0.000000e+00;
  0.000000e+00, 0.000000e+00, 0.000000e+00, 0.000000e+00, 0.000000e+00, 0.000000e+00, 0.000000e+00, 0.000000e+00, 0.000000e+00, 0.000000e+00, 0.000000e+00, 0.000000e+00;
  0.000000e+00, 0.000000e+00, 0.000000e+00, 0.000000e+00, 0.000000e+00, 0.000000e+00, 0.000000e+00, 0.000000e+00, 0.000000e+00, 0.000000e+00, 0.000000e+00, 0.000000e+00;
];
K(:,:,2,7) = [
  0.000000e+00, 0.000000e+00, 0.000000e+00, 0.000000e+00, -3.521381e+09, 8.135198e+09, -1.629866e+10, 1.526951e+10, 0.000000e+00, 0.000000e+00, 0.000000e+00, 0.000000e+00;
  0.000000e+00, 0.000000e+00, 0.000000e+00, 0.000000e+00, 5.402928e+09, -1.153798e+10, 2.250443e+10, -2.193269e+10, 0.000000e+00, 0.000000e+00, 0.000000e+00, 0.000000e+00;
  0.000000e+00, 0.000000e+00, 0.000000e+00, 0.000000e+00, -8.439448e+09, 1.547688e+10, -2.868294e+10, 3.108362e+10, 0.000000e+00, 0.000000e+00, 0.000000e+00, 0.000000e+00;
  0.000000e+00, 0.000000e+00, 0.000000e+00, 0.000000e+00, 7.546161e+09, -1.136135e+10, 2.015626e+10, -2.830787e+10, 0.000000e+00, 0.000000e+00, 0.000000e+00, 0.000000e+00;
  -2.907478e+09, 4.328983e+09, -6.389293e+09, 4.964742e+09, 0.000000e+00, 0.000000e+00, 0.000000e+00, 0.000000e+00, -4.334587e+08, 2.404273e+08, 1.120375e+08, -2.551834e+08;
  7.061253e+09, -9.694219e+09, 1.198305e+10, -6.782068e+09, 0.000000e+00, 0.000000e+00, 0.000000e+00, 0.000000e+00, 9.718385e+08, -5.579610e+08, -2.273710e+08, 6.025492e+08;
  -1.424850e+10, 1.901061e+10, -2.192789e+10, 1.061828e+10, 0.000000e+00, 0.000000e+00, 0.000000e+00, 0.000000e+00, -1.155214e+09, 7.036632e+08, 2.493528e+08, -8.835436e+08;
  1.268810e+10, -1.735341e+10, 2.154564e+10, -1.339163e+10, 0.000000e+00, 0.000000e+00, 0.000000e+00, 0.000000e+00, -1.321111e+09, 8.177324e+08, -7.850351e+06, -1.294609e+08;
  0.000000e+00, 0.000000e+00, 0.000000e+00, 0.000000e+00, 0.000000e+00, 0.000000e+00, 0.000000e+00, 0.000000e+00, 0.000000e+00, 0.000000e+00, 0.000000e+00, 0.000000e+00;
  0.000000e+00, 0.000000e+00, 0.000000e+00, 0.000000e+00, 0.000000e+00, 0.000000e+00, 0.000000e+00, 0.000000e+00, 0.000000e+00, 0.000000e+00, 0.000000e+00, 0.000000e+00;
  0.000000e+00, 0.000000e+00, 0.000000e+00, 0.000000e+00, 0.000000e+00, 0.000000e+00, 0.000000e+00, 0.000000e+00, 0.000000e+00, 0.000000e+00, 0.000000e+00, 0.000000e+00;
  0.000000e+00, 0.000000e+00, 0.000000e+00, 0.000000e+00, 0.000000e+00, 0.000000e+00, 0.000000e+00, 0.000000e+00, 0.000000e+00, 0.000000e+00, 0.000000e+00, 0.000000e+00;
];
K(:,:,2,8) = [
  0.000000e+00, 0.000000e+00, 0.000000e+00, 0.000000e+00, -1.338888e+09, -2.324634e+09, 1.526951e+10, -2.948142e+10, 0.000000e+00, 0.000000e+00, 0.000000e+00, 0.000000e+00;
  0.000000e+00, 0.000000e+00, 0.000000e+00, 0.000000e+00, 2.326347e+08, 4.876427e+09, -2.193269e+10, 4.030478e+10, 0.000000e+00, 0.000000e+00, 0.000000e+00, 0.000000e+00;
