function K = gyr_fuel(p)
% Auto-generated constant matrix
K = zeros(12,12,12,12);
K(:,:,1,1) = [
  1.404190e+10, -1.175566e+10, 3.213779e+09, 6.300432e+09, 0.000000e+00, 0.000000e+00, 0.000000e+00, 0.000000e+00, -1.108343e+09, 5.487719e+08, 3.242380e+08, -4.969966e+08;
  -1.175566e+10, 9.529812e+09, -2.417082e+09, -4.754102e+09, 0.000000e+00, 0.000000e+00, 0.000000e+00, 0.000000e+00, 2.620166e+09, -1.568083e+09, -3.470503e+08, 1.202941e+09;
  3.213779e+09, -2.417082e+09, -9.747691e+08, 4.276362e+09, 0.000000e+00, 0.000000e+00, 0.000000e+00, 0.000000e+00, -4.899473e+09, 3.746841e+09, -8.798613e+08, -1.841330e+09;
  6.300432e+09, -4.754102e+09, 4.276362e+09, -8.632888e+09, 0.000000e+00, 0.000000e+00, 0.000000e+00, 0.000000e+00, 4.580177e+09, -4.836502e+09, 3.945772e+09, -3.492367e+08;
  0.000000e+00, 0.000000e+00, 0.000000e+00, 0.000000e+00, -7.020949e+09, 5.877832e+09, -1.606890e+09, -3.150216e+09, 0.000000e+00, 0.000000e+00, 0.000000e+00, 0.000000e+00;
  0.000000e+00, 0.000000e+00, 0.000000e+00, 0.000000e+00, 5.877832e+09, -7.200236e+09, 6.305351e+09, 2.584233e+08, 0.000000e+00, 0.000000e+00, 0.000000e+00, 0.000000e+00;
  0.000000e+00, 0.000000e+00, 0.000000e+00, 0.000000e+00, -1.606890e+09, 6.305351e+09, -1.429411e+10, 1.190721e+10, 0.000000e+00, 0.000000e+00, 0.000000e+00, 0.000000e+00;
  0.000000e+00, 0.000000e+00, 0.000000e+00, 0.000000e+00, -3.150216e+09, 2.584233e+08, 1.190721e+10, -2.571697e+10, 0.000000e+00, 0.000000e+00, 0.000000e+00, 0.000000e+00;
  -5.541717e+08, 2.552919e+09, -5.272210e+09, 4.676021e+09, 0.000000e+00, 0.000000e+00, 0.000000e+00, 0.000000e+00, 2.267281e+08, -6.697977e+07, -1.206453e+08, 7.520703e+07;
  2.743860e+08, -1.489660e+09, 3.911568e+09, -4.952024e+09, 0.000000e+00, 0.000000e+00, 0.000000e+00, 0.000000e+00, -6.697977e+07, 5.304142e+07, 4.113632e+06, -5.345104e+07;
  1.621190e+08, -3.972879e+08, -7.178759e+08, 4.011219e+09, 0.000000e+00, 0.000000e+00, 0.000000e+00, 0.000000e+00, -1.206453e+08, 4.113632e+06, 1.202357e+08, -4.036962e+07;
  -2.484983e+08, 1.168116e+09, -2.047449e+09, -2.642441e+08, 0.000000e+00, 0.000000e+00, 0.000000e+00, 0.000000e+00, 7.520703e+07, -5.345104e+07, -4.036962e+07, 1.096875e+08;
];
K(:,:,1,2) = [
  -1.175566e+10, 1.440047e+10, -1.261070e+10, -5.168466e+08, 0.000000e+00, 0.000000e+00, 0.000000e+00, 0.000000e+00, 7.559113e+08, -5.096557e+08, -1.140615e+07, 3.529721e+08;
  1.277692e+10, -1.414127e+10, 1.139024e+10, -2.518679e+08, 0.000000e+00, 0.000000e+00, 0.000000e+00, 0.000000e+00, -2.237749e+09, 1.565775e+09, -1.504407e+08, -8.738702e+08;
  -9.212829e+09, 8.657966e+09, -4.919376e+09, -9.099253e+08, 0.000000e+00, 0.000000e+00, 0.000000e+00, 0.000000e+00, 5.508538e+09, -4.199582e+09, 1.239768e+09, 1.460904e+09;
  -1.929265e+09, 2.305401e+09, -4.025982e+09, 6.504638e+09, 0.000000e+00, 0.000000e+00, 0.000000e+00, 0.000000e+00, -7.273064e+09, 6.449273e+09, -3.883489e+09, 5.706116e+06;
  0.000000e+00, 0.000000e+00, 0.000000e+00, 0.000000e+00, 5.877832e+09, -5.576683e+09, 2.907478e+09, 1.670842e+09, 0.000000e+00, 0.000000e+00, 0.000000e+00, 0.000000e+00;
  0.000000e+00, 0.000000e+00, 0.000000e+00, 0.000000e+00, -5.576683e+09, 7.070637e+09, -7.061253e+09, 1.404568e+09, 0.000000e+00, 0.000000e+00, 0.000000e+00, 0.000000e+00;
  0.000000e+00, 0.000000e+00, 0.000000e+00, 0.000000e+00, 2.907478e+09, -7.061253e+09, 1.424850e+10, -1.268810e+10, 0.000000e+00, 0.000000e+00, 0.000000e+00, 0.000000e+00;
  0.000000e+00, 0.000000e+00, 0.000000e+00, 0.000000e+00, 1.670842e+09, 1.404568e+09, -1.268810e+10, 2.502687e+10, 0.000000e+00, 0.000000e+00, 0.000000e+00, 0.000000e+00;
  6.724654e+07, -2.086491e+09, 5.941997e+09, -7.494270e+09, 0.000000e+00, 0.000000e+00, 0.000000e+00, 0.000000e+00, -2.138337e+08, 1.130520e+08, 6.649309e+07, -1.177801e+08;
  -7.842326e+07, 1.438450e+09, -4.440009e+09, 6.628002e+09, 0.000000e+00, 0.000000e+00, 0.000000e+00, 0.000000e+00, 1.130520e+08, -7.367031e+07, -2.364034e+06, 5.285358e+07;
  5.023762e+07, -9.262288e+07, 1.127730e+09, -3.939109e+09, 0.000000e+00, 0.000000e+00, 0.000000e+00, 0.000000e+00, 6.649309e+07, -2.364034e+06, -8.730982e+07, 6.236218e+07;
  3.482459e+07, -8.390842e+08, 1.716088e+09, -9.053481e+07, 0.000000e+00, 0.000000e+00, 0.000000e+00, 0.000000e+00, -1.177801e+08, 5.285358e+07, 6.236218e+07, -1.058517e+08;
];
K(:,:,1,3) = [
  3.213779e+09, -1.261070e+10, 2.858823e+10, -2.381442e+10, 0.000000e+00, 0.000000e+00, 0.000000e+00, 0.000000e+00, -4.059683e+08, 5.275996e+08, -4.835136e+08, -3.804058e+07;
  -9.212829e+09, 1.685478e+10, -2.849700e+10, 2.226013e+10, 0.000000e+00, 0.000000e+00, 0.000000e+00, 0.000000e+00, 1.742745e+09, -1.718069e+09, 1.207255e+09, 6.862381e+07;
  1.873389e+10, -2.063780e+10, 1.998676e+10, -1.167173e+10, 0.000000e+00, 0.000000e+00, 0.000000e+00, 0.000000e+00, -6.260245e+09, 5.217766e+09, -2.741810e+09, -1.257526e+08;
  -1.445082e+10, 1.142072e+10, -2.027264e+09, -4.889350e+09, 0.000000e+00, 0.000000e+00, 0.000000e+00, 0.000000e+00, 1.221139e+10, -9.775159e+09, 4.666738e+09, -1.427370e+08;
  0.000000e+00, 0.000000e+00, 0.000000e+00, 0.000000e+00, -1.606890e+09, 2.907478e+09, -4.439781e+09, 2.543615e+09, 0.000000e+00, 0.000000e+00, 0.000000e+00, 0.000000e+00;
  0.000000e+00, 0.000000e+00, 0.000000e+00, 0.000000e+00, 2.907478e+09, -4.328983e+09, 6.389293e+09, -4.964742e+09, 0.000000e+00, 0.000000e+00, 0.000000e+00, 0.000000e+00;
  0.000000e+00, 0.000000e+00, 0.000000e+00, 0.000000e+00, -4.439781e+09, 6.389293e+09, -9.993382e+09, 1.065810e+10, 0.000000e+00, 0.000000e+00, 0.000000e+00, 0.000000e+00;
  0.000000e+00, 0.000000e+00, 0.000000e+00, 0.000000e+00, 2.543615e+09, -4.964742e+09, 1.065810e+10, -1.564140e+10, 0.000000e+00, 0.000000e+00, 0.000000e+00, 0.000000e+00;
  3.727373e+08, 1.418177e+09, -6.638465e+09, 1.266917e+10, 0.000000e+00, 0.000000e+00, 0.000000e+00, 0.000000e+00, 1.193971e+08, -1.648353e+08, 1.115988e+08, 1.013699e+08;
  -1.647267e+08, -1.478563e+09, 5.551851e+09, -1.008250e+10, 0.000000e+00, 0.000000e+00, 0.000000e+00, 0.000000e+00, -1.648353e+08, 1.154979e+08, -3.173273e+07, -3.205196e+07;
  -1.619854e+08, 1.119575e+09, -2.870323e+09, 4.721452e+09, 0.000000e+00, 0.000000e+00, 0.000000e+00, 0.000000e+00, 1.115988e+08, -3.173273e+07, -2.815280e+07, -4.904004e+07;
  2.061197e+08, 4.602560e+07, -3.197557e+08, -5.646589e+07, 0.000000e+00, 0.000000e+00, 0.000000e+00, 0.000000e+00, 1.013699e+08, -3.205196e+07, -4.904004e+07, 5.961978e+07;
];
K(:,:,1,4) = [
  6.300432e+09, -5.168466e+08, -2.381442e+10, 5.143394e+10, 0.000000e+00, 0.000000e+00, 0.000000e+00, 0.000000e+00, 4.509684e+08, -5.998032e+08, 7.454325e+08, -3.789450e+08;
  -1.929265e+09, -5.366406e+09, 2.849225e+10, -5.005374e+10, 0.000000e+00, 0.000000e+00, 0.000000e+00, 0.000000e+00, -1.693223e+09, 1.970648e+09, -2.087991e+09, 1.002912e+09;
  -1.445082e+10, 2.076889e+10, -3.096067e+10, 3.128281e+10, 0.000000e+00, 0.000000e+00, 0.000000e+00, 0.000000e+00, 6.286909e+09, -6.137972e+09, 5.007555e+09, -2.085377e+09;
  3.141166e+10, -3.120094e+10, 1.922542e+10, 2.994065e+09, 0.000000e+00, 0.000000e+00, 0.000000e+00, 0.000000e+00, -1.465662e+10, 1.238131e+10, -7.243429e+09, 1.950687e+09;
  0.000000e+00, 0.000000e+00, 0.000000e+00, 0.000000e+00, -3.150216e+09, 1.670842e+09, 2.543615e+09, -5.694693e+09, 0.000000e+00, 0.000000e+00, 0.000000e+00, 0.000000e+00;
  0.000000e+00, 0.000000e+00, 0.000000e+00, 0.000000e+00, 1.670842e+09, -1.152701e+09, -1.848685e+09, 6.174077e+09, 0.000000e+00, 0.000000e+00, 0.000000e+00, 0.000000e+00;
  0.000000e+00, 0.000000e+00, 0.000000e+00, 0.000000e+00, 2.543615e+09, -1.848685e+09, 1.013632e+09, -3.584018e+09, 0.000000e+00, 0.000000e+00, 0.000000e+00, 0.000000e+00;
  0.000000e+00, 0.000000e+00, 0.000000e+00, 0.000000e+00, -5.694693e+09, 6.174077e+09, -3.584018e+09, -1.497033e+09, 0.000000e+00, 0.000000e+00, 0.000000e+00, 0.000000e+00;
  -9.584423e+07, -1.293432e+09, 6.338940e+09, -1.513081e+10, 0.000000e+00, 0.000000e+00, 0.000000e+00, 0.000000e+00, 8.921951e+06, 1.136254e+08, -2.683222e+08, 1.221640e+08;
  1.155223e+08, 1.640345e+09, -6.385561e+09, 1.275275e+10, 0.000000e+00, 0.000000e+00, 0.000000e+00, 0.000000e+00, 1.136254e+08, -1.297001e+08, 1.178947e+08, -3.693528e+07;
  -6.544622e+07, -1.912232e+09, 5.469009e+09, -7.413476e+09, 0.000000e+00, 0.000000e+00, 0.000000e+00, 0.000000e+00, -2.683222e+08, 1.178947e+08, 1.016868e+08, -7.403786e+07;
  -8.499259e+07, 9.729940e+08, -2.287256e+09, 1.971002e+09, 0.000000e+00, 0.000000e+00, 0.000000e+00, 0.000000e+00, 1.221640e+08, -3.693528e+07, -7.403786e+07, 5.674732e+07;
];
K(:,:,1,5) = [
  0.000000e+00, 0.000000e+00, 0.000000e+00, 0.000000e+00, 1.404190e+10, -1.175566e+10, 3.213779e+09, 6.300432e+09, 0.000000e+00, 0.000000e+00, 0.000000e+00, 0.000000e+00;
  0.000000e+00, 0.000000e+00, 0.000000e+00, 0.000000e+00, -1.175566e+10, 1.115337e+10, -5.814956e+09, -3.341684e+09, 0.000000e+00, 0.000000e+00, 0.000000e+00, 0.000000e+00;
  0.000000e+00, 0.000000e+00, 0.000000e+00, 0.000000e+00, 3.213779e+09, -5.814956e+09, 8.879562e+09, -5.087230e+09, 0.000000e+00, 0.000000e+00, 0.000000e+00, 0.000000e+00;
  0.000000e+00, 0.000000e+00, 0.000000e+00, 0.000000e+00, 6.300432e+09, -3.341684e+09, -5.087230e+09, 1.138939e+10, 0.000000e+00, 0.000000e+00, 0.000000e+00, 0.000000e+00;
  7.020949e+09, -5.877832e+09, 1.606890e+09, 3.150216e+09, 0.000000e+00, 0.000000e+00, 0.000000e+00, 0.000000e+00, -5.541717e+08, 2.743860e+08, 1.621190e+08, -2.484983e+08;
  -5.877832e+09, 5.576683e+09, -2.907478e+09, -1.670842e+09, 0.000000e+00, 0.000000e+00, 0.000000e+00, 0.000000e+00, 1.310083e+09, -7.840417e+08, -1.735252e+08, 6.014704e+08;
  1.606890e+09, -2.907478e+09, 4.439781e+09, -2.543615e+09, 0.000000e+00, 0.000000e+00, 0.000000e+00, 0.000000e+00, -2.449736e+09, 1.873421e+09, -4.399306e+08, -9.206649e+08;
  3.150216e+09, -1.670842e+09, -2.543615e+09, 5.694693e+09, 0.000000e+00, 0.000000e+00, 0.000000e+00, 0.000000e+00, 2.290088e+09, -2.418251e+09, 1.972886e+09, -1.746183e+08;
  0.000000e+00, 0.000000e+00, 0.000000e+00, 0.000000e+00, 1.108343e+09, 4.869251e+08, -2.936093e+09, 3.035583e+09, 0.000000e+00, 0.000000e+00, 0.000000e+00, 0.000000e+00;
  0.000000e+00, 0.000000e+00, 0.000000e+00, 0.000000e+00, -5.487719e+08, -1.959627e+08, 1.834589e+09, -2.806048e+09, 0.000000e+00, 0.000000e+00, 0.000000e+00, 0.000000e+00;
  0.000000e+00, 0.000000e+00, 0.000000e+00, 0.000000e+00, -3.242380e+08, -2.123566e+08, 2.467087e+08, 1.578583e+09, 0.000000e+00, 0.000000e+00, 0.000000e+00, 0.000000e+00;
  0.000000e+00, 0.000000e+00, 0.000000e+00, 0.000000e+00, 4.969966e+08, 2.136737e+08, -1.314969e+09, 6.176131e+08, 0.000000e+00, 0.000000e+00, 0.000000e+00, 0.000000e+00;
];
K(:,:,1,6) = [
  0.000000e+00, 0.000000e+00, 0.000000e+00, 0.000000e+00, -1.175566e+10, 1.440047e+10, -1.261070e+10, -5.168466e+08, 0.000000e+00, 0.000000e+00, 0.000000e+00, 0.000000e+00;
  0.000000e+00, 0.000000e+00, 0.000000e+00, 0.000000e+00, 1.115337e+10, -1.414127e+10, 1.412251e+10, -2.809137e+09, 0.000000e+00, 0.000000e+00, 0.000000e+00, 0.000000e+00;
  0.000000e+00, 0.000000e+00, 0.000000e+00, 0.000000e+00, -5.814956e+09, 8.657966e+09, -1.277859e+10, 9.929485e+09, 0.000000e+00, 0.000000e+00, 0.000000e+00, 0.000000e+00;
  0.000000e+00, 0.000000e+00, 0.000000e+00, 0.000000e+00, -3.341684e+09, 2.305401e+09, 3.697371e+09, -1.234815e+10, 0.000000e+00, 0.000000e+00, 0.000000e+00, 0.000000e+00;
  -5.877832e+09, 5.576683e+09, -2.907478e+09, -1.670842e+09, 0.000000e+00, 0.000000e+00, 0.000000e+00, 0.000000e+00, 6.724654e+07, -7.842326e+07, 5.023762e+07, 3.482459e+07;
  7.200236e+09, -7.070637e+09, 4.328983e+09, 1.152701e+09, 0.000000e+00, 0.000000e+00, 0.000000e+00, 0.000000e+00, -4.066446e+08, 3.213354e+08, -1.002748e+08, -1.332170e+08;
  -6.305351e+09, 7.061253e+09, -6.389293e+09, 1.848685e+09, 0.000000e+00, 0.000000e+00, 0.000000e+00, 0.000000e+00, 1.473539e+09, -1.095621e+09, 3.052358e+08, 3.475396e+08;
  -2.584233e+08, -1.404568e+09, 4.964742e+09, -6.174077e+09, 0.000000e+00, 0.000000e+00, 0.000000e+00, 0.000000e+00, -2.500644e+09, 2.042917e+09, -9.523940e+08, -2.065104e+08;
  0.000000e+00, 0.000000e+00, 0.000000e+00, 0.000000e+00, -1.998748e+09, 8.870528e+08, 1.658470e+09, -3.455086e+09, 0.000000e+00, 0.000000e+00, 0.000000e+00, 0.000000e+00;
  0.000000e+00, 0.000000e+00, 0.000000e+00, 0.000000e+00, 1.215274e+09, -6.191961e+08, -9.259937e+08, 2.500209e+09, 0.000000e+00, 0.000000e+00, 0.000000e+00, 0.000000e+00;
  0.000000e+00, 0.000000e+00, 0.000000e+00, 0.000000e+00, 2.351689e+08, 6.935269e+07, -3.629353e+08, -4.519161e+08, 0.000000e+00, 0.000000e+00, 0.000000e+00, 0.000000e+00;
  0.000000e+00, 0.000000e+00, 0.000000e+00, 0.000000e+00, -9.196179e+08, 3.240747e+08, 8.480175e+08, -1.151898e+09, 0.000000e+00, 0.000000e+00, 0.000000e+00, 0.000000e+00;
];
K(:,:,1,7) = [
  0.000000e+00, 0.000000e+00, 0.000000e+00, 0.000000e+00, 3.213779e+09, -1.261070e+10, 2.858823e+10, -2.381442e+10, 0.000000e+00, 0.000000e+00, 0.000000e+00, 0.000000e+00;
  0.000000e+00, 0.000000e+00, 0.000000e+00, 0.000000e+00, -5.814956e+09, 1.412251e+10, -2.849700e+10, 2.537619e+10, 0.000000e+00, 0.000000e+00, 0.000000e+00, 0.000000e+00;
  0.000000e+00, 0.000000e+00, 0.000000e+00, 0.000000e+00, 8.879562e+09, -1.277859e+10, 1.998676e+10, -2.131620e+10, 0.000000e+00, 0.000000e+00, 0.000000e+00, 0.000000e+00;
  0.000000e+00, 0.000000e+00, 0.000000e+00, 0.000000e+00, -5.087230e+09, 3.697371e+09, -2.027264e+09, 7.168037e+09, 0.000000e+00, 0.000000e+00, 0.000000e+00, 0.000000e+00;
  1.606890e+09, -2.907478e+09, 4.439781e+09, -2.543615e+09, 0.000000e+00, 0.000000e+00, 0.000000e+00, 0.000000e+00, 3.727373e+08, -1.647267e+08, -1.619854e+08, 2.061197e+08;
  -6.305351e+09, 7.061253e+09, -6.389293e+09, 1.848685e+09, 0.000000e+00, 0.000000e+00, 0.000000e+00, 0.000000e+00, -7.883711e+08, 3.851020e+08, 3.011579e+08, -4.874915e+08;
  1.429411e+10, -1.424850e+10, 9.993382e+09, -1.013632e+09, 0.000000e+00, 0.000000e+00, 0.000000e+00, 0.000000e+00, 8.161936e+08, -4.980779e+08, -2.100278e+08, 6.905297e+08;
  -1.190721e+10, 1.268810e+10, -1.065810e+10, 3.584018e+09, 0.000000e+00, 0.000000e+00, 0.000000e+00, 0.000000e+00, 1.139030e+09, -5.010638e+08, -3.827628e+08, 2.354215e+08;
  0.000000e+00, 0.000000e+00, 0.000000e+00, 0.000000e+00, 2.708854e+09, -2.865350e+09, 1.780778e+09, 1.871511e+09, 0.000000e+00, 0.000000e+00, 0.000000e+00, 0.000000e+00;
  0.000000e+00, 0.000000e+00, 0.000000e+00, 0.000000e+00, -2.241706e+09, 2.035453e+09, -1.170327e+09, -8.356170e+08, 0.000000e+00, 0.000000e+00, 0.000000e+00, 0.000000e+00;
  0.000000e+00, 0.000000e+00, 0.000000e+00, 0.000000e+00, 8.025992e+08, -3.710911e+08, 1.411850e+08, -7.740647e+08, 0.000000e+00, 0.000000e+00, 0.000000e+00, 0.000000e+00;
  0.000000e+00, 0.000000e+00, 0.000000e+00, 0.000000e+00, 9.386007e+08, -8.220446e+08, 2.992277e+08, 1.048997e+09, 0.000000e+00, 0.000000e+00, 0.000000e+00, 0.000000e+00;
];
K(:,:,1,8) = [
  0.000000e+00, 0.000000e+00, 0.000000e+00, 0.000000e+00, 6.300432e+09, -5.168466e+08, -2.381442e+10, 5.143394e+10, 0.000000e+00, 0.000000e+00, 0.000000e+00, 0.000000e+00;
  0.000000e+00, 0.000000e+00, 0.000000e+00, 0.000000e+00, -3.341684e+09, -2.809137e+09, 2.537619e+10, -5.005374e+10, 0.000000e+00, 0.000000e+00, 0.000000e+00, 0.000000e+00;
  0.000000e+00, 0.000000e+00, 0.000000e+00, 0.000000e+00, -5.087230e+09, 9.929485e+09, -2.131620e+10, 3.128281e+10, 0.000000e+00, 0.000000e+00, 0.000000e+00, 0.000000e+00;
  0.000000e+00, 0.000000e+00, 0.000000e+00, 0.000000e+00, 1.138939e+10, -1.234815e+10, 7.168037e+09, 2.994065e+09, 0.000000e+00, 0.000000e+00, 0.000000e+00, 0.000000e+00;
  3.150216e+09, -1.670842e+09, -2.543615e+09, 5.694693e+09, 0.000000e+00, 0.000000e+00, 0.000000e+00, 0.000000e+00, -9.584423e+07, 1.155223e+08, -6.544622e+07, -8.499259e+07;
  -2.584233e+08, -1.404568e+09, 4.964742e+09, -6.174077e+09, 0.000000e+00, 0.000000e+00, 0.000000e+00, 0.000000e+00, 5.997751e+08, -4.509119e+08, 6.104497e+07, 3.252540e+08;
  -1.190721e+10, 1.268810e+10, -1.065810e+10, 3.584018e+09, 0.000000e+00, 0.000000e+00, 0.000000e+00, 0.000000e+00, -2.026087e+09, 1.347406e+09, -8.984571e+06, -8.799738e+08;
  2.571697e+10, -2.502687e+10, 1.564140e+10, 1.497033e+09, 0.000000e+00, 0.000000e+00, 0.000000e+00, 0.000000e+00, 2.388467e+09, -1.738014e+09, 3.770690e+08, 7.205157e+08;
  0.000000e+00, 0.000000e+00, 0.000000e+00, 0.000000e+00, -1.736282e+09, 2.745752e+09, -4.458723e+09, 3.270324e+09, 0.000000e+00, 0.000000e+00, 0.000000e+00, 0.000000e+00;
  0.000000e+00, 0.000000e+00, 0.000000e+00, 0.000000e+00, 2.261499e+09, -2.487449e+09, 2.861323e+09, -2.151637e+09, 0.000000e+00, 0.000000e+00, 0.000000e+00, 0.000000e+00;
  0.000000e+00, 0.000000e+00, 0.000000e+00, 0.000000e+00, -2.498082e+09, 1.574962e+09, -2.650826e+07, 7.524874e+07, 0.000000e+00, 0.000000e+00, 0.000000e+00, 0.000000e+00;
  0.000000e+00, 0.000000e+00, 0.000000e+00, 0.000000e+00, 7.968646e+08, -8.836883e+07, -1.181794e+09, 9.923204e+08, 0.000000e+00, 0.000000e+00, 0.000000e+00, 0.000000e+00;
];
K(:,:,1,9) = [
  0.000000e+00, 6.214182e+08, -1.151443e+09, 6.426568e+08, 0.000000e+00, 0.000000e+00, 0.000000e+00, 0.000000e+00, 0.000000e+00, 0.000000e+00, 0.000000e+00, 0.000000e+00;
  -2.384186e-07, -1.424459e+09, 3.319487e+09, -2.892773e+09, 0.000000e+00, 0.000000e+00, 0.000000e+00, 0.000000e+00, 0.000000e+00, 0.000000e+00, 0.000000e+00, 0.000000e+00;
  -5.960464e-08, 2.561460e+09, -7.892633e+09, 1.033908e+10, 0.000000e+00, 0.000000e+00, 0.000000e+00, 0.000000e+00, 0.000000e+00, 0.000000e+00, 0.000000e+00, 0.000000e+00;
  0.000000e+00, -2.271777e+09, 9.933333e+09, -1.943356e+10, 0.000000e+00, 0.000000e+00, 0.000000e+00, 0.000000e+00, 0.000000e+00, 0.000000e+00, 0.000000e+00, 0.000000e+00;
  0.000000e+00, 0.000000e+00, 0.000000e+00, 0.000000e+00, 5.541717e+08, -6.724654e+07, -3.727373e+08, 9.584423e+07, 0.000000e+00, 0.000000e+00, 0.000000e+00, 0.000000e+00;
  0.000000e+00, 0.000000e+00, 0.000000e+00, 0.000000e+00, -1.310083e+09, 4.066446e+08, 7.883711e+08, -5.997751e+08, 0.000000e+00, 0.000000e+00, 0.000000e+00, 0.000000e+00;
  0.000000e+00, 0.000000e+00, 0.000000e+00, 0.000000e+00, 2.449736e+09, -1.473539e+09, -8.161936e+08, 2.026087e+09, 0.000000e+00, 0.000000e+00, 0.000000e+00, 0.000000e+00;
  0.000000e+00, 0.000000e+00, 0.000000e+00, 0.000000e+00, -2.290088e+09, 2.500644e+09, -1.139030e+09, -2.388467e+09, 0.000000e+00, 0.000000e+00, 0.000000e+00, 0.000000e+00;
  0.000000e+00, 0.000000e+00, 0.000000e+00, 0.000000e+00, 0.000000e+00, 0.000000e+00, 0.000000e+00, 0.000000e+00, -4.156288e+08, 2.057895e+08, 1.215893e+08, -1.863737e+08;
  0.000000e+00, 0.000000e+00, 0.000000e+00, 0.000000e+00, 0.000000e+00, 0.000000e+00, 0.000000e+00, 0.000000e+00, 2.057895e+08, -1.470198e+08, 9.707867e+06, 9.694917e+07;
  0.000000e+00, 0.000000e+00, 0.000000e+00, 0.000000e+00, 0.000000e+00, 0.000000e+00, 0.000000e+00, 0.000000e+00, 1.215893e+08, 9.707867e+06, -1.716598e+08, 9.857592e+07;
  0.000000e+00, 0.000000e+00, 0.000000e+00, 0.000000e+00, 0.000000e+00, 0.000000e+00, 0.000000e+00, 0.000000e+00, -1.863737e+08, 9.694917e+07, 9.857592e+07, -1.980579e+08;
];
K(:,:,1,10) = [
  0.000000e+00, -3.528092e+08, 8.570530e+08, -8.308478e+08, 0.000000e+00, 0.000000e+00, 0.000000e+00, 0.000000e+00, 0.000000e+00, 0.000000e+00, 0.000000e+00, 0.000000e+00;
  -1.192093e-07, 9.231038e+08, -2.488273e+09, 2.872472e+09, 0.000000e+00, 0.000000e+00, 0.000000e+00, 0.000000e+00, 0.000000e+00, 0.000000e+00, 0.000000e+00, 0.000000e+00;
  -1.192093e-07, -2.008339e+09, 6.213921e+09, -8.832784e+09, 0.000000e+00, 0.000000e+00, 0.000000e+00, 0.000000e+00, 0.000000e+00, 0.000000e+00, 0.000000e+00, 0.000000e+00;
  -1.192093e-07, 2.363440e+09, -8.773031e+09, 1.585734e+10, 0.000000e+00, 0.000000e+00, 0.000000e+00, 0.000000e+00, 0.000000e+00, 0.000000e+00, 0.000000e+00, 0.000000e+00;
  0.000000e+00, 0.000000e+00, 0.000000e+00, 0.000000e+00, -2.743860e+08, 7.842326e+07, 1.647267e+08, -1.155223e+08, 0.000000e+00, 0.000000e+00, 0.000000e+00, 0.000000e+00;
  0.000000e+00, 0.000000e+00, 0.000000e+00, 0.000000e+00, 7.840417e+08, -3.213354e+08, -3.851020e+08, 4.509119e+08, 0.000000e+00, 0.000000e+00, 0.000000e+00, 0.000000e+00;
  0.000000e+00, 0.000000e+00, 0.000000e+00, 0.000000e+00, -1.873421e+09, 1.095621e+09, 4.980779e+08, -1.347406e+09, 0.000000e+00, 0.000000e+00, 0.000000e+00, 0.000000e+00;
  0.000000e+00, 0.000000e+00, 0.000000e+00, 0.000000e+00, 2.418251e+09, -2.042917e+09, 5.010638e+08, 1.738014e+09, 0.000000e+00, 0.000000e+00, 0.000000e+00, 0.000000e+00;
  0.000000e+00, 0.000000e+00, 0.000000e+00, 0.000000e+00, 0.000000e+00, 0.000000e+00, 0.000000e+00, 0.000000e+00, 2.057895e+08, -1.470198e+08, 9.707867e+06, 9.694917e+07;
  0.000000e+00, 0.000000e+00, 0.000000e+00, 0.000000e+00, 0.000000e+00, 0.000000e+00, 0.000000e+00, 0.000000e+00, -1.470198e+08, 1.077487e+08, -2.503529e+07, -4.389891e+07;
  0.000000e+00, 0.000000e+00, 0.000000e+00, 0.000000e+00, 0.000000e+00, 0.000000e+00, 0.000000e+00, 0.000000e+00, 9.707867e+06, -2.503529e+07, 5.414189e+07, -5.055434e+07;
  0.000000e+00, 0.000000e+00, 0.000000e+00, 0.000000e+00, 0.000000e+00, 0.000000e+00, 0.000000e+00, 0.000000e+00, 9.694917e+07, -4.389891e+07, -5.055434e+07, 9.154526e+07;
];
K(:,:,1,11) = [
  0.000000e+00, -1.118814e+08, -1.595428e+08, 8.763249e+08, 0.000000e+00, 0.000000e+00, 0.000000e+00, 0.000000e+00, 0.000000e+00, 0.000000e+00, 0.000000e+00, 0.000000e+00;
  0.000000e+00, 5.010889e+07, 6.049391e+08, -2.210081e+09, 0.000000e+00, 0.000000e+00, 0.000000e+00, 0.000000e+00, 0.000000e+00, 0.000000e+00, 0.000000e+00, 0.000000e+00;
  0.000000e+00, 6.292964e+08, -2.321755e+09, 5.025524e+09, 0.000000e+00, 0.000000e+00, 0.000000e+00, 0.000000e+00, 0.000000e+00, 0.000000e+00, 0.000000e+00, 0.000000e+00;
  1.192093e-07, -1.978701e+09, 5.432264e+09, -7.997566e+09, 0.000000e+00, 0.000000e+00, 0.000000e+00, 0.000000e+00, 0.000000e+00, 0.000000e+00, 0.000000e+00, 0.000000e+00;
  0.000000e+00, 0.000000e+00, 0.000000e+00, 0.000000e+00, -1.621190e+08, -5.023762e+07, 1.619854e+08, 6.544622e+07, 0.000000e+00, 0.000000e+00, 0.000000e+00, 0.000000e+00;
  0.000000e+00, 0.000000e+00, 0.000000e+00, 0.000000e+00, 1.735252e+08, 1.002748e+08, -3.011579e+08, -6.104497e+07, 0.000000e+00, 0.000000e+00, 0.000000e+00, 0.000000e+00;
  0.000000e+00, 0.000000e+00, 0.000000e+00, 0.000000e+00, 4.399306e+08, -3.052358e+08, 2.100278e+08, 8.984571e+06, 0.000000e+00, 0.000000e+00, 0.000000e+00, 0.000000e+00;
  0.000000e+00, 0.000000e+00, 0.000000e+00, 0.000000e+00, -1.972886e+09, 9.523940e+08, 3.827628e+08, -3.770690e+08, 0.000000e+00, 0.000000e+00, 0.000000e+00, 0.000000e+00;
  0.000000e+00, 0.000000e+00, 0.000000e+00, 0.000000e+00, 0.000000e+00, 0.000000e+00, 0.000000e+00, 0.000000e+00, 1.215893e+08, 9.707867e+06, -1.716598e+08, 9.857592e+07;
  0.000000e+00, 0.000000e+00, 0.000000e+00, 0.000000e+00, 0.000000e+00, 0.000000e+00, 0.000000e+00, 0.000000e+00, 9.707867e+06, -2.503529e+07, 5.414189e+07, -5.055434e+07;
  0.000000e+00, 0.000000e+00, 0.000000e+00, 0.000000e+00, 0.000000e+00, 0.000000e+00, 0.000000e+00, 0.000000e+00, -1.716598e+08, 5.414189e+07, 9.607020e+07, -5.092956e+07;
  0.000000e+00, 0.000000e+00, 0.000000e+00, 0.000000e+00, 0.000000e+00, 0.000000e+00, 0.000000e+00, 0.000000e+00, 9.857592e+07, -5.055434e+07, -5.092956e+07, 8.887731e+07;
];
K(:,:,1,12) = [
  0.000000e+00, 2.833229e+08, -4.502800e+08, -2.089598e+08, 0.000000e+00, 0.000000e+00, 0.000000e+00, 0.000000e+00, 0.000000e+00, 0.000000e+00, 0.000000e+00, 0.000000e+00;
  0.000000e+00, -6.074361e+08, 1.043607e+09, 3.524036e+08, 0.000000e+00, 0.000000e+00, 0.000000e+00, 0.000000e+00, 0.000000e+00, 0.000000e+00, 0.000000e+00, 0.000000e+00;
  2.980232e-08, 7.658251e+08, -1.506812e+09, -3.254298e+08, 0.000000e+00, 0.000000e+00, 0.000000e+00, 0.000000e+00, 0.000000e+00, 0.000000e+00, 0.000000e+00, 0.000000e+00;
  -1.192093e-07, 4.187269e+08, -6.135800e+08, 5.096553e+08, 0.000000e+00, 0.000000e+00, 0.000000e+00, 0.000000e+00, 0.000000e+00, 0.000000e+00, 0.000000e+00, 0.000000e+00;
  0.000000e+00, 0.000000e+00, 0.000000e+00, 0.000000e+00, 2.484983e+08, -3.482459e+07, -2.061197e+08, 8.499259e+07, 0.000000e+00, 0.000000e+00, 0.000000e+00, 0.000000e+00;
  0.000000e+00, 0.000000e+00, 0.000000e+00, 0.000000e+00, -6.014704e+08, 1.332170e+08, 4.874915e+08, -3.252540e+08, 0.000000e+00, 0.000000e+00, 0.000000e+00, 0.000000e+00;
  0.000000e+00, 0.000000e+00, 0.000000e+00, 0.000000e+00, 9.206649e+08, -3.475396e+08, -6.905297e+08, 8.799738e+08, 0.000000e+00, 0.000000e+00, 0.000000e+00, 0.000000e+00;
  0.000000e+00, 0.000000e+00, 0.000000e+00, 0.000000e+00, 1.746183e+08, 2.065104e+08, -2.354215e+08, -7.205157e+08, 0.000000e+00, 0.000000e+00, 0.000000e+00, 0.000000e+00;
  0.000000e+00, 0.000000e+00, 0.000000e+00, 0.000000e+00, 0.000000e+00, 0.000000e+00, 0.000000e+00, 0.000000e+00, -1.863737e+08, 9.694917e+07, 9.857592e+07, -1.980579e+08;
  0.000000e+00, 0.000000e+00, 0.000000e+00, 0.000000e+00, 0.000000e+00, 0.000000e+00, 0.000000e+00, 0.000000e+00, 9.694917e+07, -4.389891e+07, -5.055434e+07, 9.154526e+07;
  0.000000e+00, 0.000000e+00, 0.000000e+00, 0.000000e+00, 0.000000e+00, 0.000000e+00, 0.000000e+00, 0.000000e+00, 9.857592e+07, -5.055434e+07, -5.092956e+07, 8.887731e+07;
  0.000000e+00, 0.000000e+00, 0.000000e+00, 0.000000e+00, 0.000000e+00, 0.000000e+00, 0.000000e+00, 0.000000e+00, -1.980579e+08, 9.154526e+07, 8.887731e+07, -1.492167e+08;
];
K(:,:,2,1) = [
  -1.175566e+10, 1.277692e+10, -9.212829e+09, -1.929265e+09, 0.000000e+00, 0.000000e+00, 0.000000e+00, 0.000000e+00, 7.559113e+08, -5.096557e+08, -1.140615e+07, 3.529721e+08;
  1.440047e+10, -1.414127e+10, 8.657966e+09, 2.305401e+09, 0.000000e+00, 0.000000e+00, 0.000000e+00, 0.000000e+00, -2.237749e+09, 1.565775e+09, -1.504407e+08, -8.738702e+08;
  -1.261070e+10, 1.139024e+10, -4.919376e+09, -4.025982e+09, 0.000000e+00, 0.000000e+00, 0.000000e+00, 0.000000e+00, 5.508538e+09, -4.199582e+09, 1.239768e+09, 1.460904e+09;
  -5.168466e+08, -2.518679e+08, -9.099253e+08, 6.504638e+09, 0.000000e+00, 0.000000e+00, 0.000000e+00, 0.000000e+00, -7.273064e+09, 6.449273e+09, -3.883489e+09, 5.706116e+06;
  0.000000e+00, 0.000000e+00, 0.000000e+00, 0.000000e+00, 5.877832e+09, -5.576683e+09, 2.907478e+09, 1.670842e+09, 0.000000e+00, 0.000000e+00, 0.000000e+00, 0.000000e+00;
  0.000000e+00, 0.000000e+00, 0.000000e+00, 0.000000e+00, -5.576683e+09, 7.070637e+09, -7.061253e+09, 1.404568e+09, 0.000000e+00, 0.000000e+00, 0.000000e+00, 0.000000e+00;
  0.000000e+00, 0.000000e+00, 0.000000e+00, 0.000000e+00, 2.907478e+09, -7.061253e+09, 1.424850e+10, -1.268810e+10, 0.000000e+00, 0.000000e+00, 0.000000e+00, 0.000000e+00;
  0.000000e+00, 0.000000e+00, 0.000000e+00, 0.000000e+00, 1.670842e+09, 1.404568e+09, -1.268810e+10, 2.502687e+10, 0.000000e+00, 0.000000e+00, 0.000000e+00, 0.000000e+00;
  -5.541717e+08, -1.831104e+09, 6.296909e+09, -7.872840e+09, 0.000000e+00, 0.000000e+00, 0.000000e+00, 0.000000e+00, -2.138337e+08, 1.130520e+08, 6.649309e+07, -1.177801e+08;
  2.743860e+08, 1.244439e+09, -4.584684e+09, 6.900185e+09, 0.000000e+00, 0.000000e+00, 0.000000e+00, 0.000000e+00, 1.130520e+08, -7.367031e+07, -2.364034e+06, 5.285358e+07;
  1.621190e+08, -5.016590e+07, 9.386101e+08, -3.944534e+09, 0.000000e+00, 0.000000e+00, 0.000000e+00, 0.000000e+00, 6.649309e+07, -2.364034e+06, -8.730982e+07, 6.236218e+07;
  -2.484983e+08, -7.406532e+08, 1.948396e+09, -3.195479e+08, 0.000000e+00, 0.000000e+00, 0.000000e+00, 0.000000e+00, -1.177801e+08, 5.285358e+07, 6.236218e+07, -1.058517e+08;
];
K(:,:,2,2) = [
  9.529812e+09, -1.414127e+10, 1.685478e+10, -5.366406e+09, 0.000000e+00, 0.000000e+00, 0.000000e+00, 0.000000e+00, -3.025163e+08, 2.546495e+08, -1.156356e+08, -6.957214e+07;
  -1.414127e+10, 1.830575e+10, -1.938844e+10, 5.932287e+09, 0.000000e+00, 0.000000e+00, 0.000000e+00, 0.000000e+00, 1.370651e+09, -1.081715e+09, 3.824523e+08, 3.280365e+08;
  1.685478e+10, -1.938844e+10, 1.693856e+10, -2.992794e+09, 0.000000e+00, 0.000000e+00, 0.000000e+00, 0.000000e+00, -4.760403e+09, 3.763783e+09, -1.427358e+09, -8.738445e+08;
  -5.366406e+09, 5.932287e+09, -2.992794e+09, -5.782680e+09, 0.000000e+00, 0.000000e+00, 0.000000e+00, 0.000000e+00, 8.629394e+09, -7.222474e+09, 3.707004e+09, 3.601186e+08;
  0.000000e+00, 0.000000e+00, 0.000000e+00, 0.000000e+00, -7.200236e+09, 7.070637e+09, -4.328983e+09, -1.152701e+09, 0.000000e+00, 0.000000e+00, 0.000000e+00, 0.000000e+00;
  0.000000e+00, 0.000000e+00, 0.000000e+00, 0.000000e+00, 7.070637e+09, -9.152874e+09, 9.694219e+09, -2.966144e+09, 0.000000e+00, 0.000000e+00, 0.000000e+00, 0.000000e+00;
  0.000000e+00, 0.000000e+00, 0.000000e+00, 0.000000e+00, -4.328983e+09, 9.694219e+09, -1.901061e+10, 1.735341e+10, 0.000000e+00, 0.000000e+00, 0.000000e+00, 0.000000e+00;
  0.000000e+00, 0.000000e+00, 0.000000e+00, 0.000000e+00, -1.152701e+09, -2.966144e+09, 1.735341e+10, -3.273542e+10, 0.000000e+00, 0.000000e+00, 0.000000e+00, 0.000000e+00;
  1.528588e+09, 6.853254e+08, -5.732241e+09, 9.605650e+09, 0.000000e+00, 0.000000e+00, 0.000000e+00, 0.000000e+00, 2.764949e+08, -1.670315e+08, -3.679260e+07, 1.381704e+08;
  -9.897897e+08, -5.408573e+08, 4.321744e+09, -7.943545e+09, 0.000000e+00, 0.000000e+00, 0.000000e+00, 0.000000e+00, -1.670315e+08, 1.198511e+08, -1.443053e+07, -6.799021e+07;
  -6.546972e+07, 1.912262e+08, -1.199987e+09, 3.831769e+09, 0.000000e+00, 0.000000e+00, 0.000000e+00, 0.000000e+00, -3.679260e+07, -1.443053e+07, 8.865352e+07, -7.092968e+07;
  6.710811e+08, 1.640182e+08, -1.476394e+09, 7.768620e+08, 0.000000e+00, 0.000000e+00, 0.000000e+00, 0.000000e+00, 1.381704e+08, -6.799021e+07, -7.092968e+07, 1.354092e+08;
];
K(:,:,2,3) = [
  -2.417082e+09, 1.139024e+10, -2.849700e+10, 2.849225e+10, 0.000000e+00, 0.000000e+00, 0.000000e+00, 0.000000e+00, -1.088904e+08, 9.211998e+05, 1.997176e+08, -2.325852e+08;
  8.657966e+09, -1.938844e+10, 3.802121e+10, -3.470682e+10, 0.000000e+00, 0.000000e+00, 0.000000e+00, 0.000000e+00, -2.780265e+08, 4.584122e+08, -6.922544e+08, 4.821169e+08;
  -2.063780e+10, 3.099366e+10, -4.385579e+10, 3.216392e+10, 0.000000e+00, 0.000000e+00, 0.000000e+00, 0.000000e+00, 3.120039e+09, -2.918814e+09, 2.120103e+09, -6.154314e+08;
  2.076889e+10, -2.413548e+10, 2.123655e+10, -4.142521e+09, 0.000000e+00, 0.000000e+00, 0.000000e+00, 0.000000e+00, -9.812376e+09, 8.150093e+09, -4.242495e+09, 1.333859e+08;
  0.000000e+00, 0.000000e+00, 0.000000e+00, 0.000000e+00, 6.305351e+09, -7.061253e+09, 6.389293e+09, -1.848685e+09, 0.000000e+00, 0.000000e+00, 0.000000e+00, 0.000000e+00;
  0.000000e+00, 0.000000e+00, 0.000000e+00, 0.000000e+00, -7.061253e+09, 9.694219e+09, -1.198305e+10, 6.782068e+09, 0.000000e+00, 0.000000e+00, 0.000000e+00, 0.000000e+00;
  0.000000e+00, 0.000000e+00, 0.000000e+00, 0.000000e+00, 6.389293e+09, -1.198305e+10, 2.192789e+10, -2.154564e+10, 0.000000e+00, 0.000000e+00, 0.000000e+00, 0.000000e+00;
  0.000000e+00, 0.000000e+00, 0.000000e+00, 0.000000e+00, -1.848685e+09, 6.782068e+09, -2.154564e+10, 3.603238e+10, 0.000000e+00, 0.000000e+00, 0.000000e+00, 0.000000e+00;
  -2.640006e+09, 9.718385e+08, 4.076299e+09, -1.143607e+10, 0.000000e+00, 0.000000e+00, 0.000000e+00, 0.000000e+00, -3.069515e+08, 2.556646e+08, -1.033985e+08, -9.876288e+07;
  2.104092e+09, -5.579610e+08, -3.688740e+09, 9.387483e+09, 0.000000e+00, 0.000000e+00, 0.000000e+00, 0.000000e+00, 2.556646e+08, -2.051750e+08, 7.845084e+07, 5.527336e+07;
  -7.063793e+08, -2.273710e+08, 2.327680e+09, -4.629106e+09, 0.000000e+00, 0.000000e+00, 0.000000e+00, 0.000000e+00, -1.033985e+08, 7.845084e+07, -4.650318e+07, 4.519588e+07;
  -7.887005e+08, 6.025492e+08, -1.319159e+08, -2.590966e+08, 0.000000e+00, 0.000000e+00, 0.000000e+00, 0.000000e+00, -9.876288e+07, 5.527336e+07, 4.519588e+07, -1.200921e+08;
];
K(:,:,2,4) = [
  -4.754102e+09, -2.518679e+08, 2.226013e+10, -5.005374e+10, 0.000000e+00, 0.000000e+00, 0.000000e+00, 0.000000e+00, -1.785854e+08, 1.515739e+08, -1.201391e+08, 1.261585e+08;
  2.305401e+09, 5.932287e+09, -3.470682e+10, 6.547085e+10, 0.000000e+00, 0.000000e+00, 0.000000e+00, 0.000000e+00, 5.654995e+08, -6.411393e+08, 7.508896e+08, -6.146886e+08;
  1.142072e+10, -2.413548e+10, 5.401865e+10, -7.206476e+10, 0.000000e+00, 0.000000e+00, 0.000000e+00, 0.000000e+00, -2.509878e+09, 2.795122e+09, -2.988931e+09, 1.970869e+09;
  -3.120094e+10, 4.171967e+10, -4.942402e+10, 2.998451e+10, 0.000000e+00, 0.000000e+00, 0.000000e+00, 0.000000e+00, 8.419367e+09, -7.927376e+09, 6.115012e+09, -2.689015e+09;
  0.000000e+00, 0.000000e+00, 0.000000e+00, 0.000000e+00, 2.584233e+08, 1.404568e+09, -4.964742e+09, 6.174077e+09, 0.000000e+00, 0.000000e+00, 0.000000e+00, 0.000000e+00;
  0.000000e+00, 0.000000e+00, 0.000000e+00, 0.000000e+00, 1.404568e+09, -2.966144e+09, 6.782068e+09, -8.984248e+09, 0.000000e+00, 0.000000e+00, 0.000000e+00, 0.000000e+00;
  0.000000e+00, 0.000000e+00, 0.000000e+00, 0.000000e+00, -4.964742e+09, 6.782068e+09, -1.061828e+10, 1.339163e+10, 0.000000e+00, 0.000000e+00, 0.000000e+00, 0.000000e+00;
  0.000000e+00, 0.000000e+00, 0.000000e+00, 0.000000e+00, 6.174077e+09, -8.984248e+09, 1.339163e+10, -1.499225e+10, 0.000000e+00, 0.000000e+00, 0.000000e+00, 0.000000e+00;
  2.114413e+09, -9.762554e+08, -2.725538e+09, 1.004177e+10, 0.000000e+00, 0.000000e+00, 0.000000e+00, 0.000000e+00, 1.659771e+08, -2.513629e+08, 3.110032e+08, -1.164849e+08;
  -2.269986e+09, 7.210710e+08, 3.352005e+09, -9.359933e+09, 0.000000e+00, 0.000000e+00, 0.000000e+00, 0.000000e+00, -2.513629e+08, 2.384901e+08, -1.839239e+08, 5.456226e+07;
  2.028897e+09, -1.247659e+08, -3.903272e+09, 7.034421e+09, 0.000000e+00, 0.000000e+00, 0.000000e+00, 0.000000e+00, 3.110032e+08, -1.839239e+08, -1.795076e+07, 5.187796e+07;
  -5.514991e+08, -4.167434e+08, 2.360224e+09, -2.872087e+09, 0.000000e+00, 0.000000e+00, 0.000000e+00, 0.000000e+00, -1.164849e+08, 5.456226e+07, 5.187796e+07, -5.157412e+07;
];
K(:,:,2,5) = [
  0.000000e+00, 0.000000e+00, 0.000000e+00, 0.000000e+00, -1.175566e+10, 1.115337e+10, -5.814956e+09, -3.341684e+09, 0.000000e+00, 0.000000e+00, 0.000000e+00, 0.000000e+00;
  0.000000e+00, 0.000000e+00, 0.000000e+00, 0.000000e+00, 1.440047e+10, -1.414127e+10, 8.657966e+09, 2.305401e+09, 0.000000e+00, 0.000000e+00, 0.000000e+00, 0.000000e+00;
  0.000000e+00, 0.000000e+00, 0.000000e+00, 0.000000e+00, -1.261070e+10, 1.412251e+10, -1.277859e+10, 3.697371e+09, 0.000000e+00, 0.000000e+00, 0.000000e+00, 0.000000e+00;
  0.000000e+00, 0.000000e+00, 0.000000e+00, 0.000000e+00, -5.168466e+08, -2.809137e+09, 9.929485e+09, -1.234815e+10, 0.000000e+00, 0.000000e+00, 0.000000e+00, 0.000000e+00;
  -5.877832e+09, 7.200236e+09, -6.305351e+09, -2.584233e+08, 0.000000e+00, 0.000000e+00, 0.000000e+00, 0.000000e+00, 6.886648e+08, -4.312325e+08, -6.164377e+07, 3.181475e+08;
  5.576683e+09, -7.070637e+09, 7.061253e+09, -1.404568e+09, 0.000000e+00, 0.000000e+00, 0.000000e+00, 0.000000e+00, -1.831104e+09, 1.244439e+09, -5.016590e+07, -7.406532e+08;
  -2.907478e+09, 4.328983e+09, -6.389293e+09, 4.964742e+09, 0.000000e+00, 0.000000e+00, 0.000000e+00, 0.000000e+00, 4.034999e+09, -3.103961e+09, 9.345321e+08, 1.113365e+09;
  -1.670842e+09, 1.152701e+09, 1.848685e+09, -6.174077e+09, 0.000000e+00, 0.000000e+00, 0.000000e+00, 0.000000e+00, -4.772421e+09, 4.406356e+09, -2.931095e+09, 2.122165e+08;
  0.000000e+00, 0.000000e+00, 0.000000e+00, 0.000000e+00, -1.377330e+09, -5.374066e+08, 4.219930e+09, -5.726863e+09, 0.000000e+00, 0.000000e+00, 0.000000e+00, 0.000000e+00;
  0.000000e+00, 0.000000e+00, 0.000000e+00, 0.000000e+00, 8.624650e+08, 3.039077e+08, -2.934333e+09, 4.863648e+09, 0.000000e+00, 0.000000e+00, 0.000000e+00, 0.000000e+00;
  0.000000e+00, 0.000000e+00, 0.000000e+00, 0.000000e+00, 1.232875e+08, 1.194616e+08, 2.663611e+08, -2.430617e+09, 0.000000e+00, 0.000000e+00, 0.000000e+00, 0.000000e+00;
  0.000000e+00, 0.000000e+00, 0.000000e+00, 0.000000e+00, -6.362950e+08, -2.833614e+08, 1.613843e+09, -7.331708e+08, 0.000000e+00, 0.000000e+00, 0.000000e+00, 0.000000e+00;
];
K(:,:,2,6) = [
  0.000000e+00, 0.000000e+00, 0.000000e+00, 0.000000e+00, 1.115337e+10, -1.414127e+10, 1.412251e+10, -2.809137e+09, 0.000000e+00, 0.000000e+00, 0.000000e+00, 0.000000e+00;
  0.000000e+00, 0.000000e+00, 0.000000e+00, 0.000000e+00, -1.414127e+10, 1.830575e+10, -1.938844e+10, 5.932287e+09, 0.000000e+00, 0.000000e+00, 0.000000e+00, 0.000000e+00;
  0.000000e+00, 0.000000e+00, 0.000000e+00, 0.000000e+00, 1.412251e+10, -1.938844e+10, 2.396611e+10, -1.356414e+10, 0.000000e+00, 0.000000e+00, 0.000000e+00, 0.000000e+00;
  0.000000e+00, 0.000000e+00, 0.000000e+00, 0.000000e+00, -2.809137e+09, 5.932287e+09, -1.356414e+10, 1.796850e+10, 0.000000e+00, 0.000000e+00, 0.000000e+00, 0.000000e+00;
  5.576683e+09, -7.070637e+09, 7.061253e+09, -1.404568e+09, 0.000000e+00, 0.000000e+00, 0.000000e+00, 0.000000e+00, -1.512582e+08, 1.273248e+08, -5.781781e+07, -3.478607e+07;
  -7.070637e+09, 9.152874e+09, -9.694219e+09, 2.966144e+09, 0.000000e+00, 0.000000e+00, 0.000000e+00, 0.000000e+00, 6.853254e+08, -5.408573e+08, 1.912262e+08, 1.640182e+08;
  7.061253e+09, -9.694219e+09, 1.198305e+10, -6.782068e+09, 0.000000e+00, 0.000000e+00, 0.000000e+00, 0.000000e+00, -2.380201e+09, 1.881892e+09, -7.136791e+08, -4.369223e+08;
  -1.404568e+09, 2.966144e+09, -6.782068e+09, 8.984248e+09, 0.000000e+00, 0.000000e+00, 0.000000e+00, 0.000000e+00, 4.314697e+09, -3.611237e+09, 1.853502e+09, 1.800593e+08;
  0.000000e+00, 0.000000e+00, 0.000000e+00, 0.000000e+00, 2.822285e+09, -1.372321e+09, -2.218226e+09, 5.477856e+09, 0.000000e+00, 0.000000e+00, 0.000000e+00, 0.000000e+00;
  0.000000e+00, 0.000000e+00, 0.000000e+00, 0.000000e+00, -1.930321e+09, 1.026902e+09, 1.434648e+09, -4.180356e+09, 0.000000e+00, 0.000000e+00, 0.000000e+00, 0.000000e+00;
  0.000000e+00, 0.000000e+00, 0.000000e+00, 0.000000e+00, 1.041578e+08, -2.560174e+08, 1.229855e+08, 1.237191e+09, 0.000000e+00, 0.000000e+00, 0.000000e+00, 0.000000e+00;
  0.000000e+00, 0.000000e+00, 0.000000e+00, 0.000000e+00, 1.128373e+09, -4.051011e+08, -1.053233e+09, 1.418701e+09, 0.000000e+00, 0.000000e+00, 0.000000e+00, 0.000000e+00;
];
K(:,:,2,7) = [
  0.000000e+00, 0.000000e+00, 0.000000e+00, 0.000000e+00, -5.814956e+09, 1.412251e+10, -2.849700e+10, 2.537619e+10, 0.000000e+00, 0.000000e+00, 0.000000e+00, 0.000000e+00;
  0.000000e+00, 0.000000e+00, 0.000000e+00, 0.000000e+00, 8.657966e+09, -1.938844e+10, 3.802121e+10, -3.470682e+10, 0.000000e+00, 0.000000e+00, 0.000000e+00, 0.000000e+00;
  0.000000e+00, 0.000000e+00, 0.000000e+00, 0.000000e+00, -1.277859e+10, 2.396611e+10, -4.385579e+10, 4.309129e+10, 0.000000e+00, 0.000000e+00, 0.000000e+00, 0.000000e+00;
  0.000000e+00, 0.000000e+00, 0.000000e+00, 0.000000e+00, 9.929485e+09, -1.356414e+10, 2.123655e+10, -2.678327e+10, 0.000000e+00, 0.000000e+00, 0.000000e+00, 0.000000e+00;
  -2.907478e+09, 4.328983e+09, -6.389293e+09, 4.964742e+09, 0.000000e+00, 0.000000e+00, 0.000000e+00, 0.000000e+00, -4.334587e+08, 2.404273e+08, 1.120375e+08, -2.551834e+08;
  7.061253e+09, -9.694219e+09, 1.198305e+10, -6.782068e+09, 0.000000e+00, 0.000000e+00, 0.000000e+00, 0.000000e+00, 9.718385e+08, -5.579610e+08, -2.273710e+08, 6.025492e+08;
  -1.424850e+10, 1.901061e+10, -2.192789e+10, 1.061828e+10, 0.000000e+00, 0.000000e+00, 0.000000e+00, 0.000000e+00, -1.155214e+09, 7.036632e+08, 2.493528e+08, -8.835436e+08;
  1.268810e+10, -1.735341e+10, 2.154564e+10, -1.339163e+10, 0.000000e+00, 0.000000e+00, 0.000000e+00, 0.000000e+00, -1.321111e+09, 8.177324e+08, -7.850351e+06, -1.294609e+08;
  0.000000e+00, 0.000000e+00, 0.000000e+00, 0.000000e+00, -4.716985e+09, 4.485854e+09, -2.645879e+09, -2.189181e+09, 0.000000e+00, 0.000000e+00, 0.000000e+00, 0.000000e+00;
  0.000000e+00, 0.000000e+00, 0.000000e+00, 0.000000e+00, 3.754443e+09, -3.445057e+09, 2.026636e+09, 1.240893e+09, 0.000000e+00, 0.000000e+00, 0.000000e+00, 0.000000e+00;
  0.000000e+00, 0.000000e+00, 0.000000e+00, 0.000000e+00, -1.378628e+09, 1.095602e+09, -7.239168e+08, 5.470670e+08, 0.000000e+00, 0.000000e+00, 0.000000e+00, 0.000000e+00;
  0.000000e+00, 0.000000e+00, 0.000000e+00, 0.000000e+00, -1.123254e+09, 1.025710e+09, -3.286262e+08, -1.394574e+09, 0.000000e+00, 0.000000e+00, 0.000000e+00, 0.000000e+00;
];
K(:,:,2,8) = [
