function K = baff_struct_dir_1(p)
% Auto-generated constant matrix
K = zeros(1,12,12,12);
K(:,:,1,1) = [
  0.000000e+00, 0.000000e+00, 0.000000e+00, 0.000000e+00, 0.000000e+00, 0.000000e+00, 0.000000e+00, 0.000000e+00, -1.403469e+07, -5.574890e+06, 9.605752e+06, 1.320612e+07;
];
K(:,:,1,2) = [
  0.000000e+00, 0.000000e+00, 0.000000e+00, 0.000000e+00, 0.000000e+00, 0.000000e+00, 0.000000e+00, 0.000000e+00, -1.344989e+06, -5.342596e+05, 9.205500e+05, 1.265585e+06;
];
K(:,:,1,3) = [
  0.000000e+00, 0.000000e+00, 0.000000e+00, 0.000000e+00, 0.000000e+00, 0.000000e+00, 0.000000e+00, 0.000000e+00, 1.632659e+07, 6.485284e+06, -1.117440e+07, -1.536272e+07;
];
K(:,:,1,4) = [
  0.000000e+00, 0.000000e+00, 0.000000e+00, 0.000000e+00, 0.000000e+00, 0.000000e+00, 0.000000e+00, 0.000000e+00, 8.525423e+06, 3.386487e+06, -5.835048e+06, -8.022107e+06;
];
K(:,:,1,5) = [
  0.000000e+00, 0.000000e+00, 0.000000e+00, 0.000000e+00, 0.000000e+00, 0.000000e+00, 0.000000e+00, 0.000000e+00, -1.751398e+07, -6.956940e+06, 1.198708e+07, 1.648001e+07;
];
K(:,:,1,6) = [
  0.000000e+00, 0.000000e+00, 0.000000e+00, 0.000000e+00, 0.000000e+00, 0.000000e+00, 0.000000e+00, 0.000000e+00, -2.297323e+07, -9.125476e+06, 1.572355e+07, 2.161696e+07;
];
K(:,:,1,7) = [
  0.000000e+00, 0.000000e+00, 0.000000e+00, 0.000000e+00, 0.000000e+00, 0.000000e+00, 0.000000e+00, 0.000000e+00, 0.000000e+00, 0.000000e+00, 0.000000e+00, 0.000000e+00;
];
K(:,:,1,8) = [
  0.000000e+00, 0.000000e+00, 0.000000e+00, 0.000000e+00, 0.000000e+00, 0.000000e+00, 0.000000e+00, 0.000000e+00, 0.000000e+00, 0.000000e+00, 0.000000e+00, 0.000000e+00;
];
K(:,:,1,9) = [
  0.000000e+00, 0.000000e+00, 0.000000e+00, 0.000000e+00, 0.000000e+00, 0.000000e+00, 0.000000e+00, 0.000000e+00, 0.000000e+00, 0.000000e+00, 0.000000e+00, 0.000000e+00;
];
K(:,:,1,10) = [
  0.000000e+00, 0.000000e+00, 0.000000e+00, 0.000000e+00, 0.000000e+00, 0.000000e+00, 0.000000e+00, 0.000000e+00, 0.000000e+00, 0.000000e+00, 0.000000e+00, 0.000000e+00;
];
K(:,:,1,11) = [
  0.000000e+00, 0.000000e+00, 0.000000e+00, 0.000000e+00, 0.000000e+00, 0.000000e+00, 0.000000e+00, 0.000000e+00, 0.000000e+00, 0.000000e+00, 0.000000e+00, 0.000000e+00;
];
K(:,:,1,12) = [
  0.000000e+00, 0.000000e+00, 0.000000e+00, 0.000000e+00, 0.000000e+00, 0.000000e+00, 0.000000e+00, 0.000000e+00, 0.000000e+00, 0.000000e+00, 0.000000e+00, 0.000000e+00;
];
K(:,:,2,1) = [
  0.000000e+00, 0.000000e+00, 0.000000e+00, 0.000000e+00, 0.000000e+00, 0.000000e+00, 0.000000e+00, 0.000000e+00, -1.344989e+06, -5.342596e+05, 9.205500e+05, 1.265585e+06;
];
K(:,:,2,2) = [
  0.000000e+00, 0.000000e+00, 0.000000e+00, 0.000000e+00, 0.000000e+00, 0.000000e+00, 0.000000e+00, 0.000000e+00, -1.288947e+05, -5.119981e+04, 8.821926e+04, 1.212851e+05;
];
K(:,:,2,3) = [
  0.000000e+00, 0.000000e+00, 0.000000e+00, 0.000000e+00, 0.000000e+00, 0.000000e+00, 0.000000e+00, 0.000000e+00, 1.564630e+06, 6.215056e+05, -1.070878e+06, -1.472259e+06;
];
K(:,:,2,4) = [
  0.000000e+00, 0.000000e+00, 0.000000e+00, 0.000000e+00, 0.000000e+00, 0.000000e+00, 0.000000e+00, 0.000000e+00, 8.170186e+05, 3.245379e+05, -5.591913e+05, -7.687842e+05;
];
K(:,:,2,5) = [
  0.000000e+00, 0.000000e+00, 0.000000e+00, 0.000000e+00, 0.000000e+00, 0.000000e+00, 0.000000e+00, 0.000000e+00, -1.678421e+06, -6.667059e+05, 1.148760e+06, 1.579332e+06;
];
K(:,:,2,6) = [
  0.000000e+00, 0.000000e+00, 0.000000e+00, 0.000000e+00, 0.000000e+00, 0.000000e+00, 0.000000e+00, 0.000000e+00, -2.201598e+06, -8.745236e+05, 1.506838e+06, 2.071622e+06;
];
K(:,:,2,7) = [
  0.000000e+00, 0.000000e+00, 0.000000e+00, 0.000000e+00, 0.000000e+00, 0.000000e+00, 0.000000e+00, 0.000000e+00, 0.000000e+00, 0.000000e+00, 0.000000e+00, 0.000000e+00;
];
K(:,:,2,8) = [
  0.000000e+00, 0.000000e+00, 0.000000e+00, 0.000000e+00, 0.000000e+00, 0.000000e+00, 0.000000e+00, 0.000000e+00, 0.000000e+00, 0.000000e+00, 0.000000e+00, 0.000000e+00;
];
K(:,:,2,9) = [
  0.000000e+00, 0.000000e+00, 0.000000e+00, 0.000000e+00, 0.000000e+00, 0.000000e+00, 0.000000e+00, 0.000000e+00, 0.000000e+00, 0.000000e+00, 0.000000e+00, 0.000000e+00;
];
K(:,:,2,10) = [
  0.000000e+00, 0.000000e+00, 0.000000e+00, 0.000000e+00, 0.000000e+00, 0.000000e+00, 0.000000e+00, 0.000000e+00, 0.000000e+00, 0.000000e+00, 0.000000e+00, 0.000000e+00;
];
K(:,:,2,11) = [
  0.000000e+00, 0.000000e+00, 0.000000e+00, 0.000000e+00, 0.000000e+00, 0.000000e+00, 0.000000e+00, 0.000000e+00, 0.000000e+00, 0.000000e+00, 0.000000e+00, 0.000000e+00;
];
K(:,:,2,12) = [
  0.000000e+00, 0.000000e+00, 0.000000e+00, 0.000000e+00, 0.000000e+00, 0.000000e+00, 0.000000e+00, 0.000000e+00, 0.000000e+00, 0.000000e+00, 0.000000e+00, 0.000000e+00;
];
K(:,:,3,1) = [
  0.000000e+00, 0.000000e+00, 0.000000e+00, 0.000000e+00, 0.000000e+00, 0.000000e+00, 0.000000e+00, 0.000000e+00, 1.632659e+07, 6.485284e+06, -1.117440e+07, -1.536272e+07;
];
K(:,:,3,2) = [
  0.000000e+00, 0.000000e+00, 0.000000e+00, 0.000000e+00, 0.000000e+00, 0.000000e+00, 0.000000e+00, 0.000000e+00, 1.564630e+06, 6.215056e+05, -1.070878e+06, -1.472259e+06;
];
K(:,:,3,3) = [
  0.000000e+00, 0.000000e+00, 0.000000e+00, 0.000000e+00, 0.000000e+00, 0.000000e+00, 0.000000e+00, 0.000000e+00, -1.899277e+07, -7.544348e+06, 1.299920e+07, 1.787149e+07;
];
K(:,:,3,4) = [
  0.000000e+00, 0.000000e+00, 0.000000e+00, 0.000000e+00, 0.000000e+00, 0.000000e+00, 0.000000e+00, 0.000000e+00, -9.917646e+06, -3.939509e+06, 6.787926e+06, 9.332138e+06;
];
K(:,:,3,5) = [
  0.000000e+00, 0.000000e+00, 0.000000e+00, 0.000000e+00, 0.000000e+00, 0.000000e+00, 0.000000e+00, 0.000000e+00, 2.037406e+07, 8.093026e+06, -1.394460e+07, -1.917123e+07;
];
K(:,:,3,6) = [
  0.000000e+00, 0.000000e+00, 0.000000e+00, 0.000000e+00, 0.000000e+00, 0.000000e+00, 0.000000e+00, 0.000000e+00, 2.672482e+07, 1.061569e+07, -1.829124e+07, -2.514706e+07;
];
K(:,:,3,7) = [
  0.000000e+00, 0.000000e+00, 0.000000e+00, 0.000000e+00, 0.000000e+00, 0.000000e+00, 0.000000e+00, 0.000000e+00, 0.000000e+00, 0.000000e+00, 0.000000e+00, 0.000000e+00;
];
K(:,:,3,8) = [
  0.000000e+00, 0.000000e+00, 0.000000e+00, 0.000000e+00, 0.000000e+00, 0.000000e+00, 0.000000e+00, 0.000000e+00, 0.000000e+00, 0.000000e+00, 0.000000e+00, 0.000000e+00;
];
K(:,:,3,9) = [
  0.000000e+00, 0.000000e+00, 0.000000e+00, 0.000000e+00, 0.000000e+00, 0.000000e+00, 0.000000e+00, 0.000000e+00, 0.000000e+00, 0.000000e+00, 0.000000e+00, 0.000000e+00;
];
K(:,:,3,10) = [
  0.000000e+00, 0.000000e+00, 0.000000e+00, 0.000000e+00, 0.000000e+00, 0.000000e+00, 0.000000e+00, 0.000000e+00, 0.000000e+00, 0.000000e+00, 0.000000e+00, 0.000000e+00;
];
K(:,:,3,11) = [
  0.000000e+00, 0.000000e+00, 0.000000e+00, 0.000000e+00, 0.000000e+00, 0.000000e+00, 0.000000e+00, 0.000000e+00, 0.000000e+00, 0.000000e+00, 0.000000e+00, 0.000000e+00;
];
K(:,:,3,12) = [
  0.000000e+00, 0.000000e+00, 0.000000e+00, 0.000000e+00, 0.000000e+00, 0.000000e+00, 0.000000e+00, 0.000000e+00, 0.000000e+00, 0.000000e+00, 0.000000e+00, 0.000000e+00;
];
K(:,:,4,1) = [
  0.000000e+00, 0.000000e+00, 0.000000e+00, 0.000000e+00, 0.000000e+00, 0.000000e+00, 0.000000e+00, 0.000000e+00, 8.525423e+06, 3.386487e+06, -5.835048e+06, -8.022107e+06;
];
K(:,:,4,2) = [
  0.000000e+00, 0.000000e+00, 0.000000e+00, 0.000000e+00, 0.000000e+00, 0.000000e+00, 0.000000e+00, 0.000000e+00, 8.170186e+05, 3.245379e+05, -5.591913e+05, -7.687842e+05;
];
K(:,:,4,3) = [
  0.000000e+00, 0.000000e+00, 0.000000e+00, 0.000000e+00, 0.000000e+00, 0.000000e+00, 0.000000e+00, 0.000000e+00, -9.917646e+06, -3.939509e+06, 6.787926e+06, 9.332138e+06;
];
K(:,:,4,4) = [
  0.000000e+00, 0.000000e+00, 0.000000e+00, 0.000000e+00, 0.000000e+00, 0.000000e+00, 0.000000e+00, 0.000000e+00, -5.178798e+06, -2.057133e+06, 3.544520e+06, 4.873057e+06;
];
K(:,:,4,5) = [
  0.000000e+00, 0.000000e+00, 0.000000e+00, 0.000000e+00, 0.000000e+00, 0.000000e+00, 0.000000e+00, 0.000000e+00, 1.063893e+07, 4.226018e+06, -7.281593e+06, -1.001084e+07;
];
