function K = GW0t(p)
% Auto-generated constant matrix
K = zeros(12,12,20,12);
K(:,:,1,1) = [
  0.000000e+00, 0.000000e+00, 0.000000e+00, 0.000000e+00, -7.782481e-01, -7.198795e-01, -5.525562e-01, -2.986527e-01, 0.000000e+00, 0.000000e+00, 0.000000e+00, 0.000000e+00;
  0.000000e+00, 0.000000e+00, 0.000000e+00, 0.000000e+00, -7.344717e-01, -6.793863e-01, -5.214749e-01, -2.818535e-01, 0.000000e+00, 0.000000e+00, 0.000000e+00, 0.000000e+00;
  0.000000e+00, 0.000000e+00, 0.000000e+00, 0.000000e+00, -6.078118e-01, -5.622259e-01, -4.315464e-01, -2.332478e-01, 0.000000e+00, 0.000000e+00, 0.000000e+00, 0.000000e+00;
  0.000000e+00, 0.000000e+00, 0.000000e+00, 0.000000e+00, -4.117905e-01, -3.809063e-01, -2.923713e-01, -1.580246e-01, 0.000000e+00, 0.000000e+00, 0.000000e+00, 0.000000e+00;
  -7.782481e-01, -7.344717e-01, -6.078118e-01, -4.117905e-01, 1.167372e+00, 1.079819e+00, 8.288343e-01, 4.479791e-01, 0.000000e+00, 0.000000e+00, 0.000000e+00, 0.000000e+00;
  -7.198795e-01, -6.793863e-01, -5.622259e-01, -3.809063e-01, 1.079819e+00, 9.988328e-01, 7.666717e-01, 4.143807e-01, 0.000000e+00, 0.000000e+00, 0.000000e+00, 0.000000e+00;
  -5.525562e-01, -5.214749e-01, -4.315464e-01, -2.923713e-01, 8.288343e-01, 7.666717e-01, 5.884723e-01, 3.180651e-01, 0.000000e+00, 0.000000e+00, 0.000000e+00, 0.000000e+00;
  -2.986527e-01, -2.818535e-01, -2.332478e-01, -1.580246e-01, 4.479791e-01, 4.143807e-01, 3.180651e-01, 1.719120e-01, 0.000000e+00, 0.000000e+00, 0.000000e+00, 0.000000e+00;
  0.000000e+00, 0.000000e+00, 0.000000e+00, 0.000000e+00, 0.000000e+00, 0.000000e+00, 0.000000e+00, 0.000000e+00, 2.918431e-01, 2.772509e-01, 2.349337e-01, 1.691230e-01;
  0.000000e+00, 0.000000e+00, 0.000000e+00, 0.000000e+00, 0.000000e+00, 0.000000e+00, 0.000000e+00, 0.000000e+00, 2.772509e-01, 2.633884e-01, 2.231870e-01, 1.606669e-01;
  0.000000e+00, 0.000000e+00, 0.000000e+00, 0.000000e+00, 0.000000e+00, 0.000000e+00, 0.000000e+00, 0.000000e+00, 2.349337e-01, 2.231870e-01, 1.891216e-01, 1.361441e-01;
  0.000000e+00, 0.000000e+00, 0.000000e+00, 0.000000e+00, 0.000000e+00, 0.000000e+00, 0.000000e+00, 0.000000e+00, 1.691230e-01, 1.606669e-01, 1.361441e-01, 9.800681e-02;
];
K(:,:,1,2) = [
  0.000000e+00, 0.000000e+00, 0.000000e+00, 0.000000e+00, -7.344717e-01, -6.793863e-01, -5.214749e-01, -2.818535e-01, 0.000000e+00, 0.000000e+00, 0.000000e+00, 0.000000e+00;
  0.000000e+00, 0.000000e+00, 0.000000e+00, 0.000000e+00, -6.933218e-01, -6.413227e-01, -4.922585e-01, -2.660622e-01, 0.000000e+00, 0.000000e+00, 0.000000e+00, 0.000000e+00;
  0.000000e+00, 0.000000e+00, 0.000000e+00, 0.000000e+00, -5.742498e-01, -5.311811e-01, -4.077174e-01, -2.203684e-01, 0.000000e+00, 0.000000e+00, 0.000000e+00, 0.000000e+00;
  0.000000e+00, 0.000000e+00, 0.000000e+00, 0.000000e+00, -3.899336e-01, -3.606886e-01, -2.768528e-01, -1.496370e-01, 0.000000e+00, 0.000000e+00, 0.000000e+00, 0.000000e+00;
  -7.344717e-01, -6.933218e-01, -5.742498e-01, -3.899336e-01, 1.109004e+00, 1.025828e+00, 7.873926e-01, 4.255801e-01, 0.000000e+00, 0.000000e+00, 0.000000e+00, 0.000000e+00;
  -6.793863e-01, -6.413227e-01, -5.311811e-01, -3.606886e-01, 1.025828e+00, 9.488912e-01, 7.283381e-01, 3.936616e-01, 0.000000e+00, 0.000000e+00, 0.000000e+00, 0.000000e+00;
  -5.214749e-01, -4.922585e-01, -4.077174e-01, -2.768528e-01, 7.873926e-01, 7.283381e-01, 5.590487e-01, 3.021619e-01, 0.000000e+00, 0.000000e+00, 0.000000e+00, 0.000000e+00;
  -2.818535e-01, -2.660622e-01, -2.203684e-01, -1.496370e-01, 4.255801e-01, 3.936616e-01, 3.021619e-01, 1.633164e-01, 0.000000e+00, 0.000000e+00, 0.000000e+00, 0.000000e+00;
  0.000000e+00, 0.000000e+00, 0.000000e+00, 0.000000e+00, 0.000000e+00, 0.000000e+00, 0.000000e+00, 0.000000e+00, 2.772509e-01, 2.633884e-01, 2.231870e-01, 1.606669e-01;
  0.000000e+00, 0.000000e+00, 0.000000e+00, 0.000000e+00, 0.000000e+00, 0.000000e+00, 0.000000e+00, 0.000000e+00, 2.633884e-01, 2.502189e-01, 2.120276e-01, 1.526336e-01;
  0.000000e+00, 0.000000e+00, 0.000000e+00, 0.000000e+00, 0.000000e+00, 0.000000e+00, 0.000000e+00, 0.000000e+00, 2.231870e-01, 2.120276e-01, 1.796655e-01, 1.293369e-01;
  0.000000e+00, 0.000000e+00, 0.000000e+00, 0.000000e+00, 0.000000e+00, 0.000000e+00, 0.000000e+00, 0.000000e+00, 1.606669e-01, 1.526336e-01, 1.293369e-01, 9.310647e-02;
];
K(:,:,1,3) = [
  0.000000e+00, 0.000000e+00, 0.000000e+00, 0.000000e+00, -6.078118e-01, -5.622259e-01, -4.315464e-01, -2.332478e-01, 0.000000e+00, 0.000000e+00, 0.000000e+00, 0.000000e+00;
  0.000000e+00, 0.000000e+00, 0.000000e+00, 0.000000e+00, -5.742498e-01, -5.311811e-01, -4.077174e-01, -2.203684e-01, 0.000000e+00, 0.000000e+00, 0.000000e+00, 0.000000e+00;
  0.000000e+00, 0.000000e+00, 0.000000e+00, 0.000000e+00, -4.770995e-01, -4.413170e-01, -3.387406e-01, -1.830869e-01, 0.000000e+00, 0.000000e+00, 0.000000e+00, 0.000000e+00;
  0.000000e+00, 0.000000e+00, 0.000000e+00, 0.000000e+00, -3.266021e-01, -3.021069e-01, -2.318875e-01, -1.253335e-01, 0.000000e+00, 0.000000e+00, 0.000000e+00, 0.000000e+00;
  -6.078118e-01, -5.742498e-01, -4.770995e-01, -3.266021e-01, 9.397346e-01, 8.692545e-01, 6.672116e-01, 3.606232e-01, 0.000000e+00, 0.000000e+00, 0.000000e+00, 0.000000e+00;
  -5.622259e-01, -5.311811e-01, -4.413170e-01, -3.021069e-01, 8.692545e-01, 8.040604e-01, 6.171707e-01, 3.335764e-01, 0.000000e+00, 0.000000e+00, 0.000000e+00, 0.000000e+00;
  -4.315464e-01, -4.077174e-01, -3.387406e-01, -2.318875e-01, 6.672116e-01, 6.171707e-01, 4.737202e-01, 2.560424e-01, 0.000000e+00, 0.000000e+00, 0.000000e+00, 0.000000e+00;
  -2.332478e-01, -2.203684e-01, -1.830869e-01, -1.253335e-01, 3.606232e-01, 3.335764e-01, 2.560424e-01, 1.383891e-01, 0.000000e+00, 0.000000e+00, 0.000000e+00, 0.000000e+00;
  0.000000e+00, 0.000000e+00, 0.000000e+00, 0.000000e+00, 0.000000e+00, 0.000000e+00, 0.000000e+00, 0.000000e+00, 2.349337e-01, 2.231870e-01, 1.891216e-01, 1.361441e-01;
  0.000000e+00, 0.000000e+00, 0.000000e+00, 0.000000e+00, 0.000000e+00, 0.000000e+00, 0.000000e+00, 0.000000e+00, 2.231870e-01, 2.120276e-01, 1.796655e-01, 1.293369e-01;
  0.000000e+00, 0.000000e+00, 0.000000e+00, 0.000000e+00, 0.000000e+00, 0.000000e+00, 0.000000e+00, 0.000000e+00, 1.891216e-01, 1.796655e-01, 1.522429e-01, 1.095960e-01;
  0.000000e+00, 0.000000e+00, 0.000000e+00, 0.000000e+00, 0.000000e+00, 0.000000e+00, 0.000000e+00, 0.000000e+00, 1.361441e-01, 1.293369e-01, 1.095960e-01, 7.889548e-02;
];
K(:,:,1,4) = [
  0.000000e+00, 0.000000e+00, 0.000000e+00, 0.000000e+00, -4.117905e-01, -3.809063e-01, -2.923713e-01, -1.580246e-01, 0.000000e+00, 0.000000e+00, 0.000000e+00, 0.000000e+00;
  0.000000e+00, 0.000000e+00, 0.000000e+00, 0.000000e+00, -3.899336e-01, -3.606886e-01, -2.768528e-01, -1.496370e-01, 0.000000e+00, 0.000000e+00, 0.000000e+00, 0.000000e+00;
  0.000000e+00, 0.000000e+00, 0.000000e+00, 0.000000e+00, -3.266021e-01, -3.021069e-01, -2.318875e-01, -1.253335e-01, 0.000000e+00, 0.000000e+00, 0.000000e+00, 0.000000e+00;
  0.000000e+00, 0.000000e+00, 0.000000e+00, 0.000000e+00, -2.282877e-01, -2.111661e-01, -1.620843e-01, -8.760540e-02, 0.000000e+00, 0.000000e+00, 0.000000e+00, 0.000000e+00;
  -4.117905e-01, -3.899336e-01, -3.266021e-01, -2.282877e-01, 6.764922e-01, 6.257553e-01, 4.803095e-01, 2.596039e-01, 0.000000e+00, 0.000000e+00, 0.000000e+00, 0.000000e+00;
  -3.809063e-01, -3.606886e-01, -3.021069e-01, -2.111661e-01, 6.257553e-01, 5.788236e-01, 4.442862e-01, 2.401336e-01, 0.000000e+00, 0.000000e+00, 0.000000e+00, 0.000000e+00;
  -2.923713e-01, -2.768528e-01, -2.318875e-01, -1.620843e-01, 4.803095e-01, 4.442862e-01, 3.410197e-01, 1.843188e-01, 0.000000e+00, 0.000000e+00, 0.000000e+00, 0.000000e+00;
  -1.580246e-01, -1.496370e-01, -1.253335e-01, -8.760540e-02, 2.596039e-01, 2.401336e-01, 1.843188e-01, 9.962299e-02, 0.000000e+00, 0.000000e+00, 0.000000e+00, 0.000000e+00;
  0.000000e+00, 0.000000e+00, 0.000000e+00, 0.000000e+00, 0.000000e+00, 0.000000e+00, 0.000000e+00, 0.000000e+00, 1.691230e-01, 1.606669e-01, 1.361441e-01, 9.800681e-02;
  0.000000e+00, 0.000000e+00, 0.000000e+00, 0.000000e+00, 0.000000e+00, 0.000000e+00, 0.000000e+00, 0.000000e+00, 1.606669e-01, 1.526336e-01, 1.293369e-01, 9.310647e-02;
  0.000000e+00, 0.000000e+00, 0.000000e+00, 0.000000e+00, 0.000000e+00, 0.000000e+00, 0.000000e+00, 0.000000e+00, 1.361441e-01, 1.293369e-01, 1.095960e-01, 7.889548e-02;
  0.000000e+00, 0.000000e+00, 0.000000e+00, 0.000000e+00, 0.000000e+00, 0.000000e+00, 0.000000e+00, 0.000000e+00, 9.800681e-02, 9.310647e-02, 7.889548e-02, 5.679494e-02;
];
K(:,:,1,5) = [
  0.000000e+00, 0.000000e+00, 0.000000e+00, 0.000000e+00, 1.167372e+00, 1.079819e+00, 8.288343e-01, 4.479791e-01, 0.000000e+00, 0.000000e+00, 0.000000e+00, 0.000000e+00;
  0.000000e+00, 0.000000e+00, 0.000000e+00, 0.000000e+00, 1.079819e+00, 9.988328e-01, 7.666717e-01, 4.143807e-01, 0.000000e+00, 0.000000e+00, 0.000000e+00, 0.000000e+00;
  0.000000e+00, 0.000000e+00, 0.000000e+00, 0.000000e+00, 8.288343e-01, 7.666717e-01, 5.884723e-01, 3.180651e-01, 0.000000e+00, 0.000000e+00, 0.000000e+00, 0.000000e+00;
  0.000000e+00, 0.000000e+00, 0.000000e+00, 0.000000e+00, 4.479791e-01, 4.143807e-01, 3.180651e-01, 1.719120e-01, 0.000000e+00, 0.000000e+00, 0.000000e+00, 0.000000e+00;
  1.167372e+00, 1.079819e+00, 8.288343e-01, 4.479791e-01, -1.556496e+00, -1.454351e+00, -1.160368e+00, -7.104433e-01, 0.000000e+00, 0.000000e+00, 0.000000e+00, 0.000000e+00;
  1.079819e+00, 9.988328e-01, 7.666717e-01, 4.143807e-01, -1.454351e+00, -1.358773e+00, -1.083701e+00, -6.627598e-01, 0.000000e+00, 0.000000e+00, 0.000000e+00, 0.000000e+00;
  8.288343e-01, 7.666717e-01, 5.884723e-01, 3.180651e-01, -1.160368e+00, -1.083701e+00, -8.630927e-01, -5.256191e-01, 0.000000e+00, 0.000000e+00, 0.000000e+00, 0.000000e+00;
  4.479791e-01, 4.143807e-01, 3.180651e-01, 1.719120e-01, -7.104433e-01, -6.627598e-01, -5.256191e-01, -3.160492e-01, 0.000000e+00, 0.000000e+00, 0.000000e+00, 0.000000e+00;
  0.000000e+00, 0.000000e+00, 0.000000e+00, 0.000000e+00, 0.000000e+00, 0.000000e+00, 0.000000e+00, 0.000000e+00, 0.000000e+00, 0.000000e+00, 0.000000e+00, 0.000000e+00;
  0.000000e+00, 0.000000e+00, 0.000000e+00, 0.000000e+00, 0.000000e+00, 0.000000e+00, 0.000000e+00, 0.000000e+00, 0.000000e+00, 0.000000e+00, 0.000000e+00, 0.000000e+00;
  0.000000e+00, 0.000000e+00, 0.000000e+00, 0.000000e+00, 0.000000e+00, 0.000000e+00, 0.000000e+00, 0.000000e+00, 0.000000e+00, 0.000000e+00, 0.000000e+00, 0.000000e+00;
  0.000000e+00, 0.000000e+00, 0.000000e+00, 0.000000e+00, 0.000000e+00, 0.000000e+00, 0.000000e+00, 0.000000e+00, 0.000000e+00, 0.000000e+00, 0.000000e+00, 0.000000e+00;
];
K(:,:,1,6) = [
  0.000000e+00, 0.000000e+00, 0.000000e+00, 0.000000e+00, 1.109004e+00, 1.025828e+00, 7.873926e-01, 4.255801e-01, 0.000000e+00, 0.000000e+00, 0.000000e+00, 0.000000e+00;
  0.000000e+00, 0.000000e+00, 0.000000e+00, 0.000000e+00, 1.025828e+00, 9.488912e-01, 7.283381e-01, 3.936616e-01, 0.000000e+00, 0.000000e+00, 0.000000e+00, 0.000000e+00;
  0.000000e+00, 0.000000e+00, 0.000000e+00, 0.000000e+00, 7.873926e-01, 7.283381e-01, 5.590487e-01, 3.021619e-01, 0.000000e+00, 0.000000e+00, 0.000000e+00, 0.000000e+00;
  0.000000e+00, 0.000000e+00, 0.000000e+00, 0.000000e+00, 4.255801e-01, 3.936616e-01, 3.021619e-01, 1.633164e-01, 0.000000e+00, 0.000000e+00, 0.000000e+00, 0.000000e+00;
  1.109004e+00, 1.025828e+00, 7.873926e-01, 4.255801e-01, -1.468943e+00, -1.372708e+00, -1.095725e+00, -6.717871e-01, 0.000000e+00, 0.000000e+00, 0.000000e+00, 0.000000e+00;
  1.025828e+00, 9.488912e-01, 7.283381e-01, 3.936616e-01, -1.372708e+00, -1.282645e+00, -1.023440e+00, -6.267508e-01, 0.000000e+00, 0.000000e+00, 0.000000e+00, 0.000000e+00;
  7.873926e-01, 7.283381e-01, 5.590487e-01, 3.021619e-01, -1.095725e+00, -1.023440e+00, -8.154348e-01, -4.972212e-01, 0.000000e+00, 0.000000e+00, 0.000000e+00, 0.000000e+00;
  4.255801e-01, 3.936616e-01, 3.021619e-01, 1.633164e-01, -6.717871e-01, -6.267508e-01, -4.972212e-01, -2.992740e-01, 0.000000e+00, 0.000000e+00, 0.000000e+00, 0.000000e+00;
  0.000000e+00, 0.000000e+00, 0.000000e+00, 0.000000e+00, 0.000000e+00, 0.000000e+00, 0.000000e+00, 0.000000e+00, 0.000000e+00, 0.000000e+00, 0.000000e+00, 0.000000e+00;
  0.000000e+00, 0.000000e+00, 0.000000e+00, 0.000000e+00, 0.000000e+00, 0.000000e+00, 0.000000e+00, 0.000000e+00, 0.000000e+00, 0.000000e+00, 0.000000e+00, 0.000000e+00;
  0.000000e+00, 0.000000e+00, 0.000000e+00, 0.000000e+00, 0.000000e+00, 0.000000e+00, 0.000000e+00, 0.000000e+00, 0.000000e+00, 0.000000e+00, 0.000000e+00, 0.000000e+00;
  0.000000e+00, 0.000000e+00, 0.000000e+00, 0.000000e+00, 0.000000e+00, 0.000000e+00, 0.000000e+00, 0.000000e+00, 0.000000e+00, 0.000000e+00, 0.000000e+00, 0.000000e+00;
];
K(:,:,1,7) = [
  0.000000e+00, 0.000000e+00, 0.000000e+00, 0.000000e+00, 9.397346e-01, 8.692545e-01, 6.672116e-01, 3.606232e-01, 0.000000e+00, 0.000000e+00, 0.000000e+00, 0.000000e+00;
  0.000000e+00, 0.000000e+00, 0.000000e+00, 0.000000e+00, 8.692545e-01, 8.040604e-01, 6.171707e-01, 3.335764e-01, 0.000000e+00, 0.000000e+00, 0.000000e+00, 0.000000e+00;
  0.000000e+00, 0.000000e+00, 0.000000e+00, 0.000000e+00, 6.672116e-01, 6.171707e-01, 4.737202e-01, 2.560424e-01, 0.000000e+00, 0.000000e+00, 0.000000e+00, 0.000000e+00;
  0.000000e+00, 0.000000e+00, 0.000000e+00, 0.000000e+00, 3.606232e-01, 3.335764e-01, 2.560424e-01, 1.383891e-01, 0.000000e+00, 0.000000e+00, 0.000000e+00, 0.000000e+00;
  9.397346e-01, 8.692545e-01, 6.672116e-01, 3.606232e-01, -1.215624e+00, -1.136476e+00, -9.086458e-01, -5.598499e-01, 0.000000e+00, 0.000000e+00, 0.000000e+00, 0.000000e+00;
  8.692545e-01, 8.040604e-01, 6.171707e-01, 3.335764e-01, -1.136476e+00, -1.062362e+00, -8.490344e-01, -5.224753e-01, 0.000000e+00, 0.000000e+00, 0.000000e+00, 0.000000e+00;
  6.672116e-01, 6.171707e-01, 4.737202e-01, 2.560424e-01, -9.086458e-01, -8.490344e-01, -6.774812e-01, -4.149744e-01, 0.000000e+00, 0.000000e+00, 0.000000e+00, 0.000000e+00;
  3.606232e-01, 3.335764e-01, 2.560424e-01, 1.383891e-01, -5.598499e-01, -5.224753e-01, -4.149744e-01, -2.506671e-01, 0.000000e+00, 0.000000e+00, 0.000000e+00, 0.000000e+00;
  0.000000e+00, 0.000000e+00, 0.000000e+00, 0.000000e+00, 0.000000e+00, 0.000000e+00, 0.000000e+00, 0.000000e+00, 0.000000e+00, 0.000000e+00, 0.000000e+00, 0.000000e+00;
  0.000000e+00, 0.000000e+00, 0.000000e+00, 0.000000e+00, 0.000000e+00, 0.000000e+00, 0.000000e+00, 0.000000e+00, 0.000000e+00, 0.000000e+00, 0.000000e+00, 0.000000e+00;
  0.000000e+00, 0.000000e+00, 0.000000e+00, 0.000000e+00, 0.000000e+00, 0.000000e+00, 0.000000e+00, 0.000000e+00, 0.000000e+00, 0.000000e+00, 0.000000e+00, 0.000000e+00;
  0.000000e+00, 0.000000e+00, 0.000000e+00, 0.000000e+00, 0.000000e+00, 0.000000e+00, 0.000000e+00, 0.000000e+00, 0.000000e+00, 0.000000e+00, 0.000000e+00, 0.000000e+00;
];
K(:,:,1,8) = [
  0.000000e+00, 0.000000e+00, 0.000000e+00, 0.000000e+00, 6.764922e-01, 6.257553e-01, 4.803095e-01, 2.596039e-01, 0.000000e+00, 0.000000e+00, 0.000000e+00, 0.000000e+00;
  0.000000e+00, 0.000000e+00, 0.000000e+00, 0.000000e+00, 6.257553e-01, 5.788236e-01, 4.442862e-01, 2.401336e-01, 0.000000e+00, 0.000000e+00, 0.000000e+00, 0.000000e+00;
  0.000000e+00, 0.000000e+00, 0.000000e+00, 0.000000e+00, 4.803095e-01, 4.442862e-01, 3.410197e-01, 1.843188e-01, 0.000000e+00, 0.000000e+00, 0.000000e+00, 0.000000e+00;
  0.000000e+00, 0.000000e+00, 0.000000e+00, 0.000000e+00, 2.596039e-01, 2.401336e-01, 1.843188e-01, 9.962299e-02, 0.000000e+00, 0.000000e+00, 0.000000e+00, 0.000000e+00;
  6.764922e-01, 6.257553e-01, 4.803095e-01, 2.596039e-01, -8.235811e-01, -7.708398e-01, -6.189734e-01, -3.863123e-01, 0.000000e+00, 0.000000e+00, 0.000000e+00, 0.000000e+00;
  6.257553e-01, 5.788236e-01, 4.442862e-01, 2.401336e-01, -7.708398e-01, -7.213771e-01, -5.789598e-01, -3.608031e-01, 0.000000e+00, 0.000000e+00, 0.000000e+00, 0.000000e+00;
  4.803095e-01, 4.442862e-01, 3.410197e-01, 1.843188e-01, -6.189734e-01, -5.789598e-01, -4.637750e-01, -2.874178e-01, 0.000000e+00, 0.000000e+00, 0.000000e+00, 0.000000e+00;
  2.596039e-01, 2.401336e-01, 1.843188e-01, 9.962299e-02, -3.863123e-01, -3.608031e-01, -2.874178e-01, -1.752108e-01, 0.000000e+00, 0.000000e+00, 0.000000e+00, 0.000000e+00;
  0.000000e+00, 0.000000e+00, 0.000000e+00, 0.000000e+00, 0.000000e+00, 0.000000e+00, 0.000000e+00, 0.000000e+00, 0.000000e+00, 0.000000e+00, 0.000000e+00, 0.000000e+00;
  0.000000e+00, 0.000000e+00, 0.000000e+00, 0.000000e+00, 0.000000e+00, 0.000000e+00, 0.000000e+00, 0.000000e+00, 0.000000e+00, 0.000000e+00, 0.000000e+00, 0.000000e+00;
  0.000000e+00, 0.000000e+00, 0.000000e+00, 0.000000e+00, 0.000000e+00, 0.000000e+00, 0.000000e+00, 0.000000e+00, 0.000000e+00, 0.000000e+00, 0.000000e+00, 0.000000e+00;
  0.000000e+00, 0.000000e+00, 0.000000e+00, 0.000000e+00, 0.000000e+00, 0.000000e+00, 0.000000e+00, 0.000000e+00, 0.000000e+00, 0.000000e+00, 0.000000e+00, 0.000000e+00;
];
K(:,:,1,9) = [
  0.000000e+00, 0.000000e+00, 0.000000e+00, 0.000000e+00, 0.000000e+00, 0.000000e+00, 0.000000e+00, 0.000000e+00, 0.000000e+00, 0.000000e+00, 0.000000e+00, 0.000000e+00;
  0.000000e+00, 0.000000e+00, 0.000000e+00, 0.000000e+00, 0.000000e+00, 0.000000e+00, 0.000000e+00, 0.000000e+00, 0.000000e+00, 0.000000e+00, 0.000000e+00, 0.000000e+00;
  0.000000e+00, 0.000000e+00, 0.000000e+00, 0.000000e+00, 0.000000e+00, 0.000000e+00, 0.000000e+00, 0.000000e+00, 0.000000e+00, 0.000000e+00, 0.000000e+00, 0.000000e+00;
  0.000000e+00, 0.000000e+00, 0.000000e+00, 0.000000e+00, 0.000000e+00, 0.000000e+00, 0.000000e+00, 0.000000e+00, 0.000000e+00, 0.000000e+00, 0.000000e+00, 0.000000e+00;
  0.000000e+00, 0.000000e+00, 0.000000e+00, 0.000000e+00, 0.000000e+00, 0.000000e+00, 0.000000e+00, 0.000000e+00, 0.000000e+00, 0.000000e+00, 0.000000e+00, 0.000000e+00;
  0.000000e+00, 0.000000e+00, 0.000000e+00, 0.000000e+00, 0.000000e+00, 0.000000e+00, 0.000000e+00, 0.000000e+00, 0.000000e+00, 0.000000e+00, 0.000000e+00, 0.000000e+00;
  0.000000e+00, 0.000000e+00, 0.000000e+00, 0.000000e+00, 0.000000e+00, 0.000000e+00, 0.000000e+00, 0.000000e+00, 0.000000e+00, 0.000000e+00, 0.000000e+00, 0.000000e+00;
  0.000000e+00, 0.000000e+00, 0.000000e+00, 0.000000e+00, 0.000000e+00, 0.000000e+00, 0.000000e+00, 0.000000e+00, 0.000000e+00, 0.000000e+00, 0.000000e+00, 0.000000e+00;
  0.000000e+00, 0.000000e+00, 0.000000e+00, 0.000000e+00, 0.000000e+00, 0.000000e+00, 0.000000e+00, 0.000000e+00, 0.000000e+00, 0.000000e+00, 0.000000e+00, 0.000000e+00;
  0.000000e+00, 0.000000e+00, 0.000000e+00, 0.000000e+00, 0.000000e+00, 0.000000e+00, 0.000000e+00, 0.000000e+00, 0.000000e+00, 0.000000e+00, 0.000000e+00, 0.000000e+00;
  0.000000e+00, 0.000000e+00, 0.000000e+00, 0.000000e+00, 0.000000e+00, 0.000000e+00, 0.000000e+00, 0.000000e+00, 0.000000e+00, 0.000000e+00, 0.000000e+00, 0.000000e+00;
  0.000000e+00, 0.000000e+00, 0.000000e+00, 0.000000e+00, 0.000000e+00, 0.000000e+00, 0.000000e+00, 0.000000e+00, 0.000000e+00, 0.000000e+00, 0.000000e+00, 0.000000e+00;
];
K(:,:,1,10) = [
  0.000000e+00, 0.000000e+00, 0.000000e+00, 0.000000e+00, 0.000000e+00, 0.000000e+00, 0.000000e+00, 0.000000e+00, 0.000000e+00, 0.000000e+00, 0.000000e+00, 0.000000e+00;
  0.000000e+00, 0.000000e+00, 0.000000e+00, 0.000000e+00, 0.000000e+00, 0.000000e+00, 0.000000e+00, 0.000000e+00, 0.000000e+00, 0.000000e+00, 0.000000e+00, 0.000000e+00;
  0.000000e+00, 0.000000e+00, 0.000000e+00, 0.000000e+00, 0.000000e+00, 0.000000e+00, 0.000000e+00, 0.000000e+00, 0.000000e+00, 0.000000e+00, 0.000000e+00, 0.000000e+00;
  0.000000e+00, 0.000000e+00, 0.000000e+00, 0.000000e+00, 0.000000e+00, 0.000000e+00, 0.000000e+00, 0.000000e+00, 0.000000e+00, 0.000000e+00, 0.000000e+00, 0.000000e+00;
  0.000000e+00, 0.000000e+00, 0.000000e+00, 0.000000e+00, 0.000000e+00, 0.000000e+00, 0.000000e+00, 0.000000e+00, 0.000000e+00, 0.000000e+00, 0.000000e+00, 0.000000e+00;
  0.000000e+00, 0.000000e+00, 0.000000e+00, 0.000000e+00, 0.000000e+00, 0.000000e+00, 0.000000e+00, 0.000000e+00, 0.000000e+00, 0.000000e+00, 0.000000e+00, 0.000000e+00;
  0.000000e+00, 0.000000e+00, 0.000000e+00, 0.000000e+00, 0.000000e+00, 0.000000e+00, 0.000000e+00, 0.000000e+00, 0.000000e+00, 0.000000e+00, 0.000000e+00, 0.000000e+00;
  0.000000e+00, 0.000000e+00, 0.000000e+00, 0.000000e+00, 0.000000e+00, 0.000000e+00, 0.000000e+00, 0.000000e+00, 0.000000e+00, 0.000000e+00, 0.000000e+00, 0.000000e+00;
  0.000000e+00, 0.000000e+00, 0.000000e+00, 0.000000e+00, 0.000000e+00, 0.000000e+00, 0.000000e+00, 0.000000e+00, 0.000000e+00, 0.000000e+00, 0.000000e+00, 0.000000e+00;
  0.000000e+00, 0.000000e+00, 0.000000e+00, 0.000000e+00, 0.000000e+00, 0.000000e+00, 0.000000e+00, 0.000000e+00, 0.000000e+00, 0.000000e+00, 0.000000e+00, 0.000000e+00;
  0.000000e+00, 0.000000e+00, 0.000000e+00, 0.000000e+00, 0.000000e+00, 0.000000e+00, 0.000000e+00, 0.000000e+00, 0.000000e+00, 0.000000e+00, 0.000000e+00, 0.000000e+00;
  0.000000e+00, 0.000000e+00, 0.000000e+00, 0.000000e+00, 0.000000e+00, 0.000000e+00, 0.000000e+00, 0.000000e+00, 0.000000e+00, 0.000000e+00, 0.000000e+00, 0.000000e+00;
];
K(:,:,1,11) = [
  0.000000e+00, 0.000000e+00, 0.000000e+00, 0.000000e+00, 0.000000e+00, 0.000000e+00, 0.000000e+00, 0.000000e+00, 0.000000e+00, 0.000000e+00, 0.000000e+00, 0.000000e+00;
  0.000000e+00, 0.000000e+00, 0.000000e+00, 0.000000e+00, 0.000000e+00, 0.000000e+00, 0.000000e+00, 0.000000e+00, 0.000000e+00, 0.000000e+00, 0.000000e+00, 0.000000e+00;
  0.000000e+00, 0.000000e+00, 0.000000e+00, 0.000000e+00, 0.000000e+00, 0.000000e+00, 0.000000e+00, 0.000000e+00, 0.000000e+00, 0.000000e+00, 0.000000e+00, 0.000000e+00;
  0.000000e+00, 0.000000e+00, 0.000000e+00, 0.000000e+00, 0.000000e+00, 0.000000e+00, 0.000000e+00, 0.000000e+00, 0.000000e+00, 0.000000e+00, 0.000000e+00, 0.000000e+00;
  0.000000e+00, 0.000000e+00, 0.000000e+00, 0.000000e+00, 0.000000e+00, 0.000000e+00, 0.000000e+00, 0.000000e+00, 0.000000e+00, 0.000000e+00, 0.000000e+00, 0.000000e+00;
  0.000000e+00, 0.000000e+00, 0.000000e+00, 0.000000e+00, 0.000000e+00, 0.000000e+00, 0.000000e+00, 0.000000e+00, 0.000000e+00, 0.000000e+00, 0.000000e+00, 0.000000e+00;
  0.000000e+00, 0.000000e+00, 0.000000e+00, 0.000000e+00, 0.000000e+00, 0.000000e+00, 0.000000e+00, 0.000000e+00, 0.000000e+00, 0.000000e+00, 0.000000e+00, 0.000000e+00;
  0.000000e+00, 0.000000e+00, 0.000000e+00, 0.000000e+00, 0.000000e+00, 0.000000e+00, 0.000000e+00, 0.000000e+00, 0.000000e+00, 0.000000e+00, 0.000000e+00, 0.000000e+00;
  0.000000e+00, 0.000000e+00, 0.000000e+00, 0.000000e+00, 0.000000e+00, 0.000000e+00, 0.000000e+00, 0.000000e+00, 0.000000e+00, 0.000000e+00, 0.000000e+00, 0.000000e+00;
  0.000000e+00, 0.000000e+00, 0.000000e+00, 0.000000e+00, 0.000000e+00, 0.000000e+00, 0.000000e+00, 0.000000e+00, 0.000000e+00, 0.000000e+00, 0.000000e+00, 0.000000e+00;
  0.000000e+00, 0.000000e+00, 0.000000e+00, 0.000000e+00, 0.000000e+00, 0.000000e+00, 0.000000e+00, 0.000000e+00, 0.000000e+00, 0.000000e+00, 0.000000e+00, 0.000000e+00;
  0.000000e+00, 0.000000e+00, 0.000000e+00, 0.000000e+00, 0.000000e+00, 0.000000e+00, 0.000000e+00, 0.000000e+00, 0.000000e+00, 0.000000e+00, 0.000000e+00, 0.000000e+00;
];
K(:,:,1,12) = [
  0.000000e+00, 0.000000e+00, 0.000000e+00, 0.000000e+00, 0.000000e+00, 0.000000e+00, 0.000000e+00, 0.000000e+00, 0.000000e+00, 0.000000e+00, 0.000000e+00, 0.000000e+00;
  0.000000e+00, 0.000000e+00, 0.000000e+00, 0.000000e+00, 0.000000e+00, 0.000000e+00, 0.000000e+00, 0.000000e+00, 0.000000e+00, 0.000000e+00, 0.000000e+00, 0.000000e+00;
  0.000000e+00, 0.000000e+00, 0.000000e+00, 0.000000e+00, 0.000000e+00, 0.000000e+00, 0.000000e+00, 0.000000e+00, 0.000000e+00, 0.000000e+00, 0.000000e+00, 0.000000e+00;
  0.000000e+00, 0.000000e+00, 0.000000e+00, 0.000000e+00, 0.000000e+00, 0.000000e+00, 0.000000e+00, 0.000000e+00, 0.000000e+00, 0.000000e+00, 0.000000e+00, 0.000000e+00;
  0.000000e+00, 0.000000e+00, 0.000000e+00, 0.000000e+00, 0.000000e+00, 0.000000e+00, 0.000000e+00, 0.000000e+00, 0.000000e+00, 0.000000e+00, 0.000000e+00, 0.000000e+00;
  0.000000e+00, 0.000000e+00, 0.000000e+00, 0.000000e+00, 0.000000e+00, 0.000000e+00, 0.000000e+00, 0.000000e+00, 0.000000e+00, 0.000000e+00, 0.000000e+00, 0.000000e+00;
  0.000000e+00, 0.000000e+00, 0.000000e+00, 0.000000e+00, 0.000000e+00, 0.000000e+00, 0.000000e+00, 0.000000e+00, 0.000000e+00, 0.000000e+00, 0.000000e+00, 0.000000e+00;
  0.000000e+00, 0.000000e+00, 0.000000e+00, 0.000000e+00, 0.000000e+00, 0.000000e+00, 0.000000e+00, 0.000000e+00, 0.000000e+00, 0.000000e+00, 0.000000e+00, 0.000000e+00;
  0.000000e+00, 0.000000e+00, 0.000000e+00, 0.000000e+00, 0.000000e+00, 0.000000e+00, 0.000000e+00, 0.000000e+00, 0.000000e+00, 0.000000e+00, 0.000000e+00, 0.000000e+00;
  0.000000e+00, 0.000000e+00, 0.000000e+00, 0.000000e+00, 0.000000e+00, 0.000000e+00, 0.000000e+00, 0.000000e+00, 0.000000e+00, 0.000000e+00, 0.000000e+00, 0.000000e+00;
  0.000000e+00, 0.000000e+00, 0.000000e+00, 0.000000e+00, 0.000000e+00, 0.000000e+00, 0.000000e+00, 0.000000e+00, 0.000000e+00, 0.000000e+00, 0.000000e+00, 0.000000e+00;
  0.000000e+00, 0.000000e+00, 0.000000e+00, 0.000000e+00, 0.000000e+00, 0.000000e+00, 0.000000e+00, 0.000000e+00, 0.000000e+00, 0.000000e+00, 0.000000e+00, 0.000000e+00;
];
K(:,:,2,1) = [
  0.000000e+00, 0.000000e+00, 0.000000e+00, 0.000000e+00, -6.303810e+01, -4.885453e+01, -1.197724e+01, 3.270101e+01, 0.000000e+00, 0.000000e+00, 0.000000e+00, 0.000000e+00;
  0.000000e+00, 0.000000e+00, 0.000000e+00, 0.000000e+00, -5.240042e+01, -4.061033e+01, -9.956080e+00, 2.718272e+01, 0.000000e+00, 0.000000e+00, 0.000000e+00, 0.000000e+00;
  0.000000e+00, 0.000000e+00, 0.000000e+00, 0.000000e+00, -2.389144e+01, -1.851587e+01, -4.539374e+00, 1.239368e+01, 0.000000e+00, 0.000000e+00, 0.000000e+00, 0.000000e+00;
  0.000000e+00, 0.000000e+00, 0.000000e+00, 0.000000e+00, 1.334044e+01, 1.033884e+01, 2.534683e+00, -6.920352e+00, 0.000000e+00, 0.000000e+00, 0.000000e+00, 0.000000e+00;
  -6.303810e+01, -5.240042e+01, -2.389144e+01, 1.334044e+01, 9.455715e+01, 7.328179e+01, 1.796586e+01, -4.905152e+01, 0.000000e+00, 0.000000e+00, 0.000000e+00, 0.000000e+00;
  -4.885453e+01, -4.061033e+01, -1.851587e+01, 1.033884e+01, 7.328179e+01, 5.679339e+01, 1.392354e+01, -3.801493e+01, 0.000000e+00, 0.000000e+00, 0.000000e+00, 0.000000e+00;
  -1.197724e+01, -9.956080e+00, -4.539374e+00, 2.534683e+00, 1.796586e+01, 1.392354e+01, 3.413513e+00, -9.319789e+00, 0.000000e+00, 0.000000e+00, 0.000000e+00, 0.000000e+00;
  3.270101e+01, 2.718272e+01, 1.239368e+01, -6.920352e+00, -4.905152e+01, -3.801493e+01, -9.319789e+00, 2.544548e+01, 0.000000e+00, 0.000000e+00, 0.000000e+00, 0.000000e+00;
  0.000000e+00, 0.000000e+00, 0.000000e+00, 0.000000e+00, 0.000000e+00, 0.000000e+00, 0.000000e+00, 0.000000e+00, 2.363929e+01, 2.009339e+01, 1.051948e+01, -2.210273e+00;
  0.000000e+00, 0.000000e+00, 0.000000e+00, 0.000000e+00, 0.000000e+00, 0.000000e+00, 0.000000e+00, 0.000000e+00, 2.009339e+01, 1.707938e+01, 8.941560e+00, -1.878732e+00;
  0.000000e+00, 0.000000e+00, 0.000000e+00, 0.000000e+00, 0.000000e+00, 0.000000e+00, 0.000000e+00, 0.000000e+00, 1.051948e+01, 8.941560e+00, 4.681170e+00, -9.835716e-01;
  0.000000e+00, 0.000000e+00, 0.000000e+00, 0.000000e+00, 0.000000e+00, 0.000000e+00, 0.000000e+00, 0.000000e+00, -2.210273e+00, -1.878732e+00, -9.835716e-01, 2.066606e-01;
];
K(:,:,2,2) = [
  0.000000e+00, 0.000000e+00, 0.000000e+00, 0.000000e+00, -5.240042e+01, -4.061033e+01, -9.956080e+00, 2.718272e+01, 0.000000e+00, 0.000000e+00, 0.000000e+00, 0.000000e+00;
  0.000000e+00, 0.000000e+00, 0.000000e+00, 0.000000e+00, -4.367752e+01, -3.385008e+01, -8.298729e+00, 2.265771e+01, 0.000000e+00, 0.000000e+00, 0.000000e+00, 0.000000e+00;
  0.000000e+00, 0.000000e+00, 0.000000e+00, 0.000000e+00, -2.027463e+01, -1.571284e+01, -3.852179e+00, 1.051746e+01, 0.000000e+00, 0.000000e+00, 0.000000e+00, 0.000000e+00;
  0.000000e+00, 0.000000e+00, 0.000000e+00, 0.000000e+00, 1.036949e+01, 8.036352e+00, 1.970202e+00, -5.379171e+00, 0.000000e+00, 0.000000e+00, 0.000000e+00, 0.000000e+00;
  -5.240042e+01, -4.367752e+01, -2.027463e+01, 1.036949e+01, 8.037358e+01, 6.228952e+01, 1.527098e+01, -4.169379e+01, 0.000000e+00, 0.000000e+00, 0.000000e+00, 0.000000e+00;
  -4.061033e+01, -3.385008e+01, -1.571284e+01, 8.036352e+00, 6.228952e+01, 4.827438e+01, 1.183501e+01, -3.231269e+01, 0.000000e+00, 0.000000e+00, 0.000000e+00, 0.000000e+00;
  -9.956080e+00, -8.298729e+00, -3.852179e+00, 1.970202e+00, 1.527098e+01, 1.183501e+01, 2.901486e+00, -7.921821e+00, 0.000000e+00, 0.000000e+00, 0.000000e+00, 0.000000e+00;
  2.718272e+01, 2.265771e+01, 1.051746e+01, -5.379171e+00, -4.169379e+01, -3.231269e+01, -7.921821e+00, 2.162865e+01, 0.000000e+00, 0.000000e+00, 0.000000e+00, 0.000000e+00;
  0.000000e+00, 0.000000e+00, 0.000000e+00, 0.000000e+00, 0.000000e+00, 0.000000e+00, 0.000000e+00, 0.000000e+00, 2.009339e+01, 1.707938e+01, 8.941560e+00, -1.878732e+00;
  0.000000e+00, 0.000000e+00, 0.000000e+00, 0.000000e+00, 0.000000e+00, 0.000000e+00, 0.000000e+00, 0.000000e+00, 1.707938e+01, 1.451748e+01, 7.600326e+00, -1.596922e+00;
  0.000000e+00, 0.000000e+00, 0.000000e+00, 0.000000e+00, 0.000000e+00, 0.000000e+00, 0.000000e+00, 0.000000e+00, 8.941560e+00, 7.600326e+00, 3.978994e+00, -8.360359e-01;
  0.000000e+00, 0.000000e+00, 0.000000e+00, 0.000000e+00, 0.000000e+00, 0.000000e+00, 0.000000e+00, 0.000000e+00, -1.878732e+00, -1.596922e+00, -8.360359e-01, 1.756615e-01;
];
K(:,:,2,3) = [
  0.000000e+00, 0.000000e+00, 0.000000e+00, 0.000000e+00, -2.389144e+01, -1.851587e+01, -4.539374e+00, 1.239368e+01, 0.000000e+00, 0.000000e+00, 0.000000e+00, 0.000000e+00;
  0.000000e+00, 0.000000e+00, 0.000000e+00, 0.000000e+00, -2.027463e+01, -1.571284e+01, -3.852179e+00, 1.051746e+01, 0.000000e+00, 0.000000e+00, 0.000000e+00, 0.000000e+00;
  0.000000e+00, 0.000000e+00, 0.000000e+00, 0.000000e+00, -1.049404e+01, -8.132883e+00, -1.993868e+00, 5.443784e+00, 0.000000e+00, 0.000000e+00, 0.000000e+00, 0.000000e+00;
  0.000000e+00, 0.000000e+00, 0.000000e+00, 0.000000e+00, 2.555731e+00, 1.980691e+00, 4.855888e-01, -1.325785e+00, 0.000000e+00, 0.000000e+00, 0.000000e+00, 0.000000e+00;
  -2.389144e+01, -2.027463e+01, -1.049404e+01, 2.555731e+00, 4.207793e+01, 3.261040e+01, 7.994807e+00, -2.182793e+01, 0.000000e+00, 0.000000e+00, 0.000000e+00, 0.000000e+00;
  -1.851587e+01, -1.571284e+01, -8.132883e+00, 1.980691e+00, 3.261040e+01, 2.527306e+01, 6.195975e+00, -1.691664e+01, 0.000000e+00, 0.000000e+00, 0.000000e+00, 0.000000e+00;
  -4.539374e+00, -3.852179e+00, -1.993868e+00, 4.855888e-01, 7.994807e+00, 6.195975e+00, 1.519013e+00, -4.147306e+00, 0.000000e+00, 0.000000e+00, 0.000000e+00, 0.000000e+00;
  1.239368e+01, 1.051746e+01, 5.443784e+00, -1.325785e+00, -2.182793e+01, -1.691664e+01, -4.147306e+00, 1.132324e+01, 0.000000e+00, 0.000000e+00, 0.000000e+00, 0.000000e+00;
  0.000000e+00, 0.000000e+00, 0.000000e+00, 0.000000e+00, 0.000000e+00, 0.000000e+00, 0.000000e+00, 0.000000e+00, 1.051948e+01, 8.941560e+00, 4.681170e+00, -9.835716e-01;
  0.000000e+00, 0.000000e+00, 0.000000e+00, 0.000000e+00, 0.000000e+00, 0.000000e+00, 0.000000e+00, 0.000000e+00, 8.941560e+00, 7.600326e+00, 3.978994e+00, -8.360359e-01;
  0.000000e+00, 0.000000e+00, 0.000000e+00, 0.000000e+00, 0.000000e+00, 0.000000e+00, 0.000000e+00, 0.000000e+00, 4.681170e+00, 3.978994e+00, 2.083121e+00, -4.376894e-01;
  0.000000e+00, 0.000000e+00, 0.000000e+00, 0.000000e+00, 0.000000e+00, 0.000000e+00, 0.000000e+00, 0.000000e+00, -9.835716e-01, -8.360359e-01, -4.376894e-01, 9.196395e-02;
];
K(:,:,2,4) = [
  0.000000e+00, 0.000000e+00, 0.000000e+00, 0.000000e+00, 1.334044e+01, 1.033884e+01, 2.534683e+00, -6.920352e+00, 0.000000e+00, 0.000000e+00, 0.000000e+00, 0.000000e+00;
  0.000000e+00, 0.000000e+00, 0.000000e+00, 0.000000e+00, 1.036949e+01, 8.036352e+00, 1.970202e+00, -5.379171e+00, 0.000000e+00, 0.000000e+00, 0.000000e+00, 0.000000e+00;
  0.000000e+00, 0.000000e+00, 0.000000e+00, 0.000000e+00, 2.555731e+00, 1.980691e+00, 4.855888e-01, -1.325785e+00, 0.000000e+00, 0.000000e+00, 0.000000e+00, 0.000000e+00;
  0.000000e+00, 0.000000e+00, 0.000000e+00, 0.000000e+00, -7.179266e+00, -5.563931e+00, -1.364060e+00, 3.724244e+00, 0.000000e+00, 0.000000e+00, 0.000000e+00, 0.000000e+00;
  1.334044e+01, 1.036949e+01, 2.555731e+00, -7.179266e+00, -8.841093e+00, -6.851847e+00, -1.679808e+00, 4.586317e+00, 0.000000e+00, 0.000000e+00, 0.000000e+00, 0.000000e+00;
  1.033884e+01, 8.036352e+00, 1.980691e+00, -5.563931e+00, -6.851847e+00, -5.310182e+00, -1.301851e+00, 3.554396e+00, 0.000000e+00, 0.000000e+00, 0.000000e+00, 0.000000e+00;
  2.534683e+00, 1.970202e+00, 4.855888e-01, -1.364060e+00, -1.679808e+00, -1.301851e+00, -3.191635e-01, 8.714003e-01, 0.000000e+00, 0.000000e+00, 0.000000e+00, 0.000000e+00;
  -6.920352e+00, -5.379171e+00, -1.325785e+00, 3.724244e+00, 4.586317e+00, 3.554396e+00, 8.714003e-01, -2.379152e+00, 0.000000e+00, 0.000000e+00, 0.000000e+00, 0.000000e+00;
  0.000000e+00, 0.000000e+00, 0.000000e+00, 0.000000e+00, 0.000000e+00, 0.000000e+00, 0.000000e+00, 0.000000e+00, -2.210273e+00, -1.878732e+00, -9.835716e-01, 2.066606e-01;
  0.000000e+00, 0.000000e+00, 0.000000e+00, 0.000000e+00, 0.000000e+00, 0.000000e+00, 0.000000e+00, 0.000000e+00, -1.878732e+00, -1.596922e+00, -8.360359e-01, 1.756615e-01;
  0.000000e+00, 0.000000e+00, 0.000000e+00, 0.000000e+00, 0.000000e+00, 0.000000e+00, 0.000000e+00, 0.000000e+00, -9.835716e-01, -8.360359e-01, -4.376894e-01, 9.196395e-02;
  0.000000e+00, 0.000000e+00, 0.000000e+00, 0.000000e+00, 0.000000e+00, 0.000000e+00, 0.000000e+00, 0.000000e+00, 2.066606e-01, 1.756615e-01, 9.196395e-02, -1.932276e-02;
];
K(:,:,2,5) = [
  0.000000e+00, 0.000000e+00, 0.000000e+00, 0.000000e+00, 9.455715e+01, 7.328179e+01, 1.796586e+01, -4.905152e+01, 0.000000e+00, 0.000000e+00, 0.000000e+00, 0.000000e+00;
  0.000000e+00, 0.000000e+00, 0.000000e+00, 0.000000e+00, 7.328179e+01, 5.679339e+01, 1.392354e+01, -3.801493e+01, 0.000000e+00, 0.000000e+00, 0.000000e+00, 0.000000e+00;
  0.000000e+00, 0.000000e+00, 0.000000e+00, 0.000000e+00, 1.796586e+01, 1.392354e+01, 3.413513e+00, -9.319789e+00, 0.000000e+00, 0.000000e+00, 0.000000e+00, 0.000000e+00;
  0.000000e+00, 0.000000e+00, 0.000000e+00, 0.000000e+00, -4.905152e+01, -3.801493e+01, -9.319789e+00, 2.544548e+01, 0.000000e+00, 0.000000e+00, 0.000000e+00, 0.000000e+00;
  9.455715e+01, 7.328179e+01, 1.796586e+01, -4.905152e+01, -1.260762e+02, -1.012549e+02, -3.586868e+01, 4.604145e+01, 0.000000e+00, 0.000000e+00, 0.000000e+00, 0.000000e+00;
  7.328179e+01, 5.679339e+01, 1.392354e+01, -3.801493e+01, -1.012549e+02, -8.122065e+01, -2.847195e+01, 3.752156e+01, 0.000000e+00, 0.000000e+00, 0.000000e+00, 0.000000e+00;
  1.796586e+01, 1.392354e+01, 3.413513e+00, -9.319789e+00, -3.586868e+01, -2.847195e+01, -9.078747e+00, 1.492837e+01, 0.000000e+00, 0.000000e+00, 0.000000e+00, 0.000000e+00;
  -4.905152e+01, -3.801493e+01, -9.319789e+00, 2.544548e+01, 4.604145e+01, 3.752156e+01, 1.492837e+01, -1.384070e+01, 0.000000e+00, 0.000000e+00, 0.000000e+00, 0.000000e+00;
  0.000000e+00, 0.000000e+00, 0.000000e+00, 0.000000e+00, 0.000000e+00, 0.000000e+00, 0.000000e+00, 0.000000e+00, 0.000000e+00, 0.000000e+00, 0.000000e+00, 0.000000e+00;
  0.000000e+00, 0.000000e+00, 0.000000e+00, 0.000000e+00, 0.000000e+00, 0.000000e+00, 0.000000e+00, 0.000000e+00, 0.000000e+00, 0.000000e+00, 0.000000e+00, 0.000000e+00;
  0.000000e+00, 0.000000e+00, 0.000000e+00, 0.000000e+00, 0.000000e+00, 0.000000e+00, 0.000000e+00, 0.000000e+00, 0.000000e+00, 0.000000e+00, 0.000000e+00, 0.000000e+00;
  0.000000e+00, 0.000000e+00, 0.000000e+00, 0.000000e+00, 0.000000e+00, 0.000000e+00, 0.000000e+00, 0.000000e+00, 0.000000e+00, 0.000000e+00, 0.000000e+00, 0.000000e+00;
];
K(:,:,2,6) = [
  0.000000e+00, 0.000000e+00, 0.000000e+00, 0.000000e+00, 8.037358e+01, 6.228952e+01, 1.527098e+01, -4.169379e+01, 0.000000e+00, 0.000000e+00, 0.000000e+00, 0.000000e+00;
  0.000000e+00, 0.000000e+00, 0.000000e+00, 0.000000e+00, 6.228952e+01, 4.827438e+01, 1.183501e+01, -3.231269e+01, 0.000000e+00, 0.000000e+00, 0.000000e+00, 0.000000e+00;
  0.000000e+00, 0.000000e+00, 0.000000e+00, 0.000000e+00, 1.527098e+01, 1.183501e+01, 2.901486e+00, -7.921821e+00, 0.000000e+00, 0.000000e+00, 0.000000e+00, 0.000000e+00;
  0.000000e+00, 0.000000e+00, 0.000000e+00, 0.000000e+00, -4.169379e+01, -3.231269e+01, -7.921821e+00, 2.162865e+01, 0.000000e+00, 0.000000e+00, 0.000000e+00, 0.000000e+00;
  8.037358e+01, 6.228952e+01, 1.527098e+01, -4.169379e+01, -1.048008e+02, -8.428785e+01, -3.023071e+01, 3.755220e+01, 0.000000e+00, 0.000000e+00, 0.000000e+00, 0.000000e+00;
  6.228952e+01, 4.827438e+01, 1.183501e+01, -3.231269e+01, -8.428785e+01, -6.770016e+01, -2.401157e+01, 3.069407e+01, 0.000000e+00, 0.000000e+00, 0.000000e+00, 0.000000e+00;
  1.527098e+01, 1.183501e+01, 2.901486e+00, -7.921821e+00, -3.023071e+01, -2.401157e+01, -7.704359e+00, 1.248767e+01, 0.000000e+00, 0.000000e+00, 0.000000e+00, 0.000000e+00;
  -4.169379e+01, -3.231269e+01, -7.921821e+00, 2.162865e+01, 3.755220e+01, 3.069407e+01, 1.248767e+01, -1.075834e+01, 0.000000e+00, 0.000000e+00, 0.000000e+00, 0.000000e+00;
  0.000000e+00, 0.000000e+00, 0.000000e+00, 0.000000e+00, 0.000000e+00, 0.000000e+00, 0.000000e+00, 0.000000e+00, 0.000000e+00, 0.000000e+00, 0.000000e+00, 0.000000e+00;
  0.000000e+00, 0.000000e+00, 0.000000e+00, 0.000000e+00, 0.000000e+00, 0.000000e+00, 0.000000e+00, 0.000000e+00, 0.000000e+00, 0.000000e+00, 0.000000e+00, 0.000000e+00;
  0.000000e+00, 0.000000e+00, 0.000000e+00, 0.000000e+00, 0.000000e+00, 0.000000e+00, 0.000000e+00, 0.000000e+00, 0.000000e+00, 0.000000e+00, 0.000000e+00, 0.000000e+00;
  0.000000e+00, 0.000000e+00, 0.000000e+00, 0.000000e+00, 0.000000e+00, 0.000000e+00, 0.000000e+00, 0.000000e+00, 0.000000e+00, 0.000000e+00, 0.000000e+00, 0.000000e+00;
];
K(:,:,2,7) = [
  0.000000e+00, 0.000000e+00, 0.000000e+00, 0.000000e+00, 4.207793e+01, 3.261040e+01, 7.994807e+00, -2.182793e+01, 0.000000e+00, 0.000000e+00, 0.000000e+00, 0.000000e+00;
  0.000000e+00, 0.000000e+00, 0.000000e+00, 0.000000e+00, 3.261040e+01, 2.527306e+01, 6.195975e+00, -1.691664e+01, 0.000000e+00, 0.000000e+00, 0.000000e+00, 0.000000e+00;
  0.000000e+00, 0.000000e+00, 0.000000e+00, 0.000000e+00, 7.994807e+00, 6.195975e+00, 1.519013e+00, -4.147306e+00, 0.000000e+00, 0.000000e+00, 0.000000e+00, 0.000000e+00;
  0.000000e+00, 0.000000e+00, 0.000000e+00, 0.000000e+00, -2.182793e+01, -1.691664e+01, -4.147306e+00, 1.132324e+01, 0.000000e+00, 0.000000e+00, 0.000000e+00, 0.000000e+00;
  4.207793e+01, 3.261040e+01, 7.994807e+00, -2.182793e+01, -4.778288e+01, -3.879049e+01, -1.503342e+01, 1.494941e+01, 0.000000e+00, 0.000000e+00, 0.000000e+00, 0.000000e+00;
  3.261040e+01, 2.527306e+01, 6.195975e+00, -1.691664e+01, -3.879049e+01, -3.142567e+01, -1.198506e+01, 1.249815e+01, 0.000000e+00, 0.000000e+00, 0.000000e+00, 0.000000e+00;
  7.994807e+00, 6.195975e+00, 1.519013e+00, -4.147306e+00, -1.503342e+01, -1.198506e+01, -3.987736e+00, 5.929373e+00, 0.000000e+00, 0.000000e+00, 0.000000e+00, 0.000000e+00;
  -2.182793e+01, -1.691664e+01, -4.147306e+00, 1.132324e+01, 1.494941e+01, 1.249815e+01, 5.929373e+00, -2.651570e+00, 0.000000e+00, 0.000000e+00, 0.000000e+00, 0.000000e+00;
  0.000000e+00, 0.000000e+00, 0.000000e+00, 0.000000e+00, 0.000000e+00, 0.000000e+00, 0.000000e+00, 0.000000e+00, 0.000000e+00, 0.000000e+00, 0.000000e+00, 0.000000e+00;
  0.000000e+00, 0.000000e+00, 0.000000e+00, 0.000000e+00, 0.000000e+00, 0.000000e+00, 0.000000e+00, 0.000000e+00, 0.000000e+00, 0.000000e+00, 0.000000e+00, 0.000000e+00;
  0.000000e+00, 0.000000e+00, 0.000000e+00, 0.000000e+00, 0.000000e+00, 0.000000e+00, 0.000000e+00, 0.000000e+00, 0.000000e+00, 0.000000e+00, 0.000000e+00, 0.000000e+00;
  0.000000e+00, 0.000000e+00, 0.000000e+00, 0.000000e+00, 0.000000e+00, 0.000000e+00, 0.000000e+00, 0.000000e+00, 0.000000e+00, 0.000000e+00, 0.000000e+00, 0.000000e+00;
];
K(:,:,2,8) = [
  0.000000e+00, 0.000000e+00, 0.000000e+00, 0.000000e+00, -8.841093e+00, -6.851847e+00, -1.679808e+00, 4.586317e+00, 0.000000e+00, 0.000000e+00, 0.000000e+00, 0.000000e+00;
  0.000000e+00, 0.000000e+00, 0.000000e+00, 0.000000e+00, -6.851847e+00, -5.310182e+00, -1.301851e+00, 3.554396e+00, 0.000000e+00, 0.000000e+00, 0.000000e+00, 0.000000e+00;
