function K = gyr_massModel(p)
% Auto-generated constant matrix
K = zeros(14,14,14,14);
K(:,:,1,1) = [
  1.421314e-02, -1.358496e-02, 7.730922e-03, 2.401866e-03, -7.938814e-03, 7.666293e-03, 0.000000e+00, 0.000000e+00, 0.000000e+00, 0.000000e+00, 1.197238e-04, -8.532923e-05, 1.550291e-05, 3.390676e-05;
  -1.358496e-02, 1.205941e-02, -5.621958e-03, -2.634172e-03, 6.103116e-03, -5.911719e-03, 0.000000e+00, 0.000000e+00, 0.000000e+00, 0.000000e+00, -3.416456e-04, 2.587916e-04, -7.722891e-05, -7.727365e-05;
  7.730922e-03, -5.621958e-03, -1.230266e-03, 6.915643e-03, -4.283305e-03, -1.117613e-03, 0.000000e+00, 0.000000e+00, 0.000000e+00, 0.000000e+00, 8.518150e-04, -6.965945e-04, 3.140222e-04, 9.982980e-05;
  2.401866e-03, -2.634172e-03, 6.915643e-03, -1.498121e-02, 1.338169e-02, 2.792441e-03, 0.000000e+00, 0.000000e+00, 0.000000e+00, 0.000000e+00, -1.248625e-03, 1.116534e-03, -7.135113e-04, 1.048149e-04;
  -7.938814e-03, 6.103116e-03, -4.283305e-03, 1.338169e-02, -2.807423e-02, 1.942102e-02, 0.000000e+00, 0.000000e+00, 0.000000e+00, 0.000000e+00, 1.241789e-03, -1.212188e-03, 1.024769e-03, -5.188149e-04;
  7.666293e-03, -5.911719e-03, -1.117613e-03, 2.792441e-03, 1.942102e-02, -4.481758e-02, 0.000000e+00, 0.000000e+00, 0.000000e+00, 0.000000e+00, -8.989371e-04, 9.348548e-04, -9.684054e-04, 7.937686e-04;
  0.000000e+00, 0.000000e+00, 0.000000e+00, 0.000000e+00, 0.000000e+00, 0.000000e+00, -7.052256e-03, 6.711636e-03, -3.737211e-03, -1.347998e-03, 0.000000e+00, 0.000000e+00, 0.000000e+00, 0.000000e+00;
  0.000000e+00, 0.000000e+00, 0.000000e+00, 0.000000e+00, 0.000000e+00, 0.000000e+00, 6.711636e-03, -8.628517e-03, 8.973926e-03, -2.615508e-03, 0.000000e+00, 0.000000e+00, 0.000000e+00, 0.000000e+00;
  0.000000e+00, 0.000000e+00, 0.000000e+00, 0.000000e+00, 0.000000e+00, 0.000000e+00, -3.737211e-03, 8.973926e-03, -1.814007e-02, 1.673151e-02, 0.000000e+00, 0.000000e+00, 0.000000e+00, 0.000000e+00;
  0.000000e+00, 0.000000e+00, 0.000000e+00, 0.000000e+00, 0.000000e+00, 0.000000e+00, -1.347998e-03, -2.615508e-03, 1.673151e-02, -3.204133e-02, 0.000000e+00, 0.000000e+00, 0.000000e+00, 0.000000e+00;
  5.986192e-05, -3.246126e-04, 8.847353e-04, -1.271146e-03, 1.242069e-03, -8.957772e-04, 0.000000e+00, 0.000000e+00, 0.000000e+00, 0.000000e+00, 3.408308e-04, -2.239314e-04, 5.797570e-06, 1.148438e-04;
  -4.266461e-05, 2.441028e-04, -7.176981e-04, 1.135328e-03, -1.215839e-03, 9.331934e-04, 0.000000e+00, 0.000000e+00, 0.000000e+00, 0.000000e+00, -2.239314e-04, 1.733142e-04, -5.454379e-05, -5.518401e-05;
  7.751454e-06, -6.952506e-05, 3.123047e-04, -7.213330e-04, 1.033238e-03, -9.709454e-04, 0.000000e+00, 0.000000e+00, 0.000000e+00, 0.000000e+00, 5.797570e-06, -5.454379e-05, 1.123326e-04, -6.869180e-05;
  1.695338e-05, -7.569696e-05, 1.144430e-04, 9.892663e-05, -5.251592e-04, 8.002370e-04, 0.000000e+00, 0.000000e+00, 0.000000e+00, 0.000000e+00, 1.148438e-04, -5.518401e-05, -6.869180e-05, 1.337392e-04;
];
K(:,:,1,2) = [
  -1.358496e-02, 1.751642e-02, -1.840295e-02, 5.803069e-03, 9.456567e-03, -1.511823e-02, 0.000000e+00, 0.000000e+00, 0.000000e+00, 0.000000e+00, -1.109609e-04, 8.673120e-05, -3.086300e-05, -2.168345e-05;
  1.569741e-02, -1.836805e-02, 1.756895e-02, -5.852978e-03, -7.735361e-03, 1.417200e-02, 0.000000e+00, 0.000000e+00, 0.000000e+00, 0.000000e+00, 3.539835e-04, -2.834951e-04, 1.169875e-04, 5.064908e-05;
  -1.414262e-02, 1.429749e-02, -9.847076e-03, 7.248951e-04, 4.575016e-03, -6.009073e-03, 0.000000e+00, 0.000000e+00, 0.000000e+00, 0.000000e+00, -9.998182e-04, 8.312096e-04, -4.126793e-04, -5.848990e-05;
  2.990655e-03, -2.317377e-03, -2.576791e-03, 1.030620e-02, -9.677970e-03, -1.819828e-03, 0.000000e+00, 0.000000e+00, 0.000000e+00, 0.000000e+00, 1.668837e-03, -1.462051e-03, 8.961206e-04, -1.335307e-04;
  8.338750e-03, -8.180088e-03, 7.875461e-03, -1.307956e-02, 2.161094e-02, -1.266824e-02, 0.000000e+00, 0.000000e+00, 0.000000e+00, 0.000000e+00, -1.862907e-03, 1.740618e-03, -1.322676e-03, 5.597272e-04;
  -1.204939e-02, 1.218595e-02, -7.130357e-03, 1.944187e-03, -1.565867e-02, 3.438459e-02, 0.000000e+00, 0.000000e+00, 0.000000e+00, 0.000000e+00, 1.461840e-03, -1.459875e-03, 1.351942e-03, -9.232034e-04;
  0.000000e+00, 0.000000e+00, 0.000000e+00, 0.000000e+00, 0.000000e+00, 0.000000e+00, 6.711636e-03, -6.809514e-03, 4.713594e-03, 1.969060e-04, 0.000000e+00, 0.000000e+00, 0.000000e+00, 0.000000e+00;
  0.000000e+00, 0.000000e+00, 0.000000e+00, 0.000000e+00, 0.000000e+00, 0.000000e+00, -6.809514e-03, 8.968025e-03, -1.001904e-02, 4.156955e-03, 0.000000e+00, 0.000000e+00, 0.000000e+00, 0.000000e+00;
  0.000000e+00, 0.000000e+00, 0.000000e+00, 0.000000e+00, 0.000000e+00, 0.000000e+00, 4.713594e-03, -1.001904e-02, 1.942379e-02, -1.859397e-02, 0.000000e+00, 0.000000e+00, 0.000000e+00, 0.000000e+00;
  0.000000e+00, 0.000000e+00, 0.000000e+00, 0.000000e+00, 0.000000e+00, 0.000000e+00, 1.969060e-04, 4.156955e-03, -1.859397e-02, 3.380102e-02, 0.000000e+00, 0.000000e+00, 0.000000e+00, 0.000000e+00;
  -1.703298e-05, 3.234337e-04, -1.047934e-03, 1.708289e-03, -1.868525e-03, 1.457768e-03, 0.000000e+00, 0.000000e+00, 0.000000e+00, 0.000000e+00, -5.063125e-04, 3.719370e-04, -8.471447e-05, -1.401979e-04;
  1.468886e-05, -2.575981e-04, 8.651635e-04, -1.494204e-03, 1.749005e-03, -1.458580e-03, 0.000000e+00, 0.000000e+00, 0.000000e+00, 0.000000e+00, 3.719370e-04, -2.955135e-04, 1.158695e-04, 6.220604e-05;
  -7.703849e-06, 1.033015e-04, -4.166884e-04, 9.097109e-04, -1.334407e-03, 1.356817e-03, 0.000000e+00, 0.000000e+00, 0.000000e+00, 0.000000e+00, -8.471447e-05, 1.158695e-04, -1.485930e-04, 9.326232e-05;
  -1.576688e-06, 4.939179e-05, -7.673792e-05, -1.262406e-04, 5.676197e-04, -9.322257e-04, 0.000000e+00, 0.000000e+00, 0.000000e+00, 0.000000e+00, -1.401979e-04, 6.220604e-05, 9.326232e-05, -1.751914e-04;
];
K(:,:,1,3) = [
  7.730922e-03, -1.840295e-02, 3.719073e-02, -3.475981e-02, 3.676370e-03, 2.714316e-02, 0.000000e+00, 0.000000e+00, 0.000000e+00, 0.000000e+00, 1.277738e-04, -1.148857e-04, 7.178385e-05, -4.054592e-06;
  -1.414262e-02, 2.411185e-02, -4.046359e-02, 3.624924e-02, -5.535724e-03, -2.683228e-02, 0.000000e+00, 0.000000e+00, 0.000000e+00, 0.000000e+00, -4.327717e-04, 3.812268e-04, -2.319507e-04, 2.111586e-05;
  2.438373e-02, -3.025809e-02, 3.615136e-02, -2.758811e-02, 6.671062e-03, 1.693118e-02, 0.000000e+00, 0.000000e+00, 0.000000e+00, 0.000000e+00, 1.351903e-03, -1.174280e-03, 7.049349e-04, -9.810774e-05;
  -2.086799e-02, 2.110611e-02, -1.537799e-02, 4.735103e-03, -1.048628e-03, 9.259305e-04, 0.000000e+00, 0.000000e+00, 0.000000e+00, 0.000000e+00, -2.587197e-03, 2.252314e-03, -1.389487e-03, 2.995449e-04;
  1.023145e-03, 1.134967e-03, -7.084355e-03, 1.163424e-02, -7.182282e-03, -6.094435e-03, 0.000000e+00, 0.000000e+00, 0.000000e+00, 0.000000e+00, 3.364540e-03, -3.006292e-03, 2.028121e-03, -6.747427e-04;
  1.772290e-02, -2.101249e-02, 2.241953e-02, -1.517278e-02, 7.121845e-03, 3.021108e-05, 0.000000e+00, 0.000000e+00, 0.000000e+00, 0.000000e+00, -3.040078e-03, 2.856887e-03, -2.234169e-03, 1.101475e-03;
  0.000000e+00, 0.000000e+00, 0.000000e+00, 0.000000e+00, 0.000000e+00, 0.000000e+00, -3.737211e-03, 4.713594e-03, -5.333073e-03, 2.839695e-03, 0.000000e+00, 0.000000e+00, 0.000000e+00, 0.000000e+00;
  0.000000e+00, 0.000000e+00, 0.000000e+00, 0.000000e+00, 0.000000e+00, 0.000000e+00, 4.713594e-03, -6.747585e-03, 9.218290e-03, -6.752526e-03, 0.000000e+00, 0.000000e+00, 0.000000e+00, 0.000000e+00;
  0.000000e+00, 0.000000e+00, 0.000000e+00, 0.000000e+00, 0.000000e+00, 0.000000e+00, -5.333073e-03, 9.218290e-03, -1.641394e-02, 1.737274e-02, 0.000000e+00, 0.000000e+00, 0.000000e+00, 0.000000e+00;
  0.000000e+00, 0.000000e+00, 0.000000e+00, 0.000000e+00, 0.000000e+00, 0.000000e+00, 2.839695e-03, -6.752526e-03, 1.737274e-02, -2.736862e-02, 0.000000e+00, 0.000000e+00, 0.000000e+00, 0.000000e+00;
  -3.292028e-05, -3.709533e-04, 1.423596e-03, -2.662949e-03, 3.389060e-03, -3.038676e-03, 0.000000e+00, 0.000000e+00, 0.000000e+00, 0.000000e+00, 8.002888e-04, -6.796474e-04, 3.395504e-04, 8.782827e-05;
  2.110357e-05, 3.286889e-04, -1.233077e-03, 2.314356e-03, -3.028688e-03, 2.859412e-03, 0.000000e+00, 0.000000e+00, 0.000000e+00, 0.000000e+00, -6.796474e-04, 5.699196e-04, -2.959096e-04, -2.278083e-05;
  1.717452e-06, -2.024308e-04, 7.297570e-04, -1.419119e-03, 2.044691e-03, -2.243534e-03, 0.000000e+00, 0.000000e+00, 0.000000e+00, 0.000000e+00, 3.395504e-04, -2.959096e-04, 2.075884e-04, -1.081404e-04;
  -1.461317e-05, 1.893610e-05, -8.350908e-05, 2.942530e-04, -6.824755e-04, 1.112780e-03, 0.000000e+00, 0.000000e+00, 0.000000e+00, 0.000000e+00, 8.782827e-05, -2.278083e-05, -1.081404e-04, 1.898202e-04;
];
K(:,:,1,4) = [
  2.401866e-03, 5.803069e-03, -3.475981e-02, 6.618853e-02, -5.311814e-02, -6.926739e-03, 0.000000e+00, 0.000000e+00, 0.000000e+00, 0.000000e+00, -1.761373e-04, 1.658061e-04, -1.246549e-04, 4.229085e-05;
  2.990655e-03, -1.292418e-02, 4.285261e-02, -7.140160e-02, 5.621177e-02, 4.751695e-03, 0.000000e+00, 0.000000e+00, 0.000000e+00, 0.000000e+00, 5.688316e-04, -5.285551e-04, 3.884540e-04, -1.351388e-04;
  -2.086799e-02, 3.101116e-02, -5.200835e-02, 6.279460e-02, -4.511822e-02, -3.016006e-04, 0.000000e+00, 0.000000e+00, 0.000000e+00, 0.000000e+00, -1.733733e-03, 1.577708e-03, -1.111730e-03, 3.838340e-04;
  3.913195e-02, -4.416567e-02, 4.344143e-02, -2.762114e-02, 1.350189e-02, -3.405667e-03, 0.000000e+00, 0.000000e+00, 0.000000e+00, 0.000000e+00, 3.408203e-03, -3.031199e-03, 2.024142e-03, -6.622409e-04;
  -3.095153e-02, 3.084693e-02, -1.774549e-02, -5.656077e-03, 7.976753e-03, 1.058719e-02, 0.000000e+00, 0.000000e+00, 0.000000e+00, 0.000000e+00, -4.850288e-03, 4.268686e-03, -2.767186e-03, 8.574701e-04;
  -3.687012e-03, 6.325202e-03, -1.599113e-02, 2.553840e-02, -1.341404e-02, -2.191090e-02, 0.000000e+00, 0.000000e+00, 0.000000e+00, 0.000000e+00, 5.026025e-03, -4.492759e-03, 3.031694e-03, -1.017709e-03;
  0.000000e+00, 0.000000e+00, 0.000000e+00, 0.000000e+00, 0.000000e+00, 0.000000e+00, -1.347998e-03, 1.969060e-04, 2.839695e-03, -4.984754e-03, 0.000000e+00, 0.000000e+00, 0.000000e+00, 0.000000e+00;
  0.000000e+00, 0.000000e+00, 0.000000e+00, 0.000000e+00, 0.000000e+00, 0.000000e+00, 1.969060e-04, 6.213537e-04, -3.450840e-03, 6.565091e-03, 0.000000e+00, 0.000000e+00, 0.000000e+00, 0.000000e+00;
  0.000000e+00, 0.000000e+00, 0.000000e+00, 0.000000e+00, 0.000000e+00, 0.000000e+00, 2.839695e-03, -3.450840e-03, 5.162622e-03, -8.015452e-03, 0.000000e+00, 0.000000e+00, 0.000000e+00, 0.000000e+00;
  0.000000e+00, 0.000000e+00, 0.000000e+00, 0.000000e+00, 0.000000e+00, 0.000000e+00, -4.984754e-03, 6.565091e-03, -8.015452e-03, 7.378419e-03, 0.000000e+00, 0.000000e+00, 0.000000e+00, 0.000000e+00;
  2.252035e-05, 4.800457e-04, -1.804738e-03, 3.507111e-03, -4.902930e-03, 5.040092e-03, 0.000000e+00, 0.000000e+00, 0.000000e+00, 0.000000e+00, -9.133236e-04, 8.815111e-04, -6.810551e-04, 2.026057e-04;
  -1.879429e-05, -4.505299e-04, 1.647668e-03, -3.117019e-03, 4.310147e-03, -4.506194e-03, 0.000000e+00, 0.000000e+00, 0.000000e+00, 0.000000e+00, 8.815111e-04, -7.971893e-04, 5.420584e-04, -1.463651e-04;
  7.821639e-06, 3.386970e-04, -1.167217e-03, 2.076579e-03, -2.785909e-03, 3.042141e-03, 0.000000e+00, 0.000000e+00, 0.000000e+00, 0.000000e+00, -6.810551e-04, 5.420584e-04, -2.624993e-04, 5.177548e-05;
  5.888294e-06, -1.224209e-04, 3.988832e-04, -6.726470e-04, 8.591132e-04, -1.022723e-03, 0.000000e+00, 0.000000e+00, 0.000000e+00, 0.000000e+00, 2.026057e-04, -1.463651e-04, 5.177548e-05, -2.879655e-05;
];
K(:,:,1,5) = [
  -7.938814e-03, 9.456567e-03, 3.676370e-03, -5.311814e-02, 1.005009e-01, -7.128907e-02, 0.000000e+00, 0.000000e+00, 0.000000e+00, 0.000000e+00, 1.835198e-04, -1.807387e-04, 1.599901e-04, -9.529781e-05;
  8.338750e-03, -6.845907e-03, -1.213661e-02, 6.301494e-02, -1.068625e-01, 7.606471e-02, 0.000000e+00, 0.000000e+00, 0.000000e+00, 0.000000e+00, -6.150271e-04, 5.937763e-04, -4.998801e-04, 2.772515e-04;
  1.023145e-03, -8.766367e-03, 3.418190e-02, -7.048395e-02, 8.915032e-02, -6.022048e-02, 0.000000e+00, 0.000000e+00, 0.000000e+00, 0.000000e+00, 1.904232e-03, -1.795392e-03, 1.420359e-03, -7.126023e-04;
  -3.095153e-02, 4.105169e-02, -5.579409e-02, 5.181783e-02, -3.038791e-02, 1.067837e-02, 0.000000e+00, 0.000000e+00, 0.000000e+00, 0.000000e+00, -3.760212e-03, 3.440671e-03, -2.507288e-03, 1.071677e-03;
  5.764249e-02, -6.403803e-02, 5.703945e-02, -1.759969e-02, -2.023087e-02, 2.349931e-02, 0.000000e+00, 0.000000e+00, 0.000000e+00, 0.000000e+00, 5.511675e-03, -4.880380e-03, 3.217136e-03, -1.037598e-03;
  -4.105237e-02, 4.349663e-02, -2.896219e-02, -1.335325e-02, 4.035569e-02, -1.973479e-02, 0.000000e+00, 0.000000e+00, 0.000000e+00, 0.000000e+00, -6.254518e-03, 5.418294e-03, -3.283002e-03, 6.644436e-04;
  0.000000e+00, 0.000000e+00, 0.000000e+00, 0.000000e+00, 0.000000e+00, 0.000000e+00, 4.097654e-03, -3.876756e-03, 1.485455e-03, 3.154334e-03, 0.000000e+00, 0.000000e+00, 0.000000e+00, 0.000000e+00;
  0.000000e+00, 0.000000e+00, 0.000000e+00, 0.000000e+00, 0.000000e+00, 0.000000e+00, -3.876756e-03, 4.621895e-03, -3.528479e-03, -2.176782e-03, 0.000000e+00, 0.000000e+00, 0.000000e+00, 0.000000e+00;
  0.000000e+00, 0.000000e+00, 0.000000e+00, 0.000000e+00, 0.000000e+00, 0.000000e+00, 1.485455e-03, -3.528479e-03, 6.429533e-03, -3.357517e-03, 0.000000e+00, 0.000000e+00, 0.000000e+00, 0.000000e+00;
  0.000000e+00, 0.000000e+00, 0.000000e+00, 0.000000e+00, 0.000000e+00, 0.000000e+00, 3.154334e-03, -2.176782e-03, -3.357517e-03, 1.075859e-02, 0.000000e+00, 0.000000e+00, 0.000000e+00, 0.000000e+00;
  -2.801585e-07, -5.226844e-04, 1.950551e-03, -3.847315e-03, 5.579569e-03, -6.293119e-03, 0.000000e+00, 0.000000e+00, 0.000000e+00, 0.000000e+00, 7.927055e-04, -8.364713e-04, 8.525358e-04, -5.865122e-04;
  3.651592e-06, 5.077769e-04, -1.852138e-03, 3.525729e-03, -4.934441e-03, 5.446655e-03, 0.000000e+00, 0.000000e+00, 0.000000e+00, 0.000000e+00, -8.364713e-04, 8.226206e-04, -7.114917e-04, 3.941591e-04;
  -8.468615e-06, -4.347327e-04, 1.491589e-03, -2.579298e-03, 3.240800e-03, -3.290186e-03, 0.000000e+00, 0.000000e+00, 0.000000e+00, 0.000000e+00, 8.525358e-04, -7.114917e-04, 3.642440e-04, -7.767645e-06;
  6.344301e-06, 2.480761e-04, -7.692359e-04, 1.110631e-03, -1.035299e-03, 6.558987e-04, 0.000000e+00, 0.000000e+00, 0.000000e+00, 0.000000e+00, -5.865122e-04, 3.941591e-04, -7.767645e-06, -2.339814e-04;
];
K(:,:,1,6) = [
  7.666293e-03, -1.511823e-02, 2.714316e-02, -6.926739e-03, -7.128907e-02, 1.404324e-01, 0.000000e+00, 0.000000e+00, 0.000000e+00, 0.000000e+00, -1.311664e-04, 1.362528e-04, -1.429567e-04, 1.244127e-04;
  -1.204939e-02, 1.814409e-02, -2.458971e-02, -2.776334e-03, 8.204556e-02, -1.478337e-01, 0.000000e+00, 0.000000e+00, 0.000000e+00, 0.000000e+00, 4.708975e-04, -4.761818e-04, 4.642738e-04, -3.615571e-04;
  1.772290e-02, -1.764865e-02, 5.954500e-03, 3.189582e-02, -8.665304e-02, 1.185030e-01, 0.000000e+00, 0.000000e+00, 0.000000e+00, 0.000000e+00, -1.573082e-03, 1.539199e-03, -1.367615e-03, 9.081406e-04;
  -3.687012e-03, -4.966842e-03, 3.230500e-02, -6.129380e-02, 5.868083e-02, -2.975611e-02, 0.000000e+00, 0.000000e+00, 0.000000e+00, 0.000000e+00, 3.292479e-03, -3.100959e-03, 2.459085e-03, -1.284789e-03;
  -4.105237e-02, 5.246791e-02, -6.861103e-02, 5.865043e-02, -1.021346e-02, -4.695720e-02, 0.000000e+00, 0.000000e+00, 0.000000e+00, 0.000000e+00, -4.965598e-03, 4.470114e-03, -3.067756e-03, 1.042489e-03;
  7.868241e-02, -8.709429e-02, 7.901208e-02, -2.714104e-02, -3.788306e-02, 7.685513e-02, 0.000000e+00, 0.000000e+00, 0.000000e+00, 0.000000e+00, 5.829478e-03, -4.981419e-03, 2.817544e-03, -2.024782e-04;
  0.000000e+00, 0.000000e+00, 0.000000e+00, 0.000000e+00, 0.000000e+00, 0.000000e+00, -3.920950e-03, 4.676357e-03, -4.651326e-03, 1.256669e-03, 0.000000e+00, 0.000000e+00, 0.000000e+00, 0.000000e+00;
  0.000000e+00, 0.000000e+00, 0.000000e+00, 0.000000e+00, 0.000000e+00, 0.000000e+00, 4.676357e-03, -6.481113e-03, 8.038561e-03, -4.030259e-03, 0.000000e+00, 0.000000e+00, 0.000000e+00, 0.000000e+00;
  0.000000e+00, 0.000000e+00, 0.000000e+00, 0.000000e+00, 0.000000e+00, 0.000000e+00, -4.651326e-03, 8.038561e-03, -1.364343e-02, 1.222002e-02, 0.000000e+00, 0.000000e+00, 0.000000e+00, 0.000000e+00;
  0.000000e+00, 0.000000e+00, 0.000000e+00, 0.000000e+00, 0.000000e+00, 0.000000e+00, 1.256669e-03, -4.030259e-03, 1.222002e-02, -2.024151e-02, 0.000000e+00, 0.000000e+00, 0.000000e+00, 0.000000e+00;
  -3.159915e-06, 4.019556e-04, -1.592140e-03, 3.340926e-03, -5.017798e-03, 5.879935e-03, 0.000000e+00, 0.000000e+00, 0.000000e+00, 0.000000e+00, -5.427575e-04, 5.880629e-04, -6.956717e-04, 7.117374e-04;
  1.661390e-06, -4.072660e-04, 1.568526e-03, -3.158292e-03, 4.518072e-03, -5.018018e-03, 0.000000e+00, 0.000000e+00, 0.000000e+00, 0.000000e+00, 5.880629e-04, -6.192146e-04, 6.499001e-04, -5.307681e-04;
  2.540020e-06, 4.010958e-04, -1.422142e-03, 2.529441e-03, -3.100047e-03, 2.824290e-03, 0.000000e+00, 0.000000e+00, 0.000000e+00, 0.000000e+00, -6.956717e-04, 6.499001e-04, -4.543110e-04, 8.891904e-05;
  -6.468401e-06, -3.199504e-04, 9.805256e-04, -1.346771e-03, 1.048534e-03, -1.849717e-04, 0.000000e+00, 0.000000e+00, 0.000000e+00, 0.000000e+00, 7.117374e-04, -5.307681e-04, 8.891904e-05, 3.431792e-04;
];
K(:,:,1,7) = [
  0.000000e+00, 0.000000e+00, 0.000000e+00, 0.000000e+00, 0.000000e+00, 0.000000e+00, 1.418685e-02, -1.354598e-02, 7.669465e-03, 2.471751e-03, 0.000000e+00, 0.000000e+00, 0.000000e+00, 0.000000e+00;
  0.000000e+00, 0.000000e+00, 0.000000e+00, 0.000000e+00, 0.000000e+00, 0.000000e+00, -1.354598e-02, 1.381602e-02, -9.773291e-03, 4.197623e-05, 0.000000e+00, 0.000000e+00, 0.000000e+00, 0.000000e+00;
  0.000000e+00, 0.000000e+00, 0.000000e+00, 0.000000e+00, 0.000000e+00, 0.000000e+00, 7.669465e-03, -9.773291e-03, 1.135888e-02, -6.666513e-03, 0.000000e+00, 0.000000e+00, 0.000000e+00, 0.000000e+00;
  0.000000e+00, 0.000000e+00, 0.000000e+00, 0.000000e+00, 0.000000e+00, 0.000000e+00, 2.471751e-03, 4.197623e-05, -6.666513e-03, 1.157173e-02, 0.000000e+00, 0.000000e+00, 0.000000e+00, 0.000000e+00;
  0.000000e+00, 0.000000e+00, 0.000000e+00, 0.000000e+00, 0.000000e+00, 0.000000e+00, -7.999246e-03, 7.347091e-03, -1.949550e-03, -8.192322e-03, 0.000000e+00, 0.000000e+00, 0.000000e+00, 0.000000e+00;
  0.000000e+00, 0.000000e+00, 0.000000e+00, 0.000000e+00, 0.000000e+00, 0.000000e+00, 7.707647e-03, -9.068626e-03, 8.540733e-03, -9.416704e-04, 0.000000e+00, 0.000000e+00, 0.000000e+00, 0.000000e+00;
  7.052256e-03, -6.711636e-03, 3.737211e-03, 1.347998e-03, -4.097654e-03, 3.920950e-03, 0.000000e+00, 0.000000e+00, 0.000000e+00, 0.000000e+00, 5.986192e-05, -4.266461e-05, 7.751454e-06, 1.695338e-05;
  -6.711636e-03, 6.809514e-03, -4.713594e-03, -1.969060e-04, 3.876756e-03, -4.676357e-03, 0.000000e+00, 0.000000e+00, 0.000000e+00, 0.000000e+00, -1.708228e-04, 1.293958e-04, -3.861445e-05, -3.863683e-05;
  3.737211e-03, -4.713594e-03, 5.333073e-03, -2.839695e-03, -1.485455e-03, 4.651326e-03, 0.000000e+00, 0.000000e+00, 0.000000e+00, 0.000000e+00, 4.259075e-04, -3.482972e-04, 1.570111e-04, 4.991490e-05;
  1.347998e-03, -1.969060e-04, -2.839695e-03, 4.984754e-03, -3.154334e-03, -1.256669e-03, 0.000000e+00, 0.000000e+00, 0.000000e+00, 0.000000e+00, -6.243127e-04, 5.582670e-04, -3.567557e-04, 5.240746e-05;
  0.000000e+00, 0.000000e+00, 0.000000e+00, 0.000000e+00, 0.000000e+00, 0.000000e+00, -1.197238e-04, -4.282894e-05, 4.026532e-04, -6.751728e-04, 0.000000e+00, 0.000000e+00, 0.000000e+00, 0.000000e+00;
  0.000000e+00, 0.000000e+00, 0.000000e+00, 0.000000e+00, 0.000000e+00, 0.000000e+00, 8.532923e-05, 2.797575e-05, -3.097304e-04, 5.815271e-04, 0.000000e+00, 0.000000e+00, 0.000000e+00, 0.000000e+00;
  0.000000e+00, 0.000000e+00, 0.000000e+00, 0.000000e+00, 0.000000e+00, 0.000000e+00, -1.550291e-05, -4.760506e-08, 1.021055e-04, -3.239033e-04, 0.000000e+00, 0.000000e+00, 0.000000e+00, 0.000000e+00;
  0.000000e+00, 0.000000e+00, 0.000000e+00, 0.000000e+00, 0.000000e+00, 0.000000e+00, -3.390676e-05, -1.537669e-05, 8.276724e-05, -1.028105e-05, 0.000000e+00, 0.000000e+00, 0.000000e+00, 0.000000e+00;
];
K(:,:,1,8) = [
  0.000000e+00, 0.000000e+00, 0.000000e+00, 0.000000e+00, 0.000000e+00, 0.000000e+00, -1.354598e-02, 1.745403e-02, -1.829395e-02, 5.666803e-03, 0.000000e+00, 0.000000e+00, 0.000000e+00, 0.000000e+00;
  0.000000e+00, 0.000000e+00, 0.000000e+00, 0.000000e+00, 0.000000e+00, 0.000000e+00, 1.381602e-02, -1.826434e-02, 2.064836e-02, -9.132281e-03, 0.000000e+00, 0.000000e+00, 0.000000e+00, 0.000000e+00;
  0.000000e+00, 0.000000e+00, 0.000000e+00, 0.000000e+00, 0.000000e+00, 0.000000e+00, -9.773291e-03, 1.410545e-02, -1.966617e-02, 1.530373e-02, 0.000000e+00, 0.000000e+00, 0.000000e+00, 0.000000e+00;
  0.000000e+00, 0.000000e+00, 0.000000e+00, 0.000000e+00, 0.000000e+00, 0.000000e+00, 4.197623e-05, -2.061078e-03, 8.700355e-03, -1.602142e-02, 0.000000e+00, 0.000000e+00, 0.000000e+00, 0.000000e+00;
  0.000000e+00, 0.000000e+00, 0.000000e+00, 0.000000e+00, 0.000000e+00, 0.000000e+00, 7.347091e-03, -8.432876e-03, 5.113851e-03, 7.799998e-03, 0.000000e+00, 0.000000e+00, 0.000000e+00, 0.000000e+00;
  0.000000e+00, 0.000000e+00, 0.000000e+00, 0.000000e+00, 0.000000e+00, 0.000000e+00, -9.068626e-03, 1.237033e-02, -1.454980e-02, 5.074162e-03, 0.000000e+00, 0.000000e+00, 0.000000e+00, 0.000000e+00;
  -6.711636e-03, 6.809514e-03, -4.713594e-03, -1.969060e-04, 3.876756e-03, -4.676357e-03, 0.000000e+00, 0.000000e+00, 0.000000e+00, 0.000000e+00, -1.703298e-05, 1.468886e-05, -7.703849e-06, -1.576688e-06;
  8.628517e-03, -8.968025e-03, 6.747585e-03, -6.213537e-04, -4.621895e-03, 6.481113e-03, 0.000000e+00, 0.000000e+00, 0.000000e+00, 0.000000e+00, 7.447842e-05, -6.171930e-05, 2.961106e-05, 6.663692e-06;
  -8.973926e-03, 1.001904e-02, -9.218290e-03, 3.450840e-03, 3.528479e-03, -8.038561e-03, 0.000000e+00, 0.000000e+00, 0.000000e+00, 0.000000e+00, -2.644186e-04, 2.198720e-04, -1.103870e-04, -1.214326e-05;
  2.615508e-03, -4.156955e-03, 6.752526e-03, -6.565091e-03, 2.176782e-03, 4.030259e-03, 0.000000e+00, 0.000000e+00, 0.000000e+00, 0.000000e+00, 5.192801e-04, -4.471159e-04, 2.597369e-04, -2.608976e-05;
  0.000000e+00, 0.000000e+00, 0.000000e+00, 0.000000e+00, 0.000000e+00, 0.000000e+00, 2.647507e-04, -1.416486e-04, -1.949411e-04, 5.796003e-04, 0.000000e+00, 0.000000e+00, 0.000000e+00, 0.000000e+00;
  0.000000e+00, 0.000000e+00, 0.000000e+00, 0.000000e+00, 0.000000e+00, 0.000000e+00, -2.014382e-04, 1.139113e-04, 1.419687e-04, -4.722518e-04, 0.000000e+00, 0.000000e+00, 0.000000e+00, 0.000000e+00;
  0.000000e+00, 0.000000e+00, 0.000000e+00, 0.000000e+00, 0.000000e+00, 0.000000e+00, 6.177361e-05, -4.829231e-05, -2.936984e-05, 2.137395e-04, 0.000000e+00, 0.000000e+00, 0.000000e+00, 0.000000e+00;
  0.000000e+00, 0.000000e+00, 0.000000e+00, 0.000000e+00, 0.000000e+00, 0.000000e+00, 5.874358e-05, -1.847223e-05, -5.814072e-05, 5.927469e-05, 0.000000e+00, 0.000000e+00, 0.000000e+00, 0.000000e+00;
];
K(:,:,1,9) = [
  0.000000e+00, 0.000000e+00, 0.000000e+00, 0.000000e+00, 0.000000e+00, 0.000000e+00, 7.669465e-03, -1.829395e-02, 3.697288e-02, -3.445015e-02, 0.000000e+00, 0.000000e+00, 0.000000e+00, 0.000000e+00;
  0.000000e+00, 0.000000e+00, 0.000000e+00, 0.000000e+00, 0.000000e+00, 0.000000e+00, -9.773291e-03, 2.064836e-02, -4.007718e-02, 3.898662e-02, 0.000000e+00, 0.000000e+00, 0.000000e+00, 0.000000e+00;
  0.000000e+00, 0.000000e+00, 0.000000e+00, 0.000000e+00, 0.000000e+00, 0.000000e+00, 1.135888e-02, -1.966617e-02, 3.535715e-02, -3.859132e-02, 0.000000e+00, 0.000000e+00, 0.000000e+00, 0.000000e+00;
  0.000000e+00, 0.000000e+00, 0.000000e+00, 0.000000e+00, 0.000000e+00, 0.000000e+00, -6.666513e-03, 8.700355e-03, -1.417108e-02, 2.216287e-02, 0.000000e+00, 0.000000e+00, 0.000000e+00, 0.000000e+00;
  0.000000e+00, 0.000000e+00, 0.000000e+00, 0.000000e+00, 0.000000e+00, 0.000000e+00, -1.949550e-03, 5.113851e-03, -8.463502e-03, -7.194531e-04, 0.000000e+00, 0.000000e+00, 0.000000e+00, 0.000000e+00;
  0.000000e+00, 0.000000e+00, 0.000000e+00, 0.000000e+00, 0.000000e+00, 0.000000e+00, 8.540733e-03, -1.454980e-02, 2.358259e-02, -1.770152e-02, 0.000000e+00, 0.000000e+00, 0.000000e+00, 0.000000e+00;
  3.737211e-03, -4.713594e-03, 5.333073e-03, -2.839695e-03, -1.485455e-03, 4.651326e-03, 0.000000e+00, 0.000000e+00, 0.000000e+00, 0.000000e+00, -3.292028e-05, 2.110357e-05, 1.717452e-06, -1.461317e-05;
  -8.973926e-03, 1.001904e-02, -9.218290e-03, 3.450840e-03, 3.528479e-03, -8.038561e-03, 0.000000e+00, 0.000000e+00, 0.000000e+00, 0.000000e+00, 7.407162e-05, -4.836528e-05, -3.258220e-06, 3.569375e-05;
  1.814007e-02, -1.942379e-02, 1.641394e-02, -5.162622e-03, -6.429533e-03, 1.364343e-02, 0.000000e+00, 0.000000e+00, 0.000000e+00, 0.000000e+00, -8.462090e-05, 5.531847e-05, 9.163946e-06, -5.826878e-05;
  -1.673151e-02, 1.859397e-02, -1.737274e-02, 8.015452e-03, 3.357517e-03, -1.222002e-02, 0.000000e+00, 0.000000e+00, 0.000000e+00, 0.000000e+00, -1.328390e-04, 1.023037e-04, -4.618383e-05, 1.438093e-05;
  0.000000e+00, 0.000000e+00, 0.000000e+00, 0.000000e+00, 0.000000e+00, 0.000000e+00, -5.150024e-04, 4.820393e-04, -2.948201e-04, -1.645147e-04, 0.000000e+00, 0.000000e+00, 0.000000e+00, 0.000000e+00;
  0.000000e+00, 0.000000e+00, 0.000000e+00, 0.000000e+00, 0.000000e+00, 0.000000e+00, 4.290712e-04, -3.945060e-04, 2.434644e-04, 1.041433e-04, 0.000000e+00, 0.000000e+00, 0.000000e+00, 0.000000e+00;
  0.000000e+00, 0.000000e+00, 0.000000e+00, 0.000000e+00, 0.000000e+00, 0.000000e+00, -2.084817e-04, 1.848877e-04, -1.249380e-04, 1.441133e-05, 0.000000e+00, 0.000000e+00, 0.000000e+00, 0.000000e+00;
  0.000000e+00, 0.000000e+00, 0.000000e+00, 0.000000e+00, 0.000000e+00, 0.000000e+00, -4.628891e-05, 3.753331e-05, 2.326373e-06, -8.636500e-05, 0.000000e+00, 0.000000e+00, 0.000000e+00, 0.000000e+00;
];
K(:,:,1,10) = [
  0.000000e+00, 0.000000e+00, 0.000000e+00, 0.000000e+00, 0.000000e+00, 0.000000e+00, 2.471751e-03, 5.666803e-03, -3.445015e-02, 6.568489e-02, 0.000000e+00, 0.000000e+00, 0.000000e+00, 0.000000e+00;
  0.000000e+00, 0.000000e+00, 0.000000e+00, 0.000000e+00, 0.000000e+00, 0.000000e+00, 4.197623e-05, -9.132281e-03, 3.898662e-02, -7.049329e-02, 0.000000e+00, 0.000000e+00, 0.000000e+00, 0.000000e+00;
  0.000000e+00, 0.000000e+00, 0.000000e+00, 0.000000e+00, 0.000000e+00, 0.000000e+00, -6.666513e-03, 1.530373e-02, -3.859132e-02, 6.086920e-02, 0.000000e+00, 0.000000e+00, 0.000000e+00, 0.000000e+00;
  0.000000e+00, 0.000000e+00, 0.000000e+00, 0.000000e+00, 0.000000e+00, 0.000000e+00, 1.157173e-02, -1.602142e-02, 2.216287e-02, -2.454740e-02, 0.000000e+00, 0.000000e+00, 0.000000e+00, 0.000000e+00;
  0.000000e+00, 0.000000e+00, 0.000000e+00, 0.000000e+00, 0.000000e+00, 0.000000e+00, -8.192322e-03, 7.799998e-03, -7.194531e-04, -9.447040e-03, 0.000000e+00, 0.000000e+00, 0.000000e+00, 0.000000e+00;
  0.000000e+00, 0.000000e+00, 0.000000e+00, 0.000000e+00, 0.000000e+00, 0.000000e+00, -9.416704e-04, 5.074162e-03, -1.770152e-02, 2.911349e-02, 0.000000e+00, 0.000000e+00, 0.000000e+00, 0.000000e+00;
  1.347998e-03, -1.969060e-04, -2.839695e-03, 4.984754e-03, -3.154334e-03, -1.256669e-03, 0.000000e+00, 0.000000e+00, 0.000000e+00, 0.000000e+00, 2.252035e-05, -1.879429e-05, 7.821639e-06, 5.888294e-06;
  2.615508e-03, -4.156955e-03, 6.752526e-03, -6.565091e-03, 2.176782e-03, 4.030259e-03, 0.000000e+00, 0.000000e+00, 0.000000e+00, 0.000000e+00, -9.484136e-05, 7.472132e-05, -2.577002e-05, -2.417989e-05;
  -1.673151e-02, 1.859397e-02, -1.737274e-02, 8.015452e-03, 3.357517e-03, -1.222002e-02, 0.000000e+00, 0.000000e+00, 0.000000e+00, 0.000000e+00, 2.962664e-04, -2.310402e-04, 7.976696e-05, 6.669600e-05;
  3.204133e-02, -3.380102e-02, 2.736862e-02, -7.378419e-03, -1.075859e-02, 2.024151e-02, 0.000000e+00, 0.000000e+00, 0.000000e+00, 0.000000e+00, -4.043523e-04, 3.292114e-04, -1.463632e-04, -5.254407e-05;
  0.000000e+00, 0.000000e+00, 0.000000e+00, 0.000000e+00, 0.000000e+00, 0.000000e+00, 6.184932e-04, -6.486425e-04, 6.936960e-04, -5.135600e-04, 0.000000e+00, 0.000000e+00, 0.000000e+00, 0.000000e+00;
  0.000000e+00, 0.000000e+00, 0.000000e+00, 0.000000e+00, 0.000000e+00, 0.000000e+00, -5.725955e-04, 5.714226e-04, -5.625447e-04, 4.164857e-04, 0.000000e+00, 0.000000e+00, 0.000000e+00, 0.000000e+00;
  0.000000e+00, 0.000000e+00, 0.000000e+00, 0.000000e+00, 0.000000e+00, 0.000000e+00, 4.052513e-04, -3.572744e-04, 2.663129e-04, -1.947941e-04, 0.000000e+00, 0.000000e+00, 0.000000e+00, 0.000000e+00;
  0.000000e+00, 0.000000e+00, 0.000000e+00, 0.000000e+00, 0.000000e+00, 0.000000e+00, -1.033194e-04, 6.309442e-05, 1.826515e-05, -1.976017e-05, 0.000000e+00, 0.000000e+00, 0.000000e+00, 0.000000e+00;
];
K(:,:,1,11) = [
  0.000000e+00, -7.689490e-05, 1.936143e-04, -2.211780e-04, 1.840801e-04, -1.248466e-04, 0.000000e+00, 0.000000e+00, 0.000000e+00, 0.000000e+00, 0.000000e+00, 0.000000e+00, 0.000000e+00, 0.000000e+00;
  1.355253e-20, 2.050267e-04, -5.809149e-04, 7.585143e-04, -6.742290e-04, 4.547802e-04, 0.000000e+00, 0.000000e+00, 0.000000e+00, 0.000000e+00, 0.000000e+00, 0.000000e+00, 0.000000e+00, 0.000000e+00;
  2.710505e-20, -4.709810e-04, 1.521145e-03, -2.326265e-03, 2.329365e-03, -1.644918e-03, 0.000000e+00, 0.000000e+00, 0.000000e+00, 0.000000e+00, 0.000000e+00, 0.000000e+00, 0.000000e+00, 0.000000e+00;
  -3.388132e-21, 6.302768e-04, -2.321519e-03, 4.216908e-03, -4.985843e-03, 3.982204e-03, 0.000000e+00, 0.000000e+00, 0.000000e+00, 0.000000e+00, 0.000000e+00, 0.000000e+00, 0.000000e+00, 0.000000e+00;
  0.000000e+00, -5.762689e-04, 2.351164e-03, -5.020304e-03, 7.191166e-03, -6.961847e-03, 0.000000e+00, 0.000000e+00, 0.000000e+00, 0.000000e+00, 0.000000e+00, 0.000000e+00, 0.000000e+00, 0.000000e+00;
  -1.355253e-20, 3.899103e-04, -1.665379e-03, 4.016583e-03, -6.975446e-03, 8.543810e-03, 0.000000e+00, 0.000000e+00, 0.000000e+00, 0.000000e+00, 0.000000e+00, 0.000000e+00, 0.000000e+00, 0.000000e+00;
  0.000000e+00, 0.000000e+00, 0.000000e+00, 0.000000e+00, 0.000000e+00, 0.000000e+00, -5.986192e-05, 1.703298e-05, 3.292028e-05, -2.252035e-05, 0.000000e+00, 0.000000e+00, 0.000000e+00, 0.000000e+00;
  0.000000e+00, 0.000000e+00, 0.000000e+00, 0.000000e+00, 0.000000e+00, 0.000000e+00, 1.708228e-04, -7.447842e-05, -7.407162e-05, 9.484136e-05, 0.000000e+00, 0.000000e+00, 0.000000e+00, 0.000000e+00;
  0.000000e+00, 0.000000e+00, 0.000000e+00, 0.000000e+00, 0.000000e+00, 0.000000e+00, -4.259075e-04, 2.644186e-04, 8.462090e-05, -2.962664e-04, 0.000000e+00, 0.000000e+00, 0.000000e+00, 0.000000e+00;
  0.000000e+00, 0.000000e+00, 0.000000e+00, 0.000000e+00, 0.000000e+00, 0.000000e+00, 6.243127e-04, -5.192801e-04, 1.328390e-04, 4.043523e-04, 0.000000e+00, 0.000000e+00, 0.000000e+00, 0.000000e+00;
  0.000000e+00, 0.000000e+00, 0.000000e+00, 0.000000e+00, 0.000000e+00, 0.000000e+00, 0.000000e+00, 0.000000e+00, 0.000000e+00, 0.000000e+00, 4.489644e-05, -3.199846e-05, 5.813590e-06, 1.271504e-05;
  0.000000e+00, 0.000000e+00, 0.000000e+00, 0.000000e+00, 0.000000e+00, 0.000000e+00, 0.000000e+00, 0.000000e+00, 0.000000e+00, 0.000000e+00, -3.199846e-05, 2.535502e-05, -9.641712e-06, -5.815034e-06;
  0.000000e+00, 0.000000e+00, 0.000000e+00, 0.000000e+00, 0.000000e+00, 0.000000e+00, 0.000000e+00, 0.000000e+00, 0.000000e+00, 0.000000e+00, 5.813590e-06, -9.641712e-06, 1.372639e-05, -8.213084e-06;
  0.000000e+00, 0.000000e+00, 0.000000e+00, 0.000000e+00, 0.000000e+00, 0.000000e+00, 0.000000e+00, 0.000000e+00, 0.000000e+00, 0.000000e+00, 1.271504e-05, -5.815034e-06, -8.213084e-06, 1.567213e-05;
];
K(:,:,1,12) = [
  0.000000e+00, 5.735348e-05, -1.570928e-04, 2.033947e-04, -1.880419e-04, 1.329301e-04, 0.000000e+00, 0.000000e+00, 0.000000e+00, 0.000000e+00, 0.000000e+00, 0.000000e+00, 0.000000e+00, 0.000000e+00;
  1.355253e-20, -1.600565e-04, 4.779573e-04, -6.779978e-04, 6.597814e-04, -4.756791e-04, 0.000000e+00, 0.000000e+00, 0.000000e+00, 0.000000e+00, 0.000000e+00, 0.000000e+00, 0.000000e+00, 0.000000e+00;
  -2.710505e-20, 3.914655e-04, -1.284917e-03, 2.039789e-03, -2.169107e-03, 1.647132e-03, 0.000000e+00, 0.000000e+00, 0.000000e+00, 0.000000e+00, 0.000000e+00, 0.000000e+00, 0.000000e+00, 0.000000e+00;
  2.202286e-20, -5.678189e-04, 2.047706e-03, -3.689621e-03, 4.448376e-03, -3.738405e-03, 0.000000e+00, 0.000000e+00, 0.000000e+00, 0.000000e+00, 0.000000e+00, 0.000000e+00, 0.000000e+00, 0.000000e+00;
  -2.710505e-20, 5.653946e-04, -2.203457e-03, 4.491972e-03, -6.281204e-03, 6.138034e-03, 0.000000e+00, 0.000000e+00, 0.000000e+00, 0.000000e+00, 0.000000e+00, 0.000000e+00, 0.000000e+00, 0.000000e+00;
  0.000000e+00, -4.080589e-04, 1.673934e-03, -3.782302e-03, 6.157632e-03, -7.244617e-03, 0.000000e+00, 0.000000e+00, 0.000000e+00, 0.000000e+00, 0.000000e+00, 0.000000e+00, 0.000000e+00, 0.000000e+00;
  0.000000e+00, 0.000000e+00, 0.000000e+00, 0.000000e+00, 0.000000e+00, 0.000000e+00, 4.266461e-05, -1.468886e-05, -2.110357e-05, 1.879429e-05, 0.000000e+00, 0.000000e+00, 0.000000e+00, 0.000000e+00;
  0.000000e+00, 0.000000e+00, 0.000000e+00, 0.000000e+00, 0.000000e+00, 0.000000e+00, -1.293958e-04, 6.171930e-05, 4.836528e-05, -7.472132e-05, 0.000000e+00, 0.000000e+00, 0.000000e+00, 0.000000e+00;
  0.000000e+00, 0.000000e+00, 0.000000e+00, 0.000000e+00, 0.000000e+00, 0.000000e+00, 3.482972e-04, -2.198720e-04, -5.531847e-05, 2.310402e-04, 0.000000e+00, 0.000000e+00, 0.000000e+00, 0.000000e+00;
  0.000000e+00, 0.000000e+00, 0.000000e+00, 0.000000e+00, 0.000000e+00, 0.000000e+00, -5.582670e-04, 4.471159e-04, -1.023037e-04, -3.292114e-04, 0.000000e+00, 0.000000e+00, 0.000000e+00, 0.000000e+00;
  0.000000e+00, 0.000000e+00, 0.000000e+00, 0.000000e+00, 0.000000e+00, 0.000000e+00, 0.000000e+00, 0.000000e+00, 0.000000e+00, 0.000000e+00, -3.199846e-05, 2.535502e-05, -9.641712e-06, -5.815034e-06;
  0.000000e+00, 0.000000e+00, 0.000000e+00, 0.000000e+00, 0.000000e+00, 0.000000e+00, 0.000000e+00, 0.000000e+00, 0.000000e+00, 0.000000e+00, 2.535502e-05, -2.082009e-05, 9.769991e-06, 2.250975e-06;
  0.000000e+00, 0.000000e+00, 0.000000e+00, 0.000000e+00, 0.000000e+00, 0.000000e+00, 0.000000e+00, 0.000000e+00, 0.000000e+00, 0.000000e+00, -9.641712e-06, 9.769991e-06, -8.927398e-06, 4.928547e-06;
  0.000000e+00, 0.000000e+00, 0.000000e+00, 0.000000e+00, 0.000000e+00, 0.000000e+00, 0.000000e+00, 0.000000e+00, 0.000000e+00, 0.000000e+00, -5.815034e-06, 2.250975e-06, 4.928547e-06, -9.003364e-06;
];
K(:,:,1,13) = [
  0.000000e+00, -1.545530e-05, 6.834895e-05, -1.402982e-04, 1.769273e-04, -1.480368e-04, 0.000000e+00, 0.000000e+00, 0.000000e+00, 0.000000e+00, 0.000000e+00, 0.000000e+00, 0.000000e+00, 0.000000e+00;
  0.000000e+00, 5.776541e-05, -2.254343e-04, 4.399940e-04, -5.648396e-04, 4.967814e-04, 0.000000e+00, 0.000000e+00, 0.000000e+00, 0.000000e+00, 0.000000e+00, 0.000000e+00, 0.000000e+00, 0.000000e+00;
  6.776264e-21, -1.919053e-04, 6.866070e-04, -1.271264e-03, 1.646838e-03, -1.531293e-03, 0.000000e+00, 0.000000e+00, 0.000000e+00, 0.000000e+00, 0.000000e+00, 0.000000e+00, 0.000000e+00, 0.000000e+00;
  6.776264e-21, 3.766467e-04, -1.297120e-03, 2.316869e-03, -2.997698e-03, 2.924155e-03, 0.000000e+00, 0.000000e+00, 0.000000e+00, 0.000000e+00, 0.000000e+00, 0.000000e+00, 0.000000e+00, 0.000000e+00;
  2.286989e-20, -4.879609e-04, 1.701498e-03, -3.050985e-03, 3.948574e-03, -3.947244e-03, 0.000000e+00, 0.000000e+00, 0.000000e+00, 0.000000e+00, 0.000000e+00, 0.000000e+00, 0.000000e+00, 0.000000e+00;
  -6.776264e-21, 4.287281e-04, -1.576455e-03, 2.984064e-03, -3.972350e-03, 3.997810e-03, 0.000000e+00, 0.000000e+00, 0.000000e+00, 0.000000e+00, 0.000000e+00, 0.000000e+00, 0.000000e+00, 0.000000e+00;
  0.000000e+00, 0.000000e+00, 0.000000e+00, 0.000000e+00, 0.000000e+00, 0.000000e+00, -7.751454e-06, 7.703849e-06, -1.717452e-06, -7.821639e-06, 0.000000e+00, 0.000000e+00, 0.000000e+00, 0.000000e+00;
  0.000000e+00, 0.000000e+00, 0.000000e+00, 0.000000e+00, 0.000000e+00, 0.000000e+00, 3.861445e-05, -2.961106e-05, 3.258220e-06, 2.577002e-05, 0.000000e+00, 0.000000e+00, 0.000000e+00, 0.000000e+00;
  0.000000e+00, 0.000000e+00, 0.000000e+00, 0.000000e+00, 0.000000e+00, 0.000000e+00, -1.570111e-04, 1.103870e-04, -9.163946e-06, -7.976696e-05, 0.000000e+00, 0.000000e+00, 0.000000e+00, 0.000000e+00;
  0.000000e+00, 0.000000e+00, 0.000000e+00, 0.000000e+00, 0.000000e+00, 0.000000e+00, 3.567557e-04, -2.597369e-04, 4.618383e-05, 1.463632e-04, 0.000000e+00, 0.000000e+00, 0.000000e+00, 0.000000e+00;
  0.000000e+00, 0.000000e+00, 0.000000e+00, 0.000000e+00, 0.000000e+00, 0.000000e+00, 0.000000e+00, 0.000000e+00, 0.000000e+00, 0.000000e+00, 5.813590e-06, -9.641712e-06, 1.372639e-05, -8.213084e-06;
  0.000000e+00, 0.000000e+00, 0.000000e+00, 0.000000e+00, 0.000000e+00, 0.000000e+00, 0.000000e+00, 0.000000e+00, 0.000000e+00, 0.000000e+00, -9.641712e-06, 9.769991e-06, -8.927398e-06, 4.928547e-06;
  0.000000e+00, 0.000000e+00, 0.000000e+00, 0.000000e+00, 0.000000e+00, 0.000000e+00, 0.000000e+00, 0.000000e+00, 0.000000e+00, 0.000000e+00, 1.372639e-05, -8.927398e-06, 9.721470e-07, 1.460695e-06;
  0.000000e+00, 0.000000e+00, 0.000000e+00, 0.000000e+00, 0.000000e+00, 0.000000e+00, 0.000000e+00, 0.000000e+00, 0.000000e+00, 0.000000e+00, -8.213084e-06, 4.928547e-06, 1.460695e-06, -4.246187e-06;
];
K(:,:,1,14) = [
  0.000000e+00, -1.853007e-05, 2.517175e-05, 3.051427e-05, -1.079864e-04, 1.373495e-04, 0.000000e+00, 0.000000e+00, 0.000000e+00, 0.000000e+00, 0.000000e+00, 0.000000e+00, 0.000000e+00, 0.000000e+00;
  3.388132e-21, 3.732169e-05, -5.027164e-05, -8.677904e-05, 3.043690e-04, -4.116078e-04, 0.000000e+00, 0.000000e+00, 0.000000e+00, 0.000000e+00, 0.000000e+00, 0.000000e+00, 0.000000e+00, 0.000000e+00;
  0.000000e+00, -3.420337e-05, 1.842982e-05, 2.504419e-04, -7.309931e-04, 1.054136e-03, 0.000000e+00, 0.000000e+00, 0.000000e+00, 0.000000e+00, 0.000000e+00, 0.000000e+00, 0.000000e+00, 0.000000e+00;
  -1.355253e-20, -8.135115e-05, 2.707830e-04, -5.571528e-04, 1.015518e-03, -1.458845e-03, 0.000000e+00, 0.000000e+00, 0.000000e+00, 0.000000e+00, 0.000000e+00, 0.000000e+00, 0.000000e+00, 0.000000e+00;
  -1.355253e-20, 2.673011e-04, -7.798938e-04, 1.052829e-03, -1.045079e-03, 1.069702e-03, 0.000000e+00, 0.000000e+00, 0.000000e+00, 0.000000e+00, 0.000000e+00, 0.000000e+00, 0.000000e+00, 0.000000e+00;
  -1.524659e-20, -3.609787e-04, 1.115215e-03, -1.515814e-03, 1.084291e-03, -2.155198e-04, 0.000000e+00, 0.000000e+00, 0.000000e+00, 0.000000e+00, 0.000000e+00, 0.000000e+00, 0.000000e+00, 0.000000e+00;
  0.000000e+00, 0.000000e+00, 0.000000e+00, 0.000000e+00, 0.000000e+00, 0.000000e+00, -1.695338e-05, 1.576688e-06, 1.461317e-05, -5.888294e-06, 0.000000e+00, 0.000000e+00, 0.000000e+00, 0.000000e+00;
  0.000000e+00, 0.000000e+00, 0.000000e+00, 0.000000e+00, 0.000000e+00, 0.000000e+00, 3.863683e-05, -6.663692e-06, -3.569375e-05, 2.417989e-05, 0.000000e+00, 0.000000e+00, 0.000000e+00, 0.000000e+00;
  0.000000e+00, 0.000000e+00, 0.000000e+00, 0.000000e+00, 0.000000e+00, 0.000000e+00, -4.991490e-05, 1.214326e-05, 5.826878e-05, -6.669600e-05, 0.000000e+00, 0.000000e+00, 0.000000e+00, 0.000000e+00;
  0.000000e+00, 0.000000e+00, 0.000000e+00, 0.000000e+00, 0.000000e+00, 0.000000e+00, -5.240746e-05, 2.608976e-05, -1.438093e-05, 5.254407e-05, 0.000000e+00, 0.000000e+00, 0.000000e+00, 0.000000e+00;
  0.000000e+00, 0.000000e+00, 0.000000e+00, 0.000000e+00, 0.000000e+00, 0.000000e+00, 0.000000e+00, 0.000000e+00, 0.000000e+00, 0.000000e+00, 1.271504e-05, -5.815034e-06, -8.213084e-06, 1.567213e-05;
  0.000000e+00, 0.000000e+00, 0.000000e+00, 0.000000e+00, 0.000000e+00, 0.000000e+00, 0.000000e+00, 0.000000e+00, 0.000000e+00, 0.000000e+00, -5.815034e-06, 2.250975e-06, 4.928547e-06, -9.003364e-06;
  0.000000e+00, 0.000000e+00, 0.000000e+00, 0.000000e+00, 0.000000e+00, 0.000000e+00, 0.000000e+00, 0.000000e+00, 0.000000e+00, 0.000000e+00, -8.213084e-06, 4.928547e-06, 1.460695e-06, -4.246187e-06;
  0.000000e+00, 0.000000e+00, 0.000000e+00, 0.000000e+00, 0.000000e+00, 0.000000e+00, 0.000000e+00, 0.000000e+00, 0.000000e+00, 0.000000e+00, 1.567213e-05, -9.003364e-06, -4.246187e-06, 1.183350e-05;
];
K(:,:,2,1) = [
