function K = gyr_massModel(p)
% Auto-generated constant matrix
K = zeros(14,14,14,14);
K(:,:,1,1) = [
  1.421314e-02, -1.358496e-02, 7.730922e-03, 2.401866e-03, -7.938814e-03, 7.666293e-03, 0.000000e+00, 0.000000e+00, 0.000000e+00, 0.000000e+00, 9.385732e-05, -7.448426e-05, 3.058542e-05, 1.200742e-05;
  -1.358496e-02, 1.205941e-02, -5.621958e-03, -2.634172e-03, 6.103116e-03, -5.911719e-03, 0.000000e+00, 0.000000e+00, 0.000000e+00, 0.000000e+00, -2.849112e-04, 2.331034e-04, -1.085182e-04, -2.565379e-05;
  7.730922e-03, -5.621958e-03, -1.230266e-03, 6.915643e-03, -4.283305e-03, -1.117613e-03, 0.000000e+00, 0.000000e+00, 0.000000e+00, 0.000000e+00, 7.751230e-04, -6.570096e-04, 3.511848e-04, 2.116828e-05;
  2.401866e-03, -2.634172e-03, 6.915643e-03, -1.498121e-02, 1.338169e-02, 2.792441e-03, 0.000000e+00, 0.000000e+00, 0.000000e+00, 0.000000e+00, -1.273731e-03, 1.120862e-03, -6.913444e-04, 9.430182e-05;
  -7.938814e-03, 6.103116e-03, -4.283305e-03, 1.338169e-02, -2.807423e-02, 1.942102e-02, 0.000000e+00, 0.000000e+00, 0.000000e+00, 0.000000e+00, 1.429306e-03, -1.304203e-03, 9.282707e-04, -3.347941e-04;
  7.666293e-03, -5.911719e-03, -1.117613e-03, 2.792441e-03, 1.942102e-02, -4.481758e-02, 0.000000e+00, 0.000000e+00, 0.000000e+00, 0.000000e+00, -1.099221e-03, 1.048027e-03, -8.847937e-04, 5.723481e-04;
  0.000000e+00, 0.000000e+00, 0.000000e+00, 0.000000e+00, 0.000000e+00, 0.000000e+00, -7.052256e-03, 6.711636e-03, -3.737211e-03, -1.347998e-03, 0.000000e+00, 0.000000e+00, 0.000000e+00, 0.000000e+00;
  0.000000e+00, 0.000000e+00, 0.000000e+00, 0.000000e+00, 0.000000e+00, 0.000000e+00, 6.711636e-03, -8.628517e-03, 8.973926e-03, -2.615508e-03, 0.000000e+00, 0.000000e+00, 0.000000e+00, 0.000000e+00;
  0.000000e+00, 0.000000e+00, 0.000000e+00, 0.000000e+00, 0.000000e+00, 0.000000e+00, -3.737211e-03, 8.973926e-03, -1.814007e-02, 1.673151e-02, 0.000000e+00, 0.000000e+00, 0.000000e+00, 0.000000e+00;
  0.000000e+00, 0.000000e+00, 0.000000e+00, 0.000000e+00, 0.000000e+00, 0.000000e+00, -1.347998e-03, -2.615508e-03, 1.673151e-02, -3.204133e-02, 0.000000e+00, 0.000000e+00, 0.000000e+00, 0.000000e+00;
  4.692866e-05, -2.687118e-04, 7.976784e-04, -1.293841e-03, 1.434457e-03, -1.099038e-03, 0.000000e+00, 0.000000e+00, 0.000000e+00, 0.000000e+00, 3.464715e-04, -2.261100e-04, 2.356484e-06, 1.192588e-04;
  -3.724213e-05, 2.190809e-04, -6.737529e-04, 1.137945e-03, -1.309856e-03, 1.048250e-03, 0.000000e+00, 0.000000e+00, 0.000000e+00, 0.000000e+00, -2.261100e-04, 1.744140e-04, -5.342558e-05, -5.738900e-05;
  1.529271e-05, -1.006270e-04, 3.555434e-04, -6.998846e-04, 9.337397e-04, -8.862662e-04, 0.000000e+00, 0.000000e+00, 0.000000e+00, 0.000000e+00, 2.356484e-06, -5.342558e-05, 1.146685e-04, -7.100187e-05;
  6.003711e-06, -2.538063e-05, 2.695490e-05, 9.176652e-05, -3.370210e-04, 5.751254e-04, 0.000000e+00, 0.000000e+00, 0.000000e+00, 0.000000e+00, 1.192588e-04, -5.738900e-05, -7.100187e-05, 1.381838e-04;
];
K(:,:,1,2) = [
  -1.358496e-02, 1.751642e-02, -1.840295e-02, 5.803069e-03, 9.456567e-03, -1.511823e-02, 0.000000e+00, 0.000000e+00, 0.000000e+00, 0.000000e+00, -9.552695e-05, 7.930958e-05, -3.896640e-05, -6.823183e-06;
  1.569741e-02, -1.836805e-02, 1.756895e-02, -5.852978e-03, -7.735361e-03, 1.417200e-02, 0.000000e+00, 0.000000e+00, 0.000000e+00, 0.000000e+00, 3.150141e-04, -2.646051e-04, 1.371069e-04, 1.294578e-05;
  -1.414262e-02, 1.429749e-02, -9.847076e-03, 7.248951e-04, 4.575016e-03, -6.009073e-03, 0.000000e+00, 0.000000e+00, 0.000000e+00, 0.000000e+00, -9.344412e-04, 7.985867e-04, -4.451334e-04, 6.271030e-06;
  2.990655e-03, -2.317377e-03, -2.576791e-03, 1.030620e-02, -9.677970e-03, -1.819828e-03, 0.000000e+00, 0.000000e+00, 0.000000e+00, 0.000000e+00, 1.667368e-03, -1.459045e-03, 8.940530e-04, -1.388760e-04;
  8.338750e-03, -8.180088e-03, 7.875461e-03, -1.307956e-02, 2.161094e-02, -1.266824e-02, 0.000000e+00, 0.000000e+00, 0.000000e+00, 0.000000e+00, -2.007594e-03, 1.811409e-03, -1.249072e-03, 4.188157e-04;
  -1.204939e-02, 1.218595e-02, -7.130357e-03, 1.944187e-03, -1.565867e-02, 3.438459e-02, 0.000000e+00, 0.000000e+00, 0.000000e+00, 0.000000e+00, 1.655375e-03, -1.561111e-03, 1.261140e-03, -7.232245e-04;
  0.000000e+00, 0.000000e+00, 0.000000e+00, 0.000000e+00, 0.000000e+00, 0.000000e+00, 6.711636e-03, -6.809514e-03, 4.713594e-03, 1.969060e-04, 0.000000e+00, 0.000000e+00, 0.000000e+00, 0.000000e+00;
  0.000000e+00, 0.000000e+00, 0.000000e+00, 0.000000e+00, 0.000000e+00, 0.000000e+00, -6.809514e-03, 8.968025e-03, -1.001904e-02, 4.156955e-03, 0.000000e+00, 0.000000e+00, 0.000000e+00, 0.000000e+00;
  0.000000e+00, 0.000000e+00, 0.000000e+00, 0.000000e+00, 0.000000e+00, 0.000000e+00, 4.713594e-03, -1.001904e-02, 1.942379e-02, -1.859397e-02, 0.000000e+00, 0.000000e+00, 0.000000e+00, 0.000000e+00;
  0.000000e+00, 0.000000e+00, 0.000000e+00, 0.000000e+00, 0.000000e+00, 0.000000e+00, 1.969060e-04, 4.156955e-03, -1.859397e-02, 3.380102e-02, 0.000000e+00, 0.000000e+00, 0.000000e+00, 0.000000e+00;
  -1.619943e-05, 2.858807e-04, -9.708339e-04, 1.703047e-03, -2.018650e-03, 1.655618e-03, 0.000000e+00, 0.000000e+00, 0.000000e+00, 0.000000e+00, -5.124007e-04, 3.746760e-04, -8.131661e-05, -1.457129e-04;
  1.402248e-05, -2.395258e-04, 8.271438e-04, -1.489074e-03, 1.822200e-03, -1.562189e-03, 0.000000e+00, 0.000000e+00, 0.000000e+00, 0.000000e+00, 3.746760e-04, -2.968587e-04, 1.144815e-04, 6.488721e-05;
  -7.891229e-06, 1.228493e-04, -4.555302e-04, 9.092338e-04, -1.257717e-03, 1.264127e-03, 0.000000e+00, 0.000000e+00, 0.000000e+00, 0.000000e+00, -8.131661e-05, 1.144815e-04, -1.506548e-04, 9.609702e-05;
  -2.731572e-07, 1.328785e-05, -1.136393e-06, -1.357496e-04, 4.218467e-04, -7.275845e-04, 0.000000e+00, 0.000000e+00, 0.000000e+00, 0.000000e+00, -1.457129e-04, 6.488721e-05, 9.609702e-05, -1.805432e-04;
];
K(:,:,1,3) = [
  7.730922e-03, -1.840295e-02, 3.719073e-02, -3.475981e-02, 3.676370e-03, 2.714316e-02, 0.000000e+00, 0.000000e+00, 0.000000e+00, 0.000000e+00, 1.294430e-04, -1.139586e-04, 6.907764e-05, -5.607385e-06;
  -1.414262e-02, 2.411185e-02, -4.046359e-02, 3.624924e-02, -5.535724e-03, -2.683228e-02, 0.000000e+00, 0.000000e+00, 0.000000e+00, 0.000000e+00, -4.331003e-04, 3.789139e-04, -2.289427e-04, 2.517543e-05;
  2.438373e-02, -3.025809e-02, 3.615136e-02, -2.758811e-02, 6.671062e-03, 1.693118e-02, 0.000000e+00, 0.000000e+00, 0.000000e+00, 0.000000e+00, 1.339737e-03, -1.168780e-03, 7.112047e-04, -1.088773e-04;
  -2.086799e-02, 2.110611e-02, -1.537799e-02, 4.735103e-03, -1.048628e-03, 9.259305e-04, 0.000000e+00, 0.000000e+00, 0.000000e+00, 0.000000e+00, -2.561795e-03, 2.246735e-03, -1.410404e-03, 3.122376e-04;
  1.023145e-03, 1.134967e-03, -7.084355e-03, 1.163424e-02, -7.182282e-03, -6.094435e-03, 0.000000e+00, 0.000000e+00, 0.000000e+00, 0.000000e+00, 3.373898e-03, -3.013375e-03, 2.027518e-03, -6.620165e-04;
  1.772290e-02, -2.101249e-02, 2.241953e-02, -1.517278e-02, 7.121845e-03, 3.021108e-05, 0.000000e+00, 0.000000e+00, 0.000000e+00, 0.000000e+00, -3.114692e-03, 2.883692e-03, -2.184375e-03, 1.045537e-03;
  0.000000e+00, 0.000000e+00, 0.000000e+00, 0.000000e+00, 0.000000e+00, 0.000000e+00, -3.737211e-03, 4.713594e-03, -5.333073e-03, 2.839695e-03, 0.000000e+00, 0.000000e+00, 0.000000e+00, 0.000000e+00;
  0.000000e+00, 0.000000e+00, 0.000000e+00, 0.000000e+00, 0.000000e+00, 0.000000e+00, 4.713594e-03, -6.747585e-03, 9.218290e-03, -6.752526e-03, 0.000000e+00, 0.000000e+00, 0.000000e+00, 0.000000e+00;
  0.000000e+00, 0.000000e+00, 0.000000e+00, 0.000000e+00, 0.000000e+00, 0.000000e+00, -5.333073e-03, 9.218290e-03, -1.641394e-02, 1.737274e-02, 0.000000e+00, 0.000000e+00, 0.000000e+00, 0.000000e+00;
  0.000000e+00, 0.000000e+00, 0.000000e+00, 0.000000e+00, 0.000000e+00, 0.000000e+00, 2.839695e-03, -6.752526e-03, 1.737274e-02, -2.736862e-02, 0.000000e+00, 0.000000e+00, 0.000000e+00, 0.000000e+00;
  -2.255538e-05, -3.730734e-04, 1.404496e-03, -2.633151e-03, 3.401294e-03, -3.117900e-03, 0.000000e+00, 0.000000e+00, 0.000000e+00, 0.000000e+00, 8.034044e-04, -6.817891e-04, 3.385446e-04, 9.203307e-05;
  1.674331e-05, 3.270514e-04, -1.223393e-03, 2.307016e-03, -3.037529e-03, 2.888205e-03, 0.000000e+00, 0.000000e+00, 0.000000e+00, 0.000000e+00, -6.817891e-04, 5.709745e-04, -2.948780e-04, -2.485117e-05;
  -4.358549e-06, -1.983557e-04, 7.386979e-04, -1.442583e-03, 2.043106e-03, -2.191154e-03, 0.000000e+00, 0.000000e+00, 0.000000e+00, 0.000000e+00, 3.385446e-04, -2.948780e-04, 2.075787e-04, -1.101377e-04;
  -5.786621e-06, 2.165295e-05, -1.024648e-04, 3.104518e-04, -6.663757e-04, 1.052874e-03, 0.000000e+00, 0.000000e+00, 0.000000e+00, 0.000000e+00, 9.203307e-05, -2.485117e-05, -1.101377e-04, 1.938616e-04;
];
K(:,:,1,4) = [
  2.401866e-03, 5.803069e-03, -3.475981e-02, 6.618853e-02, -5.311814e-02, -6.926739e-03, 0.000000e+00, 0.000000e+00, 0.000000e+00, 0.000000e+00, -1.928780e-04, 1.730563e-04, -1.148083e-04, 2.750099e-05;
  2.990655e-03, -1.292418e-02, 4.285261e-02, -7.140160e-02, 5.621177e-02, 4.751695e-03, 0.000000e+00, 0.000000e+00, 0.000000e+00, 0.000000e+00, 6.122688e-04, -5.482919e-04, 3.643569e-04, -9.534789e-05;
  -2.086799e-02, 3.101116e-02, -5.200835e-02, 6.279460e-02, -4.511822e-02, -3.016006e-04, 0.000000e+00, 0.000000e+00, 0.000000e+00, 0.000000e+00, -1.809313e-03, 1.615125e-03, -1.073989e-03, 3.095685e-04;
  3.913195e-02, -4.416567e-02, 4.344143e-02, -2.762114e-02, 1.350189e-02, -3.405667e-03, 0.000000e+00, 0.000000e+00, 0.000000e+00, 0.000000e+00, 3.412146e-03, -3.039573e-03, 2.030171e-03, -6.474127e-04;
  -3.095153e-02, 3.084693e-02, -1.774549e-02, -5.656077e-03, 7.976753e-03, 1.058719e-02, 0.000000e+00, 0.000000e+00, 0.000000e+00, 0.000000e+00, -4.682450e-03, 4.189935e-03, -2.856329e-03, 1.014902e-03;
  -3.687012e-03, 6.325202e-03, -1.599113e-02, 2.553840e-02, -1.341404e-02, -2.191090e-02, 0.000000e+00, 0.000000e+00, 0.000000e+00, 0.000000e+00, 4.804421e-03, -4.370788e-03, 3.128230e-03, -1.257091e-03;
  0.000000e+00, 0.000000e+00, 0.000000e+00, 0.000000e+00, 0.000000e+00, 0.000000e+00, -1.347998e-03, 1.969060e-04, 2.839695e-03, -4.984754e-03, 0.000000e+00, 0.000000e+00, 0.000000e+00, 0.000000e+00;
  0.000000e+00, 0.000000e+00, 0.000000e+00, 0.000000e+00, 0.000000e+00, 0.000000e+00, 1.969060e-04, 6.213537e-04, -3.450840e-03, 6.565091e-03, 0.000000e+00, 0.000000e+00, 0.000000e+00, 0.000000e+00;
  0.000000e+00, 0.000000e+00, 0.000000e+00, 0.000000e+00, 0.000000e+00, 0.000000e+00, 2.839695e-03, -3.450840e-03, 5.162622e-03, -8.015452e-03, 0.000000e+00, 0.000000e+00, 0.000000e+00, 0.000000e+00;
  0.000000e+00, 0.000000e+00, 0.000000e+00, 0.000000e+00, 0.000000e+00, 0.000000e+00, -4.984754e-03, 6.565091e-03, -8.015452e-03, 7.378419e-03, 0.000000e+00, 0.000000e+00, 0.000000e+00, 0.000000e+00;
  2.011023e-05, 5.229114e-04, -1.891985e-03, 3.512843e-03, -4.729111e-03, 4.816176e-03, 0.000000e+00, 0.000000e+00, 0.000000e+00, 0.000000e+00, -9.069596e-04, 8.792111e-04, -6.853216e-04, 2.074098e-04;
  -1.708296e-05, -4.697004e-04, 1.689522e-03, -3.126897e-03, 4.229361e-03, -4.382510e-03, 0.000000e+00, 0.000000e+00, 0.000000e+00, 0.000000e+00, 8.792111e-04, -7.961406e-04, 5.433105e-04, -1.484754e-04;
  8.540192e-06, 3.145297e-04, -1.121970e-03, 2.082475e-03, -2.879181e-03, 3.139146e-03, 0.000000e+00, 0.000000e+00, 0.000000e+00, 0.000000e+00, -6.853216e-04, 5.433105e-04, -2.592944e-04, 4.905172e-05;
  2.535300e-06, -8.367910e-05, 3.154303e-04, -6.549974e-04, 1.020840e-03, -1.265358e-03, 0.000000e+00, 0.000000e+00, 0.000000e+00, 0.000000e+00, 2.074098e-04, -1.484754e-04, 4.905172e-05, -2.452945e-05;
];
K(:,:,1,5) = [
  -7.938814e-03, 9.456567e-03, 3.676370e-03, -5.311814e-02, 1.005009e-01, -7.128907e-02, 0.000000e+00, 0.000000e+00, 0.000000e+00, 0.000000e+00, 2.147602e-04, -1.972529e-04, 1.453416e-04, -6.257667e-05;
  8.338750e-03, -6.845907e-03, -1.213661e-02, 6.301494e-02, -1.068625e-01, 7.606471e-02, 0.000000e+00, 0.000000e+00, 0.000000e+00, 0.000000e+00, -6.912360e-04, 6.334287e-04, -4.637298e-04, 1.987796e-04;
  1.023145e-03, -8.766367e-03, 3.418190e-02, -7.048395e-02, 8.915032e-02, -6.022048e-02, 0.000000e+00, 0.000000e+00, 0.000000e+00, 0.000000e+00, 2.036216e-03, -1.861858e-03, 1.355726e-03, -5.809392e-04;
  -3.095153e-02, 4.105169e-02, -5.579409e-02, 5.181783e-02, -3.038791e-02, 1.067837e-02, 0.000000e+00, 0.000000e+00, 0.000000e+00, 0.000000e+00, -3.787246e-03, 3.450504e-03, -2.489776e-03, 1.051425e-03;
  5.764249e-02, -6.403803e-02, 5.703945e-02, -1.759969e-02, -2.023087e-02, 2.349931e-02, 0.000000e+00, 0.000000e+00, 0.000000e+00, 0.000000e+00, 5.241538e-03, -4.742450e-03, 3.346947e-03, -1.310264e-03;
  -4.105237e-02, 4.349663e-02, -2.896219e-02, -1.335325e-02, 4.035569e-02, -1.973479e-02, 0.000000e+00, 0.000000e+00, 0.000000e+00, 0.000000e+00, -5.804898e-03, 5.197699e-03, -3.511347e-03, 1.103653e-03;
  0.000000e+00, 0.000000e+00, 0.000000e+00, 0.000000e+00, 0.000000e+00, 0.000000e+00, 4.097654e-03, -3.876756e-03, 1.485455e-03, 3.154334e-03, 0.000000e+00, 0.000000e+00, 0.000000e+00, 0.000000e+00;
  0.000000e+00, 0.000000e+00, 0.000000e+00, 0.000000e+00, 0.000000e+00, 0.000000e+00, -3.876756e-03, 4.621895e-03, -3.528479e-03, -2.176782e-03, 0.000000e+00, 0.000000e+00, 0.000000e+00, 0.000000e+00;
  0.000000e+00, 0.000000e+00, 0.000000e+00, 0.000000e+00, 0.000000e+00, 0.000000e+00, 1.485455e-03, -3.528479e-03, 6.429533e-03, -3.357517e-03, 0.000000e+00, 0.000000e+00, 0.000000e+00, 0.000000e+00;
  0.000000e+00, 0.000000e+00, 0.000000e+00, 0.000000e+00, 0.000000e+00, 0.000000e+00, 3.154334e-03, -2.176782e-03, -3.357517e-03, 1.075859e-02, 0.000000e+00, 0.000000e+00, 0.000000e+00, 0.000000e+00;
  -5.150852e-06, -5.940340e-04, 2.111456e-03, -3.886762e-03, 5.296500e-03, -5.829891e-03, 0.000000e+00, 0.000000e+00, 0.000000e+00, 0.000000e+00, 7.783701e-04, -8.289746e-04, 8.594756e-04, -6.014686e-04;
  5.653417e-06, 5.451347e-04, -1.933343e-03, 3.541524e-03, -4.790094e-03, 5.219377e-03, 0.000000e+00, 0.000000e+00, 0.000000e+00, 0.000000e+00, -8.289746e-04, 8.189228e-04, -7.152216e-04, 4.014745e-04;
  -5.469031e-06, -4.010413e-04, 1.412780e-03, -2.555552e-03, 3.377029e-03, -3.525298e-03, 0.000000e+00, 0.000000e+00, 0.000000e+00, 0.000000e+00, 8.594756e-04, -7.152216e-04, 3.609217e-04, -3.030617e-07;
  2.226923e-06, 1.741165e-04, -6.082740e-04, 1.078624e-03, -1.320676e-03, 1.108330e-03, 0.000000e+00, 0.000000e+00, 0.000000e+00, 0.000000e+00, -6.014686e-04, 4.014745e-04, -3.030617e-07, -2.484419e-04;
];
K(:,:,1,6) = [
  7.666293e-03, -1.511823e-02, 2.714316e-02, -6.926739e-03, -7.128907e-02, 1.404324e-01, 0.000000e+00, 0.000000e+00, 0.000000e+00, 0.000000e+00, -1.566390e-04, 1.511401e-04, -1.331233e-04, 9.553375e-05;
  -1.204939e-02, 1.814409e-02, -2.458971e-02, -2.776334e-03, 8.204556e-02, -1.478337e-01, 0.000000e+00, 0.000000e+00, 0.000000e+00, 0.000000e+00, 5.313455e-04, -5.099780e-04, 4.387530e-04, -2.954558e-04;
  1.772290e-02, -1.764865e-02, 5.954500e-03, 3.189582e-02, -8.665304e-02, 1.185030e-01, 0.000000e+00, 0.000000e+00, 0.000000e+00, 0.000000e+00, -1.667937e-03, 1.587588e-03, -1.321284e-03, 8.120238e-04;
  -3.687012e-03, -4.966842e-03, 3.230500e-02, -6.129380e-02, 5.868083e-02, -2.975611e-02, 0.000000e+00, 0.000000e+00, 0.000000e+00, 0.000000e+00, 3.292535e-03, -3.091316e-03, 2.446837e-03, -1.301148e-03;
  -4.105237e-02, 5.246791e-02, -6.861103e-02, 5.865043e-02, -1.021346e-02, -4.695720e-02, 0.000000e+00, 0.000000e+00, 0.000000e+00, 0.000000e+00, -4.761573e-03, 4.359040e-03, -3.159008e-03, 1.261358e-03;
  7.868241e-02, -8.709429e-02, 7.901208e-02, -2.714104e-02, -3.788306e-02, 7.685513e-02, 0.000000e+00, 0.000000e+00, 0.000000e+00, 0.000000e+00, 5.535333e-03, -4.848311e-03, 2.981029e-03, -4.707401e-04;
  0.000000e+00, 0.000000e+00, 0.000000e+00, 0.000000e+00, 0.000000e+00, 0.000000e+00, -3.920950e-03, 4.676357e-03, -4.651326e-03, 1.256669e-03, 0.000000e+00, 0.000000e+00, 0.000000e+00, 0.000000e+00;
  0.000000e+00, 0.000000e+00, 0.000000e+00, 0.000000e+00, 0.000000e+00, 0.000000e+00, 4.676357e-03, -6.481113e-03, 8.038561e-03, -4.030259e-03, 0.000000e+00, 0.000000e+00, 0.000000e+00, 0.000000e+00;
  0.000000e+00, 0.000000e+00, 0.000000e+00, 0.000000e+00, 0.000000e+00, 0.000000e+00, -4.651326e-03, 8.038561e-03, -1.364343e-02, 1.222002e-02, 0.000000e+00, 0.000000e+00, 0.000000e+00, 0.000000e+00;
  0.000000e+00, 0.000000e+00, 0.000000e+00, 0.000000e+00, 0.000000e+00, 0.000000e+00, 1.256669e-03, -4.030259e-03, 1.222002e-02, -2.024151e-02, 0.000000e+00, 0.000000e+00, 0.000000e+00, 0.000000e+00;
  -1.833502e-07, 4.569370e-04, -1.709289e-03, 3.354665e-03, -4.805363e-03, 5.570998e-03, 0.000000e+00, 0.000000e+00, 0.000000e+00, 0.000000e+00, -5.321727e-04, 5.814479e-04, -6.992066e-04, 7.244635e-04;
  -2.231935e-07, -4.386745e-04, 1.630273e-03, -3.154740e-03, 4.401236e-03, -4.878221e-03, 0.000000e+00, 0.000000e+00, 0.000000e+00, 0.000000e+00, 5.814479e-04, -6.156896e-04, 6.529557e-04, -5.377332e-04;
  1.472509e-06, 3.787741e-04, -1.367497e-03, 2.509365e-03, -3.193612e-03, 2.996051e-03, 0.000000e+00, 0.000000e+00, 0.000000e+00, 0.000000e+00, -6.992066e-04, 6.529557e-04, -4.542162e-04, 8.324422e-05;
  -2.777264e-06, -2.587206e-04, 8.584943e-04, -1.350761e-03, 1.278465e-03, -4.667494e-04, 0.000000e+00, 0.000000e+00, 0.000000e+00, 0.000000e+00, 7.244635e-04, -5.377332e-04, 8.324422e-05, 3.569104e-04;
];
K(:,:,1,7) = [
  0.000000e+00, 0.000000e+00, 0.000000e+00, 0.000000e+00, 0.000000e+00, 0.000000e+00, 1.418685e-02, -1.354598e-02, 7.669465e-03, 2.471751e-03, 0.000000e+00, 0.000000e+00, 0.000000e+00, 0.000000e+00;
  0.000000e+00, 0.000000e+00, 0.000000e+00, 0.000000e+00, 0.000000e+00, 0.000000e+00, -1.354598e-02, 1.381602e-02, -9.773291e-03, 4.197623e-05, 0.000000e+00, 0.000000e+00, 0.000000e+00, 0.000000e+00;
  0.000000e+00, 0.000000e+00, 0.000000e+00, 0.000000e+00, 0.000000e+00, 0.000000e+00, 7.669465e-03, -9.773291e-03, 1.135888e-02, -6.666513e-03, 0.000000e+00, 0.000000e+00, 0.000000e+00, 0.000000e+00;
  0.000000e+00, 0.000000e+00, 0.000000e+00, 0.000000e+00, 0.000000e+00, 0.000000e+00, 2.471751e-03, 4.197623e-05, -6.666513e-03, 1.157173e-02, 0.000000e+00, 0.000000e+00, 0.000000e+00, 0.000000e+00;
  0.000000e+00, 0.000000e+00, 0.000000e+00, 0.000000e+00, 0.000000e+00, 0.000000e+00, -7.999246e-03, 7.347091e-03, -1.949550e-03, -8.192322e-03, 0.000000e+00, 0.000000e+00, 0.000000e+00, 0.000000e+00;
  0.000000e+00, 0.000000e+00, 0.000000e+00, 0.000000e+00, 0.000000e+00, 0.000000e+00, 7.707647e-03, -9.068626e-03, 8.540733e-03, -9.416704e-04, 0.000000e+00, 0.000000e+00, 0.000000e+00, 0.000000e+00;
  7.052256e-03, -6.711636e-03, 3.737211e-03, 1.347998e-03, -4.097654e-03, 3.920950e-03, 0.000000e+00, 0.000000e+00, 0.000000e+00, 0.000000e+00, 4.692866e-05, -3.724213e-05, 1.529271e-05, 6.003711e-06;
  -6.711636e-03, 6.809514e-03, -4.713594e-03, -1.969060e-04, 3.876756e-03, -4.676357e-03, 0.000000e+00, 0.000000e+00, 0.000000e+00, 0.000000e+00, -1.424556e-04, 1.165517e-04, -5.425911e-05, -1.282689e-05;
  3.737211e-03, -4.713594e-03, 5.333073e-03, -2.839695e-03, -1.485455e-03, 4.651326e-03, 0.000000e+00, 0.000000e+00, 0.000000e+00, 0.000000e+00, 3.875615e-04, -3.285048e-04, 1.755924e-04, 1.058414e-05;
  1.347998e-03, -1.969060e-04, -2.839695e-03, 4.984754e-03, -3.154334e-03, -1.256669e-03, 0.000000e+00, 0.000000e+00, 0.000000e+00, 0.000000e+00, -6.368656e-04, 5.604312e-04, -3.456722e-04, 4.715091e-05;
  0.000000e+00, 0.000000e+00, 0.000000e+00, 0.000000e+00, 0.000000e+00, 0.000000e+00, -9.385732e-05, -3.072923e-05, 3.416834e-04, -6.548767e-04, 0.000000e+00, 0.000000e+00, 0.000000e+00, 0.000000e+00;
  0.000000e+00, 0.000000e+00, 0.000000e+00, 0.000000e+00, 0.000000e+00, 0.000000e+00, 7.448426e-05, 2.321964e-05, -2.816472e-04, 5.675275e-04, 0.000000e+00, 0.000000e+00, 0.000000e+00, 0.000000e+00;
  0.000000e+00, 0.000000e+00, 0.000000e+00, 0.000000e+00, 0.000000e+00, 0.000000e+00, -3.058542e-05, -7.401482e-06, 1.352348e-04, -3.298392e-04, 0.000000e+00, 0.000000e+00, 0.000000e+00, 0.000000e+00;
  0.000000e+00, 0.000000e+00, 0.000000e+00, 0.000000e+00, 0.000000e+00, 0.000000e+00, -1.200742e-05, -5.730554e-06, 2.641719e-05, 1.686946e-05, 0.000000e+00, 0.000000e+00, 0.000000e+00, 0.000000e+00;
];
K(:,:,1,8) = [
  0.000000e+00, 0.000000e+00, 0.000000e+00, 0.000000e+00, 0.000000e+00, 0.000000e+00, -1.354598e-02, 1.745403e-02, -1.829395e-02, 5.666803e-03, 0.000000e+00, 0.000000e+00, 0.000000e+00, 0.000000e+00;
  0.000000e+00, 0.000000e+00, 0.000000e+00, 0.000000e+00, 0.000000e+00, 0.000000e+00, 1.381602e-02, -1.826434e-02, 2.064836e-02, -9.132281e-03, 0.000000e+00, 0.000000e+00, 0.000000e+00, 0.000000e+00;
  0.000000e+00, 0.000000e+00, 0.000000e+00, 0.000000e+00, 0.000000e+00, 0.000000e+00, -9.773291e-03, 1.410545e-02, -1.966617e-02, 1.530373e-02, 0.000000e+00, 0.000000e+00, 0.000000e+00, 0.000000e+00;
  0.000000e+00, 0.000000e+00, 0.000000e+00, 0.000000e+00, 0.000000e+00, 0.000000e+00, 4.197623e-05, -2.061078e-03, 8.700355e-03, -1.602142e-02, 0.000000e+00, 0.000000e+00, 0.000000e+00, 0.000000e+00;
  0.000000e+00, 0.000000e+00, 0.000000e+00, 0.000000e+00, 0.000000e+00, 0.000000e+00, 7.347091e-03, -8.432876e-03, 5.113851e-03, 7.799998e-03, 0.000000e+00, 0.000000e+00, 0.000000e+00, 0.000000e+00;
  0.000000e+00, 0.000000e+00, 0.000000e+00, 0.000000e+00, 0.000000e+00, 0.000000e+00, -9.068626e-03, 1.237033e-02, -1.454980e-02, 5.074162e-03, 0.000000e+00, 0.000000e+00, 0.000000e+00, 0.000000e+00;
  -6.711636e-03, 6.809514e-03, -4.713594e-03, -1.969060e-04, 3.876756e-03, -4.676357e-03, 0.000000e+00, 0.000000e+00, 0.000000e+00, 0.000000e+00, -1.619943e-05, 1.402248e-05, -7.891229e-06, -2.731572e-07;
  8.628517e-03, -8.968025e-03, 6.747585e-03, -6.213537e-04, -4.621895e-03, 6.481113e-03, 0.000000e+00, 0.000000e+00, 0.000000e+00, 0.000000e+00, 6.895878e-05, -5.879319e-05, 3.218370e-05, 8.719498e-07;
  -8.973926e-03, 1.001904e-02, -9.218290e-03, 3.450840e-03, 3.528479e-03, -8.038561e-03, 0.000000e+00, 0.000000e+00, 0.000000e+00, 0.000000e+00, -2.479033e-04, 2.119688e-04, -1.188967e-04, 3.571786e-06;
  2.615508e-03, -4.156955e-03, 6.752526e-03, -6.565091e-03, 2.176782e-03, 4.030259e-03, 0.000000e+00, 0.000000e+00, 0.000000e+00, 0.000000e+00, 5.082880e-04, -4.419258e-04, 2.655303e-04, -3.644538e-05;
  0.000000e+00, 0.000000e+00, 0.000000e+00, 0.000000e+00, 0.000000e+00, 0.000000e+00, 2.217831e-04, -1.269025e-04, -1.546778e-04, 5.279381e-04, 0.000000e+00, 0.000000e+00, 0.000000e+00, 0.000000e+00;
  0.000000e+00, 0.000000e+00, 0.000000e+00, 0.000000e+00, 0.000000e+00, 0.000000e+00, -1.818388e-04, 1.068108e-04, 1.238632e-04, -4.471075e-04, 0.000000e+00, 0.000000e+00, 0.000000e+00, 0.000000e+00;
  0.000000e+00, 0.000000e+00, 0.000000e+00, 0.000000e+00, 0.000000e+00, 0.000000e+00, 8.533427e-05, -5.592190e-05, -5.169987e-05, 2.402249e-04, 0.000000e+00, 0.000000e+00, 0.000000e+00, 0.000000e+00;
  0.000000e+00, 0.000000e+00, 0.000000e+00, 0.000000e+00, 0.000000e+00, 0.000000e+00, 1.937692e-05, -4.309780e-06, -2.173357e-05, 9.160233e-06, 0.000000e+00, 0.000000e+00, 0.000000e+00, 0.000000e+00;
];
K(:,:,1,9) = [
  0.000000e+00, 0.000000e+00, 0.000000e+00, 0.000000e+00, 0.000000e+00, 0.000000e+00, 7.669465e-03, -1.829395e-02, 3.697288e-02, -3.445015e-02, 0.000000e+00, 0.000000e+00, 0.000000e+00, 0.000000e+00;
  0.000000e+00, 0.000000e+00, 0.000000e+00, 0.000000e+00, 0.000000e+00, 0.000000e+00, -9.773291e-03, 2.064836e-02, -4.007718e-02, 3.898662e-02, 0.000000e+00, 0.000000e+00, 0.000000e+00, 0.000000e+00;
  0.000000e+00, 0.000000e+00, 0.000000e+00, 0.000000e+00, 0.000000e+00, 0.000000e+00, 1.135888e-02, -1.966617e-02, 3.535715e-02, -3.859132e-02, 0.000000e+00, 0.000000e+00, 0.000000e+00, 0.000000e+00;
  0.000000e+00, 0.000000e+00, 0.000000e+00, 0.000000e+00, 0.000000e+00, 0.000000e+00, -6.666513e-03, 8.700355e-03, -1.417108e-02, 2.216287e-02, 0.000000e+00, 0.000000e+00, 0.000000e+00, 0.000000e+00;
  0.000000e+00, 0.000000e+00, 0.000000e+00, 0.000000e+00, 0.000000e+00, 0.000000e+00, -1.949550e-03, 5.113851e-03, -8.463502e-03, -7.194531e-04, 0.000000e+00, 0.000000e+00, 0.000000e+00, 0.000000e+00;
  0.000000e+00, 0.000000e+00, 0.000000e+00, 0.000000e+00, 0.000000e+00, 0.000000e+00, 8.540733e-03, -1.454980e-02, 2.358259e-02, -1.770152e-02, 0.000000e+00, 0.000000e+00, 0.000000e+00, 0.000000e+00;
  3.737211e-03, -4.713594e-03, 5.333073e-03, -2.839695e-03, -1.485455e-03, 4.651326e-03, 0.000000e+00, 0.000000e+00, 0.000000e+00, 0.000000e+00, -2.255538e-05, 1.674331e-05, -4.358549e-06, -5.786621e-06;
  -8.973926e-03, 1.001904e-02, -9.218290e-03, 3.450840e-03, 3.528479e-03, -8.038561e-03, 0.000000e+00, 0.000000e+00, 0.000000e+00, 0.000000e+00, 5.097697e-05, -3.807734e-05, 9.690544e-06, 1.496646e-05;
  1.814007e-02, -1.942379e-02, 1.641394e-02, -5.162622e-03, -6.429533e-03, 1.364343e-02, 0.000000e+00, 0.000000e+00, 0.000000e+00, 0.000000e+00, -5.601907e-05, 4.079990e-05, -4.932589e-06, -2.938730e-05;
  -1.673151e-02, 1.859397e-02, -1.737274e-02, 8.015452e-03, 3.357517e-03, -1.222002e-02, 0.000000e+00, 0.000000e+00, 0.000000e+00, 0.000000e+00, -1.127225e-04, 9.618352e-05, -6.081596e-05, 2.746481e-05;
  0.000000e+00, 0.000000e+00, 0.000000e+00, 0.000000e+00, 0.000000e+00, 0.000000e+00, -4.785504e-04, 4.430827e-04, -2.763276e-04, -1.132602e-04, 0.000000e+00, 0.000000e+00, 0.000000e+00, 0.000000e+00;
  0.000000e+00, 0.000000e+00, 0.000000e+00, 0.000000e+00, 0.000000e+00, 0.000000e+00, 4.088491e-04, -3.762291e-04, 2.365839e-04, 8.227283e-05, 0.000000e+00, 0.000000e+00, 0.000000e+00, 0.000000e+00;
  0.000000e+00, 0.000000e+00, 0.000000e+00, 0.000000e+00, 0.000000e+00, 0.000000e+00, -2.246671e-04, 2.054746e-04, -1.366865e-04, -1.502213e-05, 0.000000e+00, 0.000000e+00, 0.000000e+00, 0.000000e+00;
  0.000000e+00, 0.000000e+00, 0.000000e+00, 0.000000e+00, 0.000000e+00, 0.000000e+00, -6.324327e-06, 1.055768e-06, 1.640653e-05, -4.232189e-05, 0.000000e+00, 0.000000e+00, 0.000000e+00, 0.000000e+00;
];
K(:,:,1,10) = [
  0.000000e+00, 0.000000e+00, 0.000000e+00, 0.000000e+00, 0.000000e+00, 0.000000e+00, 2.471751e-03, 5.666803e-03, -3.445015e-02, 6.568489e-02, 0.000000e+00, 0.000000e+00, 0.000000e+00, 0.000000e+00;
  0.000000e+00, 0.000000e+00, 0.000000e+00, 0.000000e+00, 0.000000e+00, 0.000000e+00, 4.197623e-05, -9.132281e-03, 3.898662e-02, -7.049329e-02, 0.000000e+00, 0.000000e+00, 0.000000e+00, 0.000000e+00;
  0.000000e+00, 0.000000e+00, 0.000000e+00, 0.000000e+00, 0.000000e+00, 0.000000e+00, -6.666513e-03, 1.530373e-02, -3.859132e-02, 6.086920e-02, 0.000000e+00, 0.000000e+00, 0.000000e+00, 0.000000e+00;
  0.000000e+00, 0.000000e+00, 0.000000e+00, 0.000000e+00, 0.000000e+00, 0.000000e+00, 1.157173e-02, -1.602142e-02, 2.216287e-02, -2.454740e-02, 0.000000e+00, 0.000000e+00, 0.000000e+00, 0.000000e+00;
  0.000000e+00, 0.000000e+00, 0.000000e+00, 0.000000e+00, 0.000000e+00, 0.000000e+00, -8.192322e-03, 7.799998e-03, -7.194531e-04, -9.447040e-03, 0.000000e+00, 0.000000e+00, 0.000000e+00, 0.000000e+00;
  0.000000e+00, 0.000000e+00, 0.000000e+00, 0.000000e+00, 0.000000e+00, 0.000000e+00, -9.416704e-04, 5.074162e-03, -1.770152e-02, 2.911349e-02, 0.000000e+00, 0.000000e+00, 0.000000e+00, 0.000000e+00;
  1.347998e-03, -1.969060e-04, -2.839695e-03, 4.984754e-03, -3.154334e-03, -1.256669e-03, 0.000000e+00, 0.000000e+00, 0.000000e+00, 0.000000e+00, 2.011023e-05, -1.708296e-05, 8.540192e-06, 2.535300e-06;
  2.615508e-03, -4.156955e-03, 6.752526e-03, -6.565091e-03, 2.176782e-03, 4.030259e-03, 0.000000e+00, 0.000000e+00, 0.000000e+00, 0.000000e+00, -8.177982e-05, 6.776101e-05, -3.182176e-05, -1.041015e-05;
  -1.673151e-02, 1.859397e-02, -1.737274e-02, 8.015452e-03, 3.357517e-03, -1.222002e-02, 0.000000e+00, 0.000000e+00, 0.000000e+00, 0.000000e+00, 2.578607e-04, -2.125632e-04, 9.949067e-05, 2.995402e-05;
  3.204133e-02, -3.380102e-02, 2.736862e-02, -7.378419e-03, -1.075859e-02, 2.024151e-02, 0.000000e+00, 0.000000e+00, 0.000000e+00, 0.000000e+00, -3.793397e-04, 3.176786e-04, -1.598128e-04, -2.949071e-05;
  0.000000e+00, 0.000000e+00, 0.000000e+00, 0.000000e+00, 0.000000e+00, 0.000000e+00, 6.590749e-04, -6.521976e-04, 6.279062e-04, -4.542368e-04, 0.000000e+00, 0.000000e+00, 0.000000e+00, 0.000000e+00;
  0.000000e+00, 0.000000e+00, 0.000000e+00, 0.000000e+00, 0.000000e+00, 0.000000e+00, -5.875007e-04, 5.722661e-04, -5.352206e-04, 3.893194e-04, 0.000000e+00, 0.000000e+00, 0.000000e+00, 0.000000e+00;
  0.000000e+00, 0.000000e+00, 0.000000e+00, 0.000000e+00, 0.000000e+00, 0.000000e+00, 3.785857e-04, -3.544792e-04, 3.055911e-04, -2.271103e-04, 0.000000e+00, 0.000000e+00, 0.000000e+00, 0.000000e+00;
  0.000000e+00, 0.000000e+00, 0.000000e+00, 0.000000e+00, 0.000000e+00, 0.000000e+00, -7.236176e-05, 6.123070e-05, -3.734347e-05, 3.474003e-05, 0.000000e+00, 0.000000e+00, 0.000000e+00, 0.000000e+00;
];
K(:,:,1,11) = [
  0.000000e+00, -6.312809e-05, 1.745537e-04, -2.330985e-04, 2.250619e-04, -1.562723e-04, 0.000000e+00, 0.000000e+00, 0.000000e+00, 0.000000e+00, 0.000000e+00, 0.000000e+00, 0.000000e+00, 0.000000e+00;
  -1.355253e-20, 1.770966e-04, -5.350542e-04, 7.758284e-04, -7.716201e-04, 5.409283e-04, 0.000000e+00, 0.000000e+00, 0.000000e+00, 0.000000e+00, 0.000000e+00, 0.000000e+00, 0.000000e+00, 0.000000e+00;
  -2.710505e-20, -4.386347e-04, 1.451775e-03, -2.325034e-03, 2.472510e-03, -1.812027e-03, 0.000000e+00, 0.000000e+00, 0.000000e+00, 0.000000e+00, 0.000000e+00, 0.000000e+00, 0.000000e+00, 0.000000e+00;
  -2.371692e-20, 6.507915e-04, -2.336350e-03, 4.170826e-03, -4.943059e-03, 4.023369e-03, 0.000000e+00, 0.000000e+00, 0.000000e+00, 0.000000e+00, 0.000000e+00, 0.000000e+00, 0.000000e+00, 0.000000e+00;
  -2.710505e-20, -6.633625e-04, 2.520354e-03, -4.995914e-03, 6.829883e-03, -6.597660e-03, 0.000000e+00, 0.000000e+00, 0.000000e+00, 0.000000e+00, 0.000000e+00, 0.000000e+00, 0.000000e+00, 0.000000e+00;
  0.000000e+00, 4.662766e-04, -1.850171e-03, 4.073743e-03, -6.616457e-03, 7.977086e-03, 0.000000e+00, 0.000000e+00, 0.000000e+00, 0.000000e+00, 0.000000e+00, 0.000000e+00, 0.000000e+00, 0.000000e+00;
  0.000000e+00, 0.000000e+00, 0.000000e+00, 0.000000e+00, 0.000000e+00, 0.000000e+00, -4.692866e-05, 1.619943e-05, 2.255538e-05, -2.011023e-05, 0.000000e+00, 0.000000e+00, 0.000000e+00, 0.000000e+00;
  0.000000e+00, 0.000000e+00, 0.000000e+00, 0.000000e+00, 0.000000e+00, 0.000000e+00, 1.424556e-04, -6.895878e-05, -5.097697e-05, 8.177982e-05, 0.000000e+00, 0.000000e+00, 0.000000e+00, 0.000000e+00;
  0.000000e+00, 0.000000e+00, 0.000000e+00, 0.000000e+00, 0.000000e+00, 0.000000e+00, -3.875615e-04, 2.479033e-04, 5.601907e-05, -2.578607e-04, 0.000000e+00, 0.000000e+00, 0.000000e+00, 0.000000e+00;
  0.000000e+00, 0.000000e+00, 0.000000e+00, 0.000000e+00, 0.000000e+00, 0.000000e+00, 6.368656e-04, -5.082880e-04, 1.127225e-04, 3.793397e-04, 0.000000e+00, 0.000000e+00, 0.000000e+00, 0.000000e+00;
  0.000000e+00, 0.000000e+00, 0.000000e+00, 0.000000e+00, 0.000000e+00, 0.000000e+00, 0.000000e+00, 0.000000e+00, 0.000000e+00, 0.000000e+00, 3.519650e-05, -2.793160e-05, 1.146953e-05, 4.502783e-06;
  0.000000e+00, 0.000000e+00, 0.000000e+00, 0.000000e+00, 0.000000e+00, 0.000000e+00, 0.000000e+00, 0.000000e+00, 0.000000e+00, 0.000000e+00, -2.793160e-05, 2.333301e-05, -1.171441e-05, -1.774085e-06;
  0.000000e+00, 0.000000e+00, 0.000000e+00, 0.000000e+00, 0.000000e+00, 0.000000e+00, 0.000000e+00, 0.000000e+00, 0.000000e+00, 0.000000e+00, 1.146953e-05, -1.171441e-05, 1.008940e-05, -3.958263e-06;
  0.000000e+00, 0.000000e+00, 0.000000e+00, 0.000000e+00, 0.000000e+00, 0.000000e+00, 0.000000e+00, 0.000000e+00, 0.000000e+00, 0.000000e+00, 4.502783e-06, -1.774085e-06, -3.958263e-06, 7.570362e-06;
];
K(:,:,1,12) = [
  0.000000e+00, 5.126461e-05, -1.474452e-04, 2.072222e-04, -2.085598e-04, 1.515865e-04, 0.000000e+00, 0.000000e+00, 0.000000e+00, 0.000000e+00, 0.000000e+00, 0.000000e+00, 0.000000e+00, 0.000000e+00;
  -1.355253e-20, -1.470187e-04, 4.550686e-04, -6.838139e-04, 7.079608e-04, -5.232959e-04, 0.000000e+00, 0.000000e+00, 0.000000e+00, 0.000000e+00, 0.000000e+00, 0.000000e+00, 0.000000e+00, 0.000000e+00;
  1.355253e-20, 3.746490e-04, -1.250379e-03, 2.040251e-03, -2.240070e-03, 1.730552e-03, 0.000000e+00, 0.000000e+00, 0.000000e+00, 0.000000e+00, 0.000000e+00, 0.000000e+00, 0.000000e+00, 0.000000e+00;
  2.202286e-20, -5.751931e-04, 2.054368e-03, -3.674930e-03, 4.429866e-03, -3.746392e-03, 0.000000e+00, 0.000000e+00, 0.000000e+00, 0.000000e+00, 0.000000e+00, 0.000000e+00, 0.000000e+00, 0.000000e+00;
  6.776264e-21, 6.088752e-04, -2.287401e-03, 4.481459e-03, -6.103690e-03, 5.950177e-03, 0.000000e+00, 0.000000e+00, 0.000000e+00, 0.000000e+00, 0.000000e+00, 0.000000e+00, 0.000000e+00, 0.000000e+00;
  0.000000e+00, -4.509139e-04, 1.768725e-03, -3.798095e-03, 5.970695e-03, -6.979617e-03, 0.000000e+00, 0.000000e+00, 0.000000e+00, 0.000000e+00, 0.000000e+00, 0.000000e+00, 0.000000e+00, 0.000000e+00;
  0.000000e+00, 0.000000e+00, 0.000000e+00, 0.000000e+00, 0.000000e+00, 0.000000e+00, 3.724213e-05, -1.402248e-05, -1.674331e-05, 1.708296e-05, 0.000000e+00, 0.000000e+00, 0.000000e+00, 0.000000e+00;
  0.000000e+00, 0.000000e+00, 0.000000e+00, 0.000000e+00, 0.000000e+00, 0.000000e+00, -1.165517e-04, 5.879319e-05, 3.807734e-05, -6.776101e-05, 0.000000e+00, 0.000000e+00, 0.000000e+00, 0.000000e+00;
  0.000000e+00, 0.000000e+00, 0.000000e+00, 0.000000e+00, 0.000000e+00, 0.000000e+00, 3.285048e-04, -2.119688e-04, -4.079990e-05, 2.125632e-04, 0.000000e+00, 0.000000e+00, 0.000000e+00, 0.000000e+00;
  0.000000e+00, 0.000000e+00, 0.000000e+00, 0.000000e+00, 0.000000e+00, 0.000000e+00, -5.604312e-04, 4.419258e-04, -9.618352e-05, -3.176786e-04, 0.000000e+00, 0.000000e+00, 0.000000e+00, 0.000000e+00;
  0.000000e+00, 0.000000e+00, 0.000000e+00, 0.000000e+00, 0.000000e+00, 0.000000e+00, 0.000000e+00, 0.000000e+00, 0.000000e+00, 0.000000e+00, -2.793160e-05, 2.333301e-05, -1.171441e-05, -1.774085e-06;
  0.000000e+00, 0.000000e+00, 0.000000e+00, 0.000000e+00, 0.000000e+00, 0.000000e+00, 0.000000e+00, 0.000000e+00, 0.000000e+00, 0.000000e+00, 2.333301e-05, -1.982300e-05, 1.077946e-05, 2.722600e-07;
  0.000000e+00, 0.000000e+00, 0.000000e+00, 0.000000e+00, 0.000000e+00, 0.000000e+00, 0.000000e+00, 0.000000e+00, 0.000000e+00, 0.000000e+00, -1.171441e-05, 1.077946e-05, -7.836335e-06, 2.898138e-06;
  0.000000e+00, 0.000000e+00, 0.000000e+00, 0.000000e+00, 0.000000e+00, 0.000000e+00, 0.000000e+00, 0.000000e+00, 0.000000e+00, 0.000000e+00, -1.774085e-06, 2.722600e-07, 2.898138e-06, -5.077482e-06;
];
K(:,:,1,13) = [
  0.000000e+00, -2.318394e-05, 7.779473e-05, -1.318887e-04, 1.562797e-04, -1.360683e-04, 0.000000e+00, 0.000000e+00, 0.000000e+00, 0.000000e+00, 0.000000e+00, 0.000000e+00, 0.000000e+00, 0.000000e+00;
  6.776264e-21, 7.273946e-05, -2.483238e-04, 4.280004e-04, -5.156441e-04, 4.595036e-04, 0.000000e+00, 0.000000e+00, 0.000000e+00, 0.000000e+00, 0.000000e+00, 0.000000e+00, 0.000000e+00, 0.000000e+00;
  -6.776264e-21, -2.073400e-04, 7.210698e-04, -1.272970e-03, 1.575503e-03, -1.447993e-03, 0.000000e+00, 0.000000e+00, 0.000000e+00, 0.000000e+00, 0.000000e+00, 0.000000e+00, 0.000000e+00, 0.000000e+00;
  -2.032879e-20, 3.629924e-04, -1.288772e-03, 2.349797e-03, -3.022753e-03, 2.888416e-03, 0.000000e+00, 0.000000e+00, 0.000000e+00, 0.000000e+00, 0.000000e+00, 0.000000e+00, 0.000000e+00, 0.000000e+00;
  3.388132e-21, -4.443107e-04, 1.616969e-03, -3.065678e-03, 4.130821e-03, -4.121243e-03, 0.000000e+00, 0.000000e+00, 0.000000e+00, 0.000000e+00, 0.000000e+00, 0.000000e+00, 0.000000e+00, 0.000000e+00;
  1.355253e-20, 3.965381e-04, -1.487428e-03, 2.940029e-03, -4.141896e-03, 4.301662e-03, 0.000000e+00, 0.000000e+00, 0.000000e+00, 0.000000e+00, 0.000000e+00, 0.000000e+00, 0.000000e+00, 0.000000e+00;
  0.000000e+00, 0.000000e+00, 0.000000e+00, 0.000000e+00, 0.000000e+00, 0.000000e+00, -1.529271e-05, 7.891229e-06, 4.358549e-06, -8.540192e-06, 0.000000e+00, 0.000000e+00, 0.000000e+00, 0.000000e+00;
  0.000000e+00, 0.000000e+00, 0.000000e+00, 0.000000e+00, 0.000000e+00, 0.000000e+00, 5.425911e-05, -3.218370e-05, -9.690544e-06, 3.182176e-05, 0.000000e+00, 0.000000e+00, 0.000000e+00, 0.000000e+00;
  0.000000e+00, 0.000000e+00, 0.000000e+00, 0.000000e+00, 0.000000e+00, 0.000000e+00, -1.755924e-04, 1.188967e-04, 4.932589e-06, -9.949067e-05, 0.000000e+00, 0.000000e+00, 0.000000e+00, 0.000000e+00;
  0.000000e+00, 0.000000e+00, 0.000000e+00, 0.000000e+00, 0.000000e+00, 0.000000e+00, 3.456722e-04, -2.655303e-04, 6.081596e-05, 1.598128e-04, 0.000000e+00, 0.000000e+00, 0.000000e+00, 0.000000e+00;
  0.000000e+00, 0.000000e+00, 0.000000e+00, 0.000000e+00, 0.000000e+00, 0.000000e+00, 0.000000e+00, 0.000000e+00, 0.000000e+00, 0.000000e+00, 1.146953e-05, -1.171441e-05, 1.008940e-05, -3.958263e-06;
  0.000000e+00, 0.000000e+00, 0.000000e+00, 0.000000e+00, 0.000000e+00, 0.000000e+00, 0.000000e+00, 0.000000e+00, 0.000000e+00, 0.000000e+00, -1.171441e-05, 1.077946e-05, -7.836335e-06, 2.898138e-06;
  0.000000e+00, 0.000000e+00, 0.000000e+00, 0.000000e+00, 0.000000e+00, 0.000000e+00, 0.000000e+00, 0.000000e+00, 0.000000e+00, 0.000000e+00, 1.008940e-05, -7.836335e-06, 3.588206e-06, -8.469583e-07;
  0.000000e+00, 0.000000e+00, 0.000000e+00, 0.000000e+00, 0.000000e+00, 0.000000e+00, 0.000000e+00, 0.000000e+00, 0.000000e+00, 0.000000e+00, -3.958263e-06, 2.898138e-06, -8.469583e-07, -1.393255e-07;
];
K(:,:,1,14) = [
  0.000000e+00, -6.276868e-06, 5.965856e-06, 2.243039e-05, -6.703052e-05, 1.010883e-04, 0.000000e+00, 0.000000e+00, 0.000000e+00, 0.000000e+00, 0.000000e+00, 0.000000e+00, 0.000000e+00, 0.000000e+00;
  0.000000e+00, 1.120188e-05, -4.757484e-06, -7.452760e-05, 2.084132e-04, -3.181993e-04, 0.000000e+00, 0.000000e+00, 0.000000e+00, 0.000000e+00, 0.000000e+00, 0.000000e+00, 0.000000e+00, 0.000000e+00;
  0.000000e+00, -8.725424e-07, -5.010267e-05, 2.496604e-04, -5.902073e-04, 8.883287e-04, 0.000000e+00, 0.000000e+00, 0.000000e+00, 0.000000e+00, 0.000000e+00, 0.000000e+00, 0.000000e+00, 0.000000e+00;
  6.776264e-21, -6.598526e-05, 2.573080e-04, -5.884313e-04, 1.053223e-03, -1.439719e-03, 0.000000e+00, 0.000000e+00, 0.000000e+00, 0.000000e+00, 0.000000e+00, 0.000000e+00, 0.000000e+00, 0.000000e+00;
  -3.388132e-21, 1.807192e-04, -6.131829e-04, 1.074485e-03, -1.397840e-03, 1.441422e-03, 0.000000e+00, 0.000000e+00, 0.000000e+00, 0.000000e+00, 0.000000e+00, 0.000000e+00, 0.000000e+00, 0.000000e+00;
  -6.776264e-21, -2.771041e-04, 9.274618e-04, -1.481065e-03, 1.453852e-03, -7.466778e-04, 0.000000e+00, 0.000000e+00, 0.000000e+00, 0.000000e+00, 0.000000e+00, 0.000000e+00, 0.000000e+00, 0.000000e+00;
  0.000000e+00, 0.000000e+00, 0.000000e+00, 0.000000e+00, 0.000000e+00, 0.000000e+00, -6.003711e-06, 2.731572e-07, 5.786621e-06, -2.535300e-06, 0.000000e+00, 0.000000e+00, 0.000000e+00, 0.000000e+00;
  0.000000e+00, 0.000000e+00, 0.000000e+00, 0.000000e+00, 0.000000e+00, 0.000000e+00, 1.282689e-05, -8.719498e-07, -1.496646e-05, 1.041015e-05, 0.000000e+00, 0.000000e+00, 0.000000e+00, 0.000000e+00;
  0.000000e+00, 0.000000e+00, 0.000000e+00, 0.000000e+00, 0.000000e+00, 0.000000e+00, -1.058414e-05, -3.571786e-06, 2.938730e-05, -2.995402e-05, 0.000000e+00, 0.000000e+00, 0.000000e+00, 0.000000e+00;
  0.000000e+00, 0.000000e+00, 0.000000e+00, 0.000000e+00, 0.000000e+00, 0.000000e+00, -4.715091e-05, 3.644538e-05, -2.746481e-05, 2.949071e-05, 0.000000e+00, 0.000000e+00, 0.000000e+00, 0.000000e+00;
  0.000000e+00, 0.000000e+00, 0.000000e+00, 0.000000e+00, 0.000000e+00, 0.000000e+00, 0.000000e+00, 0.000000e+00, 0.000000e+00, 0.000000e+00, 4.502783e-06, -1.774085e-06, -3.958263e-06, 7.570362e-06;
  0.000000e+00, 0.000000e+00, 0.000000e+00, 0.000000e+00, 0.000000e+00, 0.000000e+00, 0.000000e+00, 0.000000e+00, 0.000000e+00, 0.000000e+00, -1.774085e-06, 2.722600e-07, 2.898138e-06, -5.077482e-06;
  0.000000e+00, 0.000000e+00, 0.000000e+00, 0.000000e+00, 0.000000e+00, 0.000000e+00, 0.000000e+00, 0.000000e+00, 0.000000e+00, 0.000000e+00, -3.958263e-06, 2.898138e-06, -8.469583e-07, -1.393255e-07;
  0.000000e+00, 0.000000e+00, 0.000000e+00, 0.000000e+00, 0.000000e+00, 0.000000e+00, 0.000000e+00, 0.000000e+00, 0.000000e+00, 0.000000e+00, 7.570362e-06, -5.077482e-06, -1.393255e-07, 4.044930e-06;
];
K(:,:,2,1) = [
