function K = gyr_massModel(p)
% Auto-generated constant matrix
K = zeros(14,14,14,14);
K(:,:,1,1) = [
  1.391596e-02, -1.339980e-02, 7.861662e-03, 2.038500e-03, -7.743007e-03, 7.836044e-03, 0.000000e+00, 0.000000e+00, 0.000000e+00, 0.000000e+00, 1.225979e-04, -8.653422e-05, 1.382707e-05, 3.634002e-05;
  -1.339980e-02, 1.196139e-02, -5.723415e-03, -2.436222e-03, 6.032850e-03, -6.022184e-03, 0.000000e+00, 0.000000e+00, 0.000000e+00, 0.000000e+00, -3.479494e-04, 2.616459e-04, -7.375232e-05, -8.300919e-05;
  7.861662e-03, -5.723415e-03, -1.241483e-03, 7.085865e-03, -4.487388e-03, -1.109158e-03, 0.000000e+00, 0.000000e+00, 0.000000e+00, 0.000000e+00, 8.603364e-04, -7.009928e-04, 3.098930e-04, 1.085700e-04;
  2.038500e-03, -2.436222e-03, 7.085865e-03, -1.533815e-02, 1.358263e-02, 2.869134e-03, 0.000000e+00, 0.000000e+00, 0.000000e+00, 0.000000e+00, -1.245836e-03, 1.116053e-03, -7.159743e-04, 1.059830e-04;
  -7.743007e-03, 6.032850e-03, -4.487388e-03, 1.358263e-02, -2.788353e-02, 1.913160e-02, 0.000000e+00, 0.000000e+00, 0.000000e+00, 0.000000e+00, 1.220953e-03, -1.201964e-03, 1.035492e-03, -5.392616e-04;
  7.836044e-03, -6.022184e-03, -1.109158e-03, 2.869134e-03, 1.913160e-02, -4.443021e-02, 0.000000e+00, 0.000000e+00, 0.000000e+00, 0.000000e+00, -8.766834e-04, 9.222801e-04, -9.776956e-04, 8.183709e-04;
  0.000000e+00, 0.000000e+00, 0.000000e+00, 0.000000e+00, 0.000000e+00, 0.000000e+00, -6.903824e-03, 6.619227e-03, -3.802668e-03, -1.166493e-03, 0.000000e+00, 0.000000e+00, 0.000000e+00, 0.000000e+00;
  0.000000e+00, 0.000000e+00, 0.000000e+00, 0.000000e+00, 0.000000e+00, 0.000000e+00, 6.619227e-03, -8.540187e-03, 8.976221e-03, -2.779672e-03, 0.000000e+00, 0.000000e+00, 0.000000e+00, 0.000000e+00;
  0.000000e+00, 0.000000e+00, 0.000000e+00, 0.000000e+00, 0.000000e+00, 0.000000e+00, -3.802668e-03, 8.976221e-03, -1.803748e-02, 1.669110e-02, 0.000000e+00, 0.000000e+00, 0.000000e+00, 0.000000e+00;
  0.000000e+00, 0.000000e+00, 0.000000e+00, 0.000000e+00, 0.000000e+00, 0.000000e+00, -1.166493e-03, -2.779672e-03, 1.669110e-02, -3.169164e-02, 0.000000e+00, 0.000000e+00, 0.000000e+00, 0.000000e+00;
  6.129895e-05, -3.308238e-04, 8.944083e-04, -1.268624e-03, 1.220692e-03, -8.731927e-04, 0.000000e+00, 0.000000e+00, 0.000000e+00, 0.000000e+00, 3.373265e-04, -2.225780e-04, 7.935373e-06, 1.121010e-04;
  -4.326711e-05, 2.468830e-04, -7.225809e-04, 1.135038e-03, -1.205393e-03, 9.204093e-04, 0.000000e+00, 0.000000e+00, 0.000000e+00, 0.000000e+00, -2.225780e-04, 1.726310e-04, -5.523848e-05, -5.381415e-05;
  6.913537e-06, -6.606929e-05, 3.075004e-04, -7.237161e-04, 1.044293e-03, -9.803542e-04, 0.000000e+00, 0.000000e+00, 0.000000e+00, 0.000000e+00, 7.935373e-06, -5.523848e-05, 1.108814e-04, -6.725665e-05;
  1.817001e-05, -8.128767e-05, 1.241639e-04, 9.972220e-05, -5.460634e-04, 8.252494e-04, 0.000000e+00, 0.000000e+00, 0.000000e+00, 0.000000e+00, 1.121010e-04, -5.381415e-05, -6.725665e-05, 1.309780e-04;
];
K(:,:,1,2) = [
  -1.339980e-02, 1.733936e-02, -1.840728e-02, 6.131769e-03, 9.125687e-03, -1.520743e-02, 0.000000e+00, 0.000000e+00, 0.000000e+00, 0.000000e+00, -1.126757e-04, 8.755582e-05, -2.996262e-05, -2.333459e-05;
  1.554670e-02, -1.824852e-02, 1.760038e-02, -6.077921e-03, -7.540330e-03, 1.424414e-02, 0.000000e+00, 0.000000e+00, 0.000000e+00, 0.000000e+00, 3.583135e-04, -2.855940e-04, 1.147520e-04, 5.483833e-05;
  -1.417932e-02, 1.436191e-02, -9.893126e-03, 6.230127e-04, 4.762607e-03, -6.039426e-03, 0.000000e+00, 0.000000e+00, 0.000000e+00, 0.000000e+00, -1.007082e-03, 8.348344e-04, -4.090733e-04, -6.568555e-05;
  3.275772e-03, -2.548612e-03, -2.616023e-03, 1.071440e-02, -1.009105e-02, -1.867601e-03, 0.000000e+00, 0.000000e+00, 0.000000e+00, 0.000000e+00, 1.669000e-03, -1.462385e-03, 8.963504e-04, -1.329367e-04;
  8.094741e-03, -8.025063e-03, 8.003121e-03, -1.340438e-02, 2.171696e-02, -1.245538e-02, 0.000000e+00, 0.000000e+00, 0.000000e+00, 0.000000e+00, -1.846831e-03, 1.732752e-03, -1.330854e-03, 5.753840e-04;
  -1.214568e-02, 1.228195e-02, -7.182285e-03, 1.855148e-03, -1.537347e-02, 3.412377e-02, 0.000000e+00, 0.000000e+00, 0.000000e+00, 0.000000e+00, 1.440337e-03, -1.448627e-03, 1.362031e-03, -9.454233e-04;
  0.000000e+00, 0.000000e+00, 0.000000e+00, 0.000000e+00, 0.000000e+00, 0.000000e+00, 6.619227e-03, -6.747533e-03, 4.748268e-03, 7.632471e-05, 0.000000e+00, 0.000000e+00, 0.000000e+00, 0.000000e+00;
  0.000000e+00, 0.000000e+00, 0.000000e+00, 0.000000e+00, 0.000000e+00, 0.000000e+00, -6.747533e-03, 8.908502e-03, -1.001844e-02, 4.266074e-03, 0.000000e+00, 0.000000e+00, 0.000000e+00, 0.000000e+00;
  0.000000e+00, 0.000000e+00, 0.000000e+00, 0.000000e+00, 0.000000e+00, 0.000000e+00, 4.748268e-03, -1.001844e-02, 1.936434e-02, -1.857119e-02, 0.000000e+00, 0.000000e+00, 0.000000e+00, 0.000000e+00;
  0.000000e+00, 0.000000e+00, 0.000000e+00, 0.000000e+00, 0.000000e+00, 0.000000e+00, 7.632471e-05, 4.266074e-03, -1.857119e-02, 3.357232e-02, 0.000000e+00, 0.000000e+00, 0.000000e+00, 0.000000e+00;
  -1.712560e-05, 3.276063e-04, -1.056500e-03, 1.708871e-03, -1.851844e-03, 1.435785e-03, 0.000000e+00, 0.000000e+00, 0.000000e+00, 0.000000e+00, -5.025302e-04, 3.702354e-04, -8.682541e-05, -1.367717e-04;
  1.476290e-05, -2.596061e-04, 8.693879e-04, -1.494774e-03, 1.740873e-03, -1.447068e-03, 0.000000e+00, 0.000000e+00, 0.000000e+00, 0.000000e+00, 3.702354e-04, -2.946778e-04, 1.167318e-04, 6.054034e-05;
  -7.683029e-06, 1.011295e-04, -4.123726e-04, 9.097640e-04, -1.342928e-03, 1.367116e-03, 0.000000e+00, 0.000000e+00, 0.000000e+00, 0.000000e+00, -8.682541e-05, 1.167318e-04, -1.473121e-04, 9.150125e-05;
  -1.721525e-06, 5.340334e-05, -8.513809e-05, -1.251841e-04, 5.838167e-04, -9.549636e-04, 0.000000e+00, 0.000000e+00, 0.000000e+00, 0.000000e+00, -1.367717e-04, 6.054034e-05, 9.150125e-05, -1.718666e-04;
];
K(:,:,1,3) = [
  7.861662e-03, -1.840728e-02, 3.698525e-02, -3.467913e-02, 3.983859e-03, 2.687795e-02, 0.000000e+00, 0.000000e+00, 0.000000e+00, 0.000000e+00, 1.275883e-04, -1.149887e-04, 7.208454e-05, -3.882059e-06;
  -1.417932e-02, 2.407731e-02, -4.034434e-02, 3.626654e-02, -5.783566e-03, -2.668177e-02, 0.000000e+00, 0.000000e+00, 0.000000e+00, 0.000000e+00, -4.327352e-04, 3.814837e-04, -2.322849e-04, 2.066479e-05;
  2.424301e-02, -3.019394e-02, 3.625470e-02, -2.772931e-02, 6.649609e-03, 1.704745e-02, 0.000000e+00, 0.000000e+00, 0.000000e+00, 0.000000e+00, 1.353255e-03, -1.174891e-03, 7.042383e-04, -9.691113e-05;
  -2.075746e-02, 2.114633e-02, -1.561503e-02, 4.736361e-03, -6.198913e-04, 6.702828e-04, 0.000000e+00, 0.000000e+00, 0.000000e+00, 0.000000e+00, -2.590019e-03, 2.252933e-03, -1.387163e-03, 2.981346e-04;
  1.160110e-03, 9.723397e-04, -6.986323e-03, 1.186583e-02, -7.690504e-03, -5.931565e-03, 0.000000e+00, 0.000000e+00, 0.000000e+00, 0.000000e+00, 3.363500e-03, -3.005505e-03, 2.028188e-03, -6.761567e-04;
  1.754891e-02, -2.094384e-02, 2.254152e-02, -1.528827e-02, 7.100925e-03, 2.917196e-05, 0.000000e+00, 0.000000e+00, 0.000000e+00, 0.000000e+00, -3.031788e-03, 2.853908e-03, -2.239702e-03, 1.107690e-03;
  0.000000e+00, 0.000000e+00, 0.000000e+00, 0.000000e+00, 0.000000e+00, 0.000000e+00, -3.802668e-03, 4.748268e-03, -5.295239e-03, 2.769440e-03, 0.000000e+00, 0.000000e+00, 0.000000e+00, 0.000000e+00;
  0.000000e+00, 0.000000e+00, 0.000000e+00, 0.000000e+00, 0.000000e+00, 0.000000e+00, 4.748268e-03, -6.779973e-03, 9.213932e-03, -6.690011e-03, 0.000000e+00, 0.000000e+00, 0.000000e+00, 0.000000e+00;
  0.000000e+00, 0.000000e+00, 0.000000e+00, 0.000000e+00, 0.000000e+00, 0.000000e+00, -5.295239e-03, 9.213932e-03, -1.646571e-02, 1.739527e-02, 0.000000e+00, 0.000000e+00, 0.000000e+00, 0.000000e+00;
  0.000000e+00, 0.000000e+00, 0.000000e+00, 0.000000e+00, 0.000000e+00, 0.000000e+00, 2.769440e-03, -6.690011e-03, 1.739527e-02, -2.750742e-02, 0.000000e+00, 0.000000e+00, 0.000000e+00, 0.000000e+00;
  -3.407194e-05, -3.707177e-04, 1.425718e-03, -2.666260e-03, 3.387701e-03, -3.029873e-03, 0.000000e+00, 0.000000e+00, 0.000000e+00, 0.000000e+00, 7.983532e-04, -6.783169e-04, 3.401752e-04, 8.521600e-05;
  2.158804e-05, 3.288708e-04, -1.234152e-03, 2.315171e-03, -3.027706e-03, 2.856213e-03, 0.000000e+00, 0.000000e+00, 0.000000e+00, 0.000000e+00, -6.783169e-04, 5.692642e-04, -2.965504e-04, -2.149461e-05;
  2.392564e-06, -2.028836e-04, 7.287636e-04, -1.416512e-03, 2.044867e-03, -2.249354e-03, 0.000000e+00, 0.000000e+00, 0.000000e+00, 0.000000e+00, 3.401752e-04, -2.965504e-04, 2.075944e-04, -1.068996e-04;
  -1.559390e-05, 1.863423e-05, -8.140289e-05, 2.924531e-04, -6.842644e-04, 1.119437e-03, 0.000000e+00, 0.000000e+00, 0.000000e+00, 0.000000e+00, 8.521600e-05, -2.149461e-05, -1.068996e-04, 1.873094e-04;
];
K(:,:,1,4) = [
  2.038500e-03, 6.131769e-03, -3.467913e-02, 6.548867e-02, -5.263571e-02, -6.454086e-03, 0.000000e+00, 0.000000e+00, 0.000000e+00, 0.000000e+00, -1.742772e-04, 1.650005e-04, -1.257490e-04, 4.393417e-05;
  3.275772e-03, -1.313654e-02, 4.274461e-02, -7.094376e-02, 5.595323e-02, 4.424645e-03, 0.000000e+00, 0.000000e+00, 0.000000e+00, 0.000000e+00, 5.640052e-04, -5.263621e-04, 3.911314e-04, -1.395600e-04;
  -2.075746e-02, 3.086344e-02, -5.195787e-02, 6.307216e-02, -4.545788e-02, -3.852502e-04, 0.000000e+00, 0.000000e+00, 0.000000e+00, 0.000000e+00, -1.725335e-03, 1.573551e-03, -1.115924e-03, 3.920857e-04;
  3.854640e-02, -4.372437e-02, 4.362690e-02, -2.851385e-02, 1.410726e-02, -2.924679e-03, 0.000000e+00, 0.000000e+00, 0.000000e+00, 0.000000e+00, 3.407765e-03, -3.030268e-03, 2.023472e-03, -6.638885e-04;
  -3.056293e-02, 3.062514e-02, -1.802616e-02, -5.107711e-03, 7.985995e-03, 9.997564e-03, 0.000000e+00, 0.000000e+00, 0.000000e+00, 0.000000e+00, -4.868937e-03, 4.277436e-03, -2.757282e-03, 8.399776e-04;
  -3.346346e-03, 6.049979e-03, -1.599196e-02, 2.593279e-02, -1.399207e-02, -2.164820e-02, 0.000000e+00, 0.000000e+00, 0.000000e+00, 0.000000e+00, 5.050647e-03, -4.506311e-03, 3.020968e-03, -9.911114e-04;
  0.000000e+00, 0.000000e+00, 0.000000e+00, 0.000000e+00, 0.000000e+00, 0.000000e+00, -1.166493e-03, 7.632471e-05, 2.769440e-03, -4.749364e-03, 0.000000e+00, 0.000000e+00, 0.000000e+00, 0.000000e+00;
  0.000000e+00, 0.000000e+00, 0.000000e+00, 0.000000e+00, 0.000000e+00, 0.000000e+00, 7.632471e-05, 7.367649e-04, -3.450975e-03, 6.352937e-03, 0.000000e+00, 0.000000e+00, 0.000000e+00, 0.000000e+00;
  0.000000e+00, 0.000000e+00, 0.000000e+00, 0.000000e+00, 0.000000e+00, 0.000000e+00, 2.769440e-03, -3.450975e-03, 5.280984e-03, -8.062152e-03, 0.000000e+00, 0.000000e+00, 0.000000e+00, 0.000000e+00;
  0.000000e+00, 0.000000e+00, 0.000000e+00, 0.000000e+00, 0.000000e+00, 0.000000e+00, -4.749364e-03, 6.352937e-03, -8.062152e-03, 7.824435e-03, 0.000000e+00, 0.000000e+00, 0.000000e+00, 0.000000e+00;
  2.278814e-05, 4.752828e-04, -1.795044e-03, 3.506474e-03, -4.922243e-03, 5.064971e-03, 0.000000e+00, 0.000000e+00, 0.000000e+00, 0.000000e+00, -9.172773e-04, 8.829399e-04, -6.784045e-04, 1.996211e-04;
  -1.898444e-05, -4.483998e-04, 1.643017e-03, -3.115921e-03, 4.319124e-03, -4.519937e-03, 0.000000e+00, 0.000000e+00, 0.000000e+00, 0.000000e+00, 8.829399e-04, -7.978409e-04, 5.412805e-04, -1.450540e-04;
  7.741800e-06, 3.413823e-04, -1.172245e-03, 2.075923e-03, -2.775546e-03, 3.031363e-03, 0.000000e+00, 0.000000e+00, 0.000000e+00, 0.000000e+00, -6.784045e-04, 5.412805e-04, -2.644904e-04, 5.346765e-05;
  6.260849e-06, -1.267255e-04, 4.081557e-04, -6.746080e-04, 8.411436e-04, -9.957631e-04, 0.000000e+00, 0.000000e+00, 0.000000e+00, 0.000000e+00, 1.996211e-04, -1.450540e-04, 5.346765e-05, -3.144752e-05;
];
K(:,:,1,5) = [
  -7.743007e-03, 9.125687e-03, 3.983859e-03, -5.263571e-02, 9.928126e-02, -7.097639e-02, 0.000000e+00, 0.000000e+00, 0.000000e+00, 0.000000e+00, 1.800486e-04, -1.789038e-04, 1.616177e-04, -9.893349e-05;
  8.094741e-03, -6.570864e-03, -1.226459e-02, 6.257990e-02, -1.060509e-01, 7.593006e-02, 0.000000e+00, 0.000000e+00, 0.000000e+00, 0.000000e+00, -6.065594e-04, 5.893705e-04, -5.038968e-04, 2.859705e-04;
  1.160110e-03, -8.749204e-03, 3.392147e-02, -7.042934e-02, 8.961074e-02, -6.052639e-02, 0.000000e+00, 0.000000e+00, 0.000000e+00, 0.000000e+00, 1.889568e-03, -1.788007e-03, 1.427540e-03, -7.272316e-04;
  -3.056293e-02, 4.056514e-02, -5.548334e-02, 5.253721e-02, -3.196085e-02, 1.109211e-02, 0.000000e+00, 0.000000e+00, 0.000000e+00, 0.000000e+00, -3.757208e-03, 3.439578e-03, -2.509234e-03, 1.073927e-03;
  5.689299e-02, -6.346162e-02, 5.717699e-02, -1.864524e-02, -1.921138e-02, 2.370861e-02, 0.000000e+00, 0.000000e+00, 0.000000e+00, 0.000000e+00, 5.541690e-03, -4.895706e-03, 3.202712e-03, -1.007302e-03;
  -4.094039e-02, 4.355015e-02, -2.929563e-02, -1.326237e-02, 4.102022e-02, -2.038202e-02, 0.000000e+00, 0.000000e+00, 0.000000e+00, 0.000000e+00, -6.304476e-03, 5.442805e-03, -3.257631e-03, 6.156425e-04;
  0.000000e+00, 0.000000e+00, 0.000000e+00, 0.000000e+00, 0.000000e+00, 0.000000e+00, 4.000151e-03, -3.798702e-03, 1.502666e-03, 3.007347e-03, 0.000000e+00, 0.000000e+00, 0.000000e+00, 0.000000e+00;
  0.000000e+00, 0.000000e+00, 0.000000e+00, 0.000000e+00, 0.000000e+00, 0.000000e+00, -3.798702e-03, 4.545029e-03, -3.520264e-03, -2.040625e-03, 0.000000e+00, 0.000000e+00, 0.000000e+00, 0.000000e+00;
  0.000000e+00, 0.000000e+00, 0.000000e+00, 0.000000e+00, 0.000000e+00, 0.000000e+00, 1.502666e-03, -3.520264e-03, 6.380930e-03, -3.344845e-03, 0.000000e+00, 0.000000e+00, 0.000000e+00, 0.000000e+00;
  0.000000e+00, 0.000000e+00, 0.000000e+00, 0.000000e+00, 0.000000e+00, 0.000000e+00, 3.007347e-03, -2.040625e-03, -3.344845e-03, 1.048479e-02, 0.000000e+00, 0.000000e+00, 0.000000e+00, 0.000000e+00;
  2.610297e-07, -5.147566e-04, 1.932673e-03, -3.842932e-03, 5.611021e-03, -6.344589e-03, 0.000000e+00, 0.000000e+00, 0.000000e+00, 0.000000e+00, 8.016114e-04, -8.411286e-04, 8.482244e-04, -5.772203e-04;
  3.429167e-06, 5.036260e-04, -1.843115e-03, 3.523974e-03, -4.950480e-03, 5.471908e-03, 0.000000e+00, 0.000000e+00, 0.000000e+00, 0.000000e+00, -8.411286e-04, 8.249179e-04, -7.091745e-04, 3.896144e-04;
  -8.801902e-06, -4.384761e-04, 1.500346e-03, -2.581936e-03, 3.225664e-03, -3.264063e-03, 0.000000e+00, 0.000000e+00, 0.000000e+00, 0.000000e+00, 8.482244e-04, -7.091745e-04, 3.663079e-04, -1.240508e-05;
  6.801787e-06, 2.562939e-04, -7.871205e-04, 1.114187e-03, -1.003590e-03, 6.056286e-04, 0.000000e+00, 0.000000e+00, 0.000000e+00, 0.000000e+00, -5.772203e-04, 3.896144e-04, -1.240508e-05, -2.249978e-04;
];
K(:,:,1,6) = [
  7.836044e-03, -1.520743e-02, 2.687795e-02, -6.454086e-03, -7.097639e-02, 1.393111e-01, 0.000000e+00, 0.000000e+00, 0.000000e+00, 0.000000e+00, -1.283361e-04, 1.345987e-04, -1.440494e-04, 1.276215e-04;
  -1.214568e-02, 1.816854e-02, -2.439605e-02, -3.020853e-03, 8.176625e-02, -1.471259e-01, 0.000000e+00, 0.000000e+00, 0.000000e+00, 0.000000e+00, 4.641811e-04, -4.724267e-04, 4.671094e-04, -3.689017e-04;
  1.754891e-02, -1.751527e-02, 6.059309e-03, 3.153185e-02, -8.659137e-02, 1.189853e-01, 0.000000e+00, 0.000000e+00, 0.000000e+00, 0.000000e+00, -1.562543e-03, 1.533822e-03, -1.372763e-03, 9.188202e-04;
  -3.346346e-03, -5.118268e-03, 3.188370e-02, -6.063961e-02, 5.907139e-02, -3.114283e-02, 0.000000e+00, 0.000000e+00, 0.000000e+00, 0.000000e+00, 3.292473e-03, -3.102031e-03, 2.460446e-03, -1.282971e-03;
  -4.094039e-02, 5.230444e-02, -6.839310e-02, 5.870654e-02, -1.091462e-02, -4.618972e-02, 0.000000e+00, 0.000000e+00, 0.000000e+00, 0.000000e+00, -4.988267e-03, 4.482455e-03, -3.057617e-03, 1.018171e-03;
  7.806398e-02, -8.670934e-02, 7.933325e-02, -2.797795e-02, -3.758716e-02, 7.749584e-02, 0.000000e+00, 0.000000e+00, 0.000000e+00, 0.000000e+00, 5.862161e-03, -4.996208e-03, 2.799379e-03, -1.726713e-04;
  0.000000e+00, 0.000000e+00, 0.000000e+00, 0.000000e+00, 0.000000e+00, 0.000000e+00, -4.006121e-03, 4.728471e-03, -4.610410e-03, 1.152143e-03, 0.000000e+00, 0.000000e+00, 0.000000e+00, 0.000000e+00;
  0.000000e+00, 0.000000e+00, 0.000000e+00, 0.000000e+00, 0.000000e+00, 0.000000e+00, 4.728471e-03, -6.529682e-03, 8.034931e-03, -3.938845e-03, 0.000000e+00, 0.000000e+00, 0.000000e+00, 0.000000e+00;
  0.000000e+00, 0.000000e+00, 0.000000e+00, 0.000000e+00, 0.000000e+00, 0.000000e+00, -4.610410e-03, 8.034931e-03, -1.370479e-02, 1.224858e-02, 0.000000e+00, 0.000000e+00, 0.000000e+00, 0.000000e+00;
  0.000000e+00, 0.000000e+00, 0.000000e+00, 0.000000e+00, 0.000000e+00, 0.000000e+00, 1.152143e-03, -3.938845e-03, 1.224858e-02, -2.043871e-02, 0.000000e+00, 0.000000e+00, 0.000000e+00, 0.000000e+00;
  -3.490644e-06, 3.958465e-04, -1.579124e-03, 3.339399e-03, -5.041402e-03, 5.914262e-03, 0.000000e+00, 0.000000e+00, 0.000000e+00, 0.000000e+00, -5.493334e-04, 5.921725e-04, -6.934756e-04, 7.038311e-04;
  1.870789e-06, -4.037761e-04, 1.561665e-03, -3.158687e-03, 4.531054e-03, -5.033551e-03, 0.000000e+00, 0.000000e+00, 0.000000e+00, 0.000000e+00, 5.921725e-04, -6.214045e-04, 6.480018e-04, -5.264410e-04;
  2.658632e-06, 4.035760e-04, -1.428213e-03, 2.531671e-03, -3.089651e-03, 2.805206e-03, 0.000000e+00, 0.000000e+00, 0.000000e+00, 0.000000e+00, -6.934756e-04, 6.480018e-04, -4.543699e-04, 9.244458e-05;
  -6.878528e-06, -3.267537e-04, 9.940847e-04, -1.346328e-03, 1.022986e-03, -1.536631e-04, 0.000000e+00, 0.000000e+00, 0.000000e+00, 0.000000e+00, 7.038311e-04, -5.264410e-04, 9.244458e-05, 3.346485e-04;
];
K(:,:,1,7) = [
  0.000000e+00, 0.000000e+00, 0.000000e+00, 0.000000e+00, 0.000000e+00, 0.000000e+00, 1.389009e-02, -1.336126e-02, 7.800432e-03, 2.108850e-03, 0.000000e+00, 0.000000e+00, 0.000000e+00, 0.000000e+00;
  0.000000e+00, 0.000000e+00, 0.000000e+00, 0.000000e+00, 0.000000e+00, 0.000000e+00, -1.336126e-02, 1.369218e-02, -9.842719e-03, 2.830255e-04, 0.000000e+00, 0.000000e+00, 0.000000e+00, 0.000000e+00;
  0.000000e+00, 0.000000e+00, 0.000000e+00, 0.000000e+00, 0.000000e+00, 0.000000e+00, 7.800432e-03, -9.842719e-03, 1.128331e-02, -6.525960e-03, 0.000000e+00, 0.000000e+00, 0.000000e+00, 0.000000e+00;
  0.000000e+00, 0.000000e+00, 0.000000e+00, 0.000000e+00, 0.000000e+00, 0.000000e+00, 2.108850e-03, 2.830255e-04, -6.525960e-03, 1.110109e-02, 0.000000e+00, 0.000000e+00, 0.000000e+00, 0.000000e+00;
  0.000000e+00, 0.000000e+00, 0.000000e+00, 0.000000e+00, 0.000000e+00, 0.000000e+00, -7.804485e-03, 7.191296e-03, -1.984236e-03, -7.898593e-03, 0.000000e+00, 0.000000e+00, 0.000000e+00, 0.000000e+00;
  0.000000e+00, 0.000000e+00, 0.000000e+00, 0.000000e+00, 0.000000e+00, 0.000000e+00, 7.878171e-03, -9.173113e-03, 8.459188e-03, -7.325024e-04, 0.000000e+00, 0.000000e+00, 0.000000e+00, 0.000000e+00;
  6.903824e-03, -6.619227e-03, 3.802668e-03, 1.166493e-03, -4.000151e-03, 4.006121e-03, 0.000000e+00, 0.000000e+00, 0.000000e+00, 0.000000e+00, 6.129895e-05, -4.326711e-05, 6.913537e-06, 1.817001e-05;
  -6.619227e-03, 6.747533e-03, -4.748268e-03, -7.632471e-05, 3.798702e-03, -4.728471e-03, 0.000000e+00, 0.000000e+00, 0.000000e+00, 0.000000e+00, -1.739747e-04, 1.308229e-04, -3.687616e-05, -4.150460e-05;
  3.802668e-03, -4.748268e-03, 5.295239e-03, -2.769440e-03, -1.502666e-03, 4.610410e-03, 0.000000e+00, 0.000000e+00, 0.000000e+00, 0.000000e+00, 4.301682e-04, -3.504964e-04, 1.549465e-04, 5.428499e-05;
  1.166493e-03, -7.632471e-05, -2.769440e-03, 4.749364e-03, -3.007347e-03, -1.152143e-03, 0.000000e+00, 0.000000e+00, 0.000000e+00, 0.000000e+00, -6.229179e-04, 5.580265e-04, -3.579871e-04, 5.299152e-05;
  0.000000e+00, 0.000000e+00, 0.000000e+00, 0.000000e+00, 0.000000e+00, 0.000000e+00, -1.225979e-04, -4.417335e-05, 4.094276e-04, -6.774280e-04, 0.000000e+00, 0.000000e+00, 0.000000e+00, 0.000000e+00;
  0.000000e+00, 0.000000e+00, 0.000000e+00, 0.000000e+00, 0.000000e+00, 0.000000e+00, 8.653422e-05, 2.850421e-05, -3.128508e-04, 5.830827e-04, 0.000000e+00, 0.000000e+00, 0.000000e+00, 0.000000e+00;
  0.000000e+00, 0.000000e+00, 0.000000e+00, 0.000000e+00, 0.000000e+00, 0.000000e+00, -1.382707e-05, 7.694923e-07, 9.842448e-05, -3.232438e-04, 0.000000e+00, 0.000000e+00, 0.000000e+00, 0.000000e+00;
  0.000000e+00, 0.000000e+00, 0.000000e+00, 0.000000e+00, 0.000000e+00, 0.000000e+00, -3.634002e-05, -1.644848e-05, 8.902836e-05, -1.329778e-05, 0.000000e+00, 0.000000e+00, 0.000000e+00, 0.000000e+00;
];
K(:,:,1,8) = [
  0.000000e+00, 0.000000e+00, 0.000000e+00, 0.000000e+00, 0.000000e+00, 0.000000e+00, -1.336126e-02, 1.727749e-02, -1.829863e-02, 5.995019e-03, 0.000000e+00, 0.000000e+00, 0.000000e+00, 0.000000e+00;
  0.000000e+00, 0.000000e+00, 0.000000e+00, 0.000000e+00, 0.000000e+00, 0.000000e+00, 1.369218e-02, -1.814544e-02, 2.064727e-02, -9.350392e-03, 0.000000e+00, 0.000000e+00, 0.000000e+00, 0.000000e+00;
  0.000000e+00, 0.000000e+00, 0.000000e+00, 0.000000e+00, 0.000000e+00, 0.000000e+00, -9.842719e-03, 1.417034e-02, -1.965756e-02, 1.517863e-02, 0.000000e+00, 0.000000e+00, 0.000000e+00, 0.000000e+00;
  0.000000e+00, 0.000000e+00, 0.000000e+00, 0.000000e+00, 0.000000e+00, 0.000000e+00, 2.830255e-04, -2.291774e-03, 8.700555e-03, -1.559725e-02, 0.000000e+00, 0.000000e+00, 0.000000e+00, 0.000000e+00;
  0.000000e+00, 0.000000e+00, 0.000000e+00, 0.000000e+00, 0.000000e+00, 0.000000e+00, 7.191296e-03, -8.279540e-03, 5.097744e-03, 7.527987e-03, 0.000000e+00, 0.000000e+00, 0.000000e+00, 0.000000e+00;
  0.000000e+00, 0.000000e+00, 0.000000e+00, 0.000000e+00, 0.000000e+00, 0.000000e+00, -9.173113e-03, 1.246781e-02, -1.454287e-02, 4.891121e-03, 0.000000e+00, 0.000000e+00, 0.000000e+00, 0.000000e+00;
  -6.619227e-03, 6.747533e-03, -4.748268e-03, -7.632471e-05, 3.798702e-03, -4.728471e-03, 0.000000e+00, 0.000000e+00, 0.000000e+00, 0.000000e+00, -1.712560e-05, 1.476290e-05, -7.683029e-06, -1.721525e-06;
  8.540187e-03, -8.908502e-03, 6.779973e-03, -7.367649e-04, -4.545029e-03, 6.529682e-03, 0.000000e+00, 0.000000e+00, 0.000000e+00, 0.000000e+00, 7.509171e-05, -6.204442e-05, 2.932521e-05, 7.307219e-06;
  -8.976221e-03, 1.001844e-02, -9.213932e-03, 3.450975e-03, 3.520264e-03, -8.034931e-03, 0.000000e+00, 0.000000e+00, 0.000000e+00, 0.000000e+00, -2.662536e-04, 2.207502e-04, -1.094415e-04, -1.388938e-05;
  2.779672e-03, -4.266074e-03, 6.690011e-03, -6.352937e-03, 2.040625e-03, 3.938845e-03, 0.000000e+00, 0.000000e+00, 0.000000e+00, 0.000000e+00, 5.205014e-04, -4.476925e-04, 2.590932e-04, -2.493913e-05;
  0.000000e+00, 0.000000e+00, 0.000000e+00, 0.000000e+00, 0.000000e+00, 0.000000e+00, 2.695248e-04, -1.432870e-04, -1.994148e-04, 5.853406e-04, 0.000000e+00, 0.000000e+00, 0.000000e+00, 0.000000e+00;
  0.000000e+00, 0.000000e+00, 0.000000e+00, 0.000000e+00, 0.000000e+00, 0.000000e+00, -2.036159e-04, 1.147002e-04, 1.439804e-04, -4.750456e-04, 0.000000e+00, 0.000000e+00, 0.000000e+00, 0.000000e+00;
  0.000000e+00, 0.000000e+00, 0.000000e+00, 0.000000e+00, 0.000000e+00, 0.000000e+00, 5.915575e-05, -4.744458e-05, -2.688872e-05, 2.107967e-04, 0.000000e+00, 0.000000e+00, 0.000000e+00, 0.000000e+00;
  0.000000e+00, 0.000000e+00, 0.000000e+00, 0.000000e+00, 0.000000e+00, 0.000000e+00, 6.311766e-05, -2.004583e-05, -6.218595e-05, 6.484296e-05, 0.000000e+00, 0.000000e+00, 0.000000e+00, 0.000000e+00;
];
K(:,:,1,9) = [
  0.000000e+00, 0.000000e+00, 0.000000e+00, 0.000000e+00, 0.000000e+00, 0.000000e+00, 7.800432e-03, -1.829863e-02, 3.676780e-02, -3.436929e-02, 0.000000e+00, 0.000000e+00, 0.000000e+00, 0.000000e+00;
  0.000000e+00, 0.000000e+00, 0.000000e+00, 0.000000e+00, 0.000000e+00, 0.000000e+00, -9.842719e-03, 2.064727e-02, -3.995837e-02, 3.894098e-02, 0.000000e+00, 0.000000e+00, 0.000000e+00, 0.000000e+00;
  0.000000e+00, 0.000000e+00, 0.000000e+00, 0.000000e+00, 0.000000e+00, 0.000000e+00, 1.128331e-02, -1.965756e-02, 3.546076e-02, -3.863628e-02, 0.000000e+00, 0.000000e+00, 0.000000e+00, 0.000000e+00;
  0.000000e+00, 0.000000e+00, 0.000000e+00, 0.000000e+00, 0.000000e+00, 0.000000e+00, -6.525960e-03, 8.700555e-03, -1.440771e-02, 2.225629e-02, 0.000000e+00, 0.000000e+00, 0.000000e+00, 0.000000e+00;
  0.000000e+00, 0.000000e+00, 0.000000e+00, 0.000000e+00, 0.000000e+00, 0.000000e+00, -1.984236e-03, 5.097744e-03, -8.366550e-03, -7.450418e-04, 0.000000e+00, 0.000000e+00, 0.000000e+00, 0.000000e+00;
  0.000000e+00, 0.000000e+00, 0.000000e+00, 0.000000e+00, 0.000000e+00, 0.000000e+00, 8.459188e-03, -1.454287e-02, 2.370553e-02, -1.775831e-02, 0.000000e+00, 0.000000e+00, 0.000000e+00, 0.000000e+00;
  3.802668e-03, -4.748268e-03, 5.295239e-03, -2.769440e-03, -1.502666e-03, 4.610410e-03, 0.000000e+00, 0.000000e+00, 0.000000e+00, 0.000000e+00, -3.407194e-05, 2.158804e-05, 2.392564e-06, -1.559390e-05;
  -8.976221e-03, 1.001844e-02, -9.213932e-03, 3.450975e-03, 3.520264e-03, -8.034931e-03, 0.000000e+00, 0.000000e+00, 0.000000e+00, 0.000000e+00, 7.663769e-05, -4.950838e-05, -4.696972e-06, 3.799678e-05;
  1.803748e-02, -1.936434e-02, 1.646571e-02, -5.280984e-03, -6.380930e-03, 1.370479e-02, 0.000000e+00, 0.000000e+00, 0.000000e+00, 0.000000e+00, -8.779888e-05, 5.693165e-05, 1.073023e-05, -6.147784e-05;
  -1.669110e-02, 1.857119e-02, -1.739527e-02, 8.062152e-03, 3.344845e-03, -1.224858e-02, 0.000000e+00, 0.000000e+00, 0.000000e+00, 0.000000e+00, -1.350741e-04, 1.029838e-04, -4.455803e-05, 1.292717e-05;
  0.000000e+00, 0.000000e+00, 0.000000e+00, 0.000000e+00, 0.000000e+00, 0.000000e+00, -5.190527e-04, 4.863678e-04, -2.968748e-04, -1.702097e-04, 0.000000e+00, 0.000000e+00, 0.000000e+00, 0.000000e+00;
  0.000000e+00, 0.000000e+00, 0.000000e+00, 0.000000e+00, 0.000000e+00, 0.000000e+00, 4.313181e-04, -3.965367e-04, 2.442289e-04, 1.065734e-04, 0.000000e+00, 0.000000e+00, 0.000000e+00, 0.000000e+00;
  0.000000e+00, 0.000000e+00, 0.000000e+00, 0.000000e+00, 0.000000e+00, 0.000000e+00, -2.066834e-04, 1.826003e-04, -1.236326e-04, 1.768171e-05, 0.000000e+00, 0.000000e+00, 0.000000e+00, 0.000000e+00;
  0.000000e+00, 0.000000e+00, 0.000000e+00, 0.000000e+00, 0.000000e+00, 0.000000e+00, -5.072941e-05, 4.158637e-05, 7.619114e-07, -9.125868e-05, 0.000000e+00, 0.000000e+00, 0.000000e+00, 0.000000e+00;
];
K(:,:,1,10) = [
  0.000000e+00, 0.000000e+00, 0.000000e+00, 0.000000e+00, 0.000000e+00, 0.000000e+00, 2.108850e-03, 5.995019e-03, -3.436929e-02, 6.498564e-02, 0.000000e+00, 0.000000e+00, 0.000000e+00, 0.000000e+00;
  0.000000e+00, 0.000000e+00, 0.000000e+00, 0.000000e+00, 0.000000e+00, 0.000000e+00, 2.830255e-04, -9.350392e-03, 3.894098e-02, -7.003602e-02, 0.000000e+00, 0.000000e+00, 0.000000e+00, 0.000000e+00;
  0.000000e+00, 0.000000e+00, 0.000000e+00, 0.000000e+00, 0.000000e+00, 0.000000e+00, -6.525960e-03, 1.517863e-02, -3.863628e-02, 6.114682e-02, 0.000000e+00, 0.000000e+00, 0.000000e+00, 0.000000e+00;
  0.000000e+00, 0.000000e+00, 0.000000e+00, 0.000000e+00, 0.000000e+00, 0.000000e+00, 1.110109e-02, -1.559725e-02, 2.225629e-02, -2.543923e-02, 0.000000e+00, 0.000000e+00, 0.000000e+00, 0.000000e+00;
  0.000000e+00, 0.000000e+00, 0.000000e+00, 0.000000e+00, 0.000000e+00, 0.000000e+00, -7.898593e-03, 7.527987e-03, -7.450418e-04, -8.899677e-03, 0.000000e+00, 0.000000e+00, 0.000000e+00, 0.000000e+00;
  0.000000e+00, 0.000000e+00, 0.000000e+00, 0.000000e+00, 0.000000e+00, 0.000000e+00, -7.325024e-04, 4.891121e-03, -1.775831e-02, 2.950788e-02, 0.000000e+00, 0.000000e+00, 0.000000e+00, 0.000000e+00;
  1.166493e-03, -7.632471e-05, -2.769440e-03, 4.749364e-03, -3.007347e-03, -1.152143e-03, 0.000000e+00, 0.000000e+00, 0.000000e+00, 0.000000e+00, 2.278814e-05, -1.898444e-05, 7.741800e-06, 6.260849e-06;
  2.779672e-03, -4.266074e-03, 6.690011e-03, -6.352937e-03, 2.040625e-03, 3.938845e-03, 0.000000e+00, 0.000000e+00, 0.000000e+00, 0.000000e+00, -9.629264e-05, 7.549469e-05, -2.509761e-05, -2.570986e-05;
  -1.669110e-02, 1.857119e-02, -1.739527e-02, 8.062152e-03, 3.344845e-03, -1.224858e-02, 0.000000e+00, 0.000000e+00, 0.000000e+00, 0.000000e+00, 3.005337e-04, -2.330932e-04, 7.757544e-05, 7.077845e-05;
  3.169164e-02, -3.357232e-02, 2.750742e-02, -7.824435e-03, -1.048479e-02, 2.043871e-02, 0.000000e+00, 0.000000e+00, 0.000000e+00, 0.000000e+00, -4.071314e-04, 3.304928e-04, -1.448688e-04, -5.510556e-05;
  0.000000e+00, 0.000000e+00, 0.000000e+00, 0.000000e+00, 0.000000e+00, 0.000000e+00, 6.139842e-04, -6.482475e-04, 7.010060e-04, -5.201514e-04, 0.000000e+00, 0.000000e+00, 0.000000e+00, 0.000000e+00;
  0.000000e+00, 0.000000e+00, 0.000000e+00, 0.000000e+00, 0.000000e+00, 0.000000e+00, -5.709393e-04, 5.713289e-04, -5.655807e-04, 4.195042e-04, 0.000000e+00, 0.000000e+00, 0.000000e+00, 0.000000e+00;
  0.000000e+00, 0.000000e+00, 0.000000e+00, 0.000000e+00, 0.000000e+00, 0.000000e+00, 4.082141e-04, -3.575850e-04, 2.619487e-04, -1.912034e-04, 0.000000e+00, 0.000000e+00, 0.000000e+00, 0.000000e+00;
  0.000000e+00, 0.000000e+00, 0.000000e+00, 0.000000e+00, 0.000000e+00, 0.000000e+00, -1.067591e-04, 6.330149e-05, 2.444388e-05, -2.581574e-05, 0.000000e+00, 0.000000e+00, 0.000000e+00, 0.000000e+00;
];
K(:,:,1,11) = [
  0.000000e+00, -7.842455e-05, 1.957322e-04, -2.198535e-04, 1.795266e-04, -1.213548e-04, 0.000000e+00, 0.000000e+00, 0.000000e+00, 0.000000e+00, 0.000000e+00, 0.000000e+00, 0.000000e+00, 0.000000e+00;
  2.710505e-20, 2.081300e-04, -5.860106e-04, 7.565905e-04, -6.634078e-04, 4.452082e-04, 0.000000e+00, 0.000000e+00, 0.000000e+00, 0.000000e+00, 0.000000e+00, 0.000000e+00, 0.000000e+00, 0.000000e+00;
  -6.776264e-21, -4.745751e-04, 1.528853e-03, -2.326402e-03, 2.313460e-03, -1.626351e-03, 0.000000e+00, 0.000000e+00, 0.000000e+00, 0.000000e+00, 0.000000e+00, 0.000000e+00, 0.000000e+00, 0.000000e+00;
  -6.776264e-21, 6.279974e-04, -2.319871e-03, 4.222028e-03, -4.990597e-03, 3.977630e-03, 0.000000e+00, 0.000000e+00, 0.000000e+00, 0.000000e+00, 0.000000e+00, 0.000000e+00, 0.000000e+00, 0.000000e+00;
  2.710505e-20, -5.665918e-04, 2.332365e-03, -5.023014e-03, 7.231309e-03, -7.002313e-03, 0.000000e+00, 0.000000e+00, 0.000000e+00, 0.000000e+00, 0.000000e+00, 0.000000e+00, 0.000000e+00, 0.000000e+00;
  -1.355253e-20, 3.814251e-04, -1.644847e-03, 4.010232e-03, -7.015334e-03, 8.606779e-03, 0.000000e+00, 0.000000e+00, 0.000000e+00, 0.000000e+00, 0.000000e+00, 0.000000e+00, 0.000000e+00, 0.000000e+00;
  0.000000e+00, 0.000000e+00, 0.000000e+00, 0.000000e+00, 0.000000e+00, 0.000000e+00, -6.129895e-05, 1.712560e-05, 3.407194e-05, -2.278814e-05, 0.000000e+00, 0.000000e+00, 0.000000e+00, 0.000000e+00;
  0.000000e+00, 0.000000e+00, 0.000000e+00, 0.000000e+00, 0.000000e+00, 0.000000e+00, 1.739747e-04, -7.509171e-05, -7.663769e-05, 9.629264e-05, 0.000000e+00, 0.000000e+00, 0.000000e+00, 0.000000e+00;
  0.000000e+00, 0.000000e+00, 0.000000e+00, 0.000000e+00, 0.000000e+00, 0.000000e+00, -4.301682e-04, 2.662536e-04, 8.779888e-05, -3.005337e-04, 0.000000e+00, 0.000000e+00, 0.000000e+00, 0.000000e+00;
  0.000000e+00, 0.000000e+00, 0.000000e+00, 0.000000e+00, 0.000000e+00, 0.000000e+00, 6.229179e-04, -5.205014e-04, 1.350741e-04, 4.071314e-04, 0.000000e+00, 0.000000e+00, 0.000000e+00, 0.000000e+00;
  0.000000e+00, 0.000000e+00, 0.000000e+00, 0.000000e+00, 0.000000e+00, 0.000000e+00, 0.000000e+00, 0.000000e+00, 0.000000e+00, 0.000000e+00, 4.597421e-05, -3.245033e-05, 5.185152e-06, 1.362751e-05;
  0.000000e+00, 0.000000e+00, 0.000000e+00, 0.000000e+00, 0.000000e+00, 0.000000e+00, 0.000000e+00, 0.000000e+00, 0.000000e+00, 0.000000e+00, -3.245033e-05, 2.557968e-05, -9.411413e-06, -6.264028e-06;
  0.000000e+00, 0.000000e+00, 0.000000e+00, 0.000000e+00, 0.000000e+00, 0.000000e+00, 0.000000e+00, 0.000000e+00, 0.000000e+00, 0.000000e+00, 5.185152e-06, -9.411413e-06, 1.413050e-05, -8.685842e-06;
  0.000000e+00, 0.000000e+00, 0.000000e+00, 0.000000e+00, 0.000000e+00, 0.000000e+00, 0.000000e+00, 0.000000e+00, 0.000000e+00, 0.000000e+00, 1.362751e-05, -6.264028e-06, -8.685842e-06, 1.657232e-05;
];
K(:,:,1,12) = [
  0.000000e+00, 5.803002e-05, -1.581647e-04, 2.029694e-04, -1.857621e-04, 1.308571e-04, 0.000000e+00, 0.000000e+00, 0.000000e+00, 0.000000e+00, 0.000000e+00, 0.000000e+00, 0.000000e+00, 0.000000e+00;
  0.000000e+00, -1.615052e-04, 4.805005e-04, -6.773515e-04, 6.544281e-04, -4.703884e-04, 0.000000e+00, 0.000000e+00, 0.000000e+00, 0.000000e+00, 0.000000e+00, 0.000000e+00, 0.000000e+00, 0.000000e+00;
  2.032879e-20, 3.933340e-04, -1.288754e-03, 2.039738e-03, -2.161222e-03, 1.637863e-03, 0.000000e+00, 0.000000e+00, 0.000000e+00, 0.000000e+00, 0.000000e+00, 0.000000e+00, 0.000000e+00, 0.000000e+00;
  1.016440e-20, -5.669995e-04, 2.046966e-03, -3.691254e-03, 4.450432e-03, -3.737517e-03, 0.000000e+00, 0.000000e+00, 0.000000e+00, 0.000000e+00, 0.000000e+00, 0.000000e+00, 0.000000e+00, 0.000000e+00;
  -1.355253e-20, 5.605634e-04, -2.194129e-03, 4.493140e-03, -6.300928e-03, 6.158907e-03, 0.000000e+00, 0.000000e+00, 0.000000e+00, 0.000000e+00, 0.000000e+00, 0.000000e+00, 0.000000e+00, 0.000000e+00;
  0.000000e+00, -4.032972e-04, 1.663402e-03, -3.780547e-03, 6.178403e-03, -7.274062e-03, 0.000000e+00, 0.000000e+00, 0.000000e+00, 0.000000e+00, 0.000000e+00, 0.000000e+00, 0.000000e+00, 0.000000e+00;
  0.000000e+00, 0.000000e+00, 0.000000e+00, 0.000000e+00, 0.000000e+00, 0.000000e+00, 4.326711e-05, -1.476290e-05, -2.158804e-05, 1.898444e-05, 0.000000e+00, 0.000000e+00, 0.000000e+00, 0.000000e+00;
  0.000000e+00, 0.000000e+00, 0.000000e+00, 0.000000e+00, 0.000000e+00, 0.000000e+00, -1.308229e-04, 6.204442e-05, 4.950838e-05, -7.549469e-05, 0.000000e+00, 0.000000e+00, 0.000000e+00, 0.000000e+00;
  0.000000e+00, 0.000000e+00, 0.000000e+00, 0.000000e+00, 0.000000e+00, 0.000000e+00, 3.504964e-04, -2.207502e-04, -5.693165e-05, 2.330932e-04, 0.000000e+00, 0.000000e+00, 0.000000e+00, 0.000000e+00;
  0.000000e+00, 0.000000e+00, 0.000000e+00, 0.000000e+00, 0.000000e+00, 0.000000e+00, -5.580265e-04, 4.476925e-04, -1.029838e-04, -3.304928e-04, 0.000000e+00, 0.000000e+00, 0.000000e+00, 0.000000e+00;
  0.000000e+00, 0.000000e+00, 0.000000e+00, 0.000000e+00, 0.000000e+00, 0.000000e+00, 0.000000e+00, 0.000000e+00, 0.000000e+00, 0.000000e+00, -3.245033e-05, 2.557968e-05, -9.411413e-06, -6.264028e-06;
  0.000000e+00, 0.000000e+00, 0.000000e+00, 0.000000e+00, 0.000000e+00, 0.000000e+00, 0.000000e+00, 0.000000e+00, 0.000000e+00, 0.000000e+00, 2.557968e-05, -2.093087e-05, 9.657827e-06, 2.470833e-06;
  0.000000e+00, 0.000000e+00, 0.000000e+00, 0.000000e+00, 0.000000e+00, 0.000000e+00, 0.000000e+00, 0.000000e+00, 0.000000e+00, 0.000000e+00, -9.411413e-06, 9.657827e-06, -9.048628e-06, 5.154148e-06;
  0.000000e+00, 0.000000e+00, 0.000000e+00, 0.000000e+00, 0.000000e+00, 0.000000e+00, 0.000000e+00, 0.000000e+00, 0.000000e+00, 0.000000e+00, -6.264028e-06, 2.470833e-06, 5.154148e-06, -9.439574e-06;
];
K(:,:,1,13) = [
  0.000000e+00, -1.459657e-05, 6.729941e-05, -1.412326e-04, 1.792215e-04, -1.493666e-04, 0.000000e+00, 0.000000e+00, 0.000000e+00, 0.000000e+00, 0.000000e+00, 0.000000e+00, 0.000000e+00, 0.000000e+00;
  -6.776264e-21, 5.610163e-05, -2.228910e-04, 4.413266e-04, -5.703057e-04, 5.009233e-04, 0.000000e+00, 0.000000e+00, 0.000000e+00, 0.000000e+00, 0.000000e+00, 0.000000e+00, 0.000000e+00, 0.000000e+00;
  -1.355253e-20, -1.901903e-04, 6.827778e-04, -1.271075e-03, 1.654764e-03, -1.540548e-03, 0.000000e+00, 0.000000e+00, 0.000000e+00, 0.000000e+00, 0.000000e+00, 0.000000e+00, 0.000000e+00, 0.000000e+00;
  -6.776264e-21, 3.781639e-04, -1.298047e-03, 2.313210e-03, -2.994914e-03, 2.928126e-03, 0.000000e+00, 0.000000e+00, 0.000000e+00, 0.000000e+00, 0.000000e+00, 0.000000e+00, 0.000000e+00, 0.000000e+00;
  -1.101143e-20, -4.928109e-04, 1.710890e-03, -3.049352e-03, 3.928325e-03, -3.927910e-03, 0.000000e+00, 0.000000e+00, 0.000000e+00, 0.000000e+00, 0.000000e+00, 0.000000e+00, 0.000000e+00, 0.000000e+00;
  2.710505e-20, 4.323047e-04, -1.586347e-03, 2.988957e-03, -3.953512e-03, 3.964049e-03, 0.000000e+00, 0.000000e+00, 0.000000e+00, 0.000000e+00, 0.000000e+00, 0.000000e+00, 0.000000e+00, 0.000000e+00;
  0.000000e+00, 0.000000e+00, 0.000000e+00, 0.000000e+00, 0.000000e+00, 0.000000e+00, -6.913537e-06, 7.683029e-06, -2.392564e-06, -7.741800e-06, 0.000000e+00, 0.000000e+00, 0.000000e+00, 0.000000e+00;
  0.000000e+00, 0.000000e+00, 0.000000e+00, 0.000000e+00, 0.000000e+00, 0.000000e+00, 3.687616e-05, -2.932521e-05, 4.696972e-06, 2.509761e-05, 0.000000e+00, 0.000000e+00, 0.000000e+00, 0.000000e+00;
  0.000000e+00, 0.000000e+00, 0.000000e+00, 0.000000e+00, 0.000000e+00, 0.000000e+00, -1.549465e-04, 1.094415e-04, -1.073023e-05, -7.757544e-05, 0.000000e+00, 0.000000e+00, 0.000000e+00, 0.000000e+00;
  0.000000e+00, 0.000000e+00, 0.000000e+00, 0.000000e+00, 0.000000e+00, 0.000000e+00, 3.579871e-04, -2.590932e-04, 4.455803e-05, 1.448688e-04, 0.000000e+00, 0.000000e+00, 0.000000e+00, 0.000000e+00;
  0.000000e+00, 0.000000e+00, 0.000000e+00, 0.000000e+00, 0.000000e+00, 0.000000e+00, 0.000000e+00, 0.000000e+00, 0.000000e+00, 0.000000e+00, 5.185152e-06, -9.411413e-06, 1.413050e-05, -8.685842e-06;
  0.000000e+00, 0.000000e+00, 0.000000e+00, 0.000000e+00, 0.000000e+00, 0.000000e+00, 0.000000e+00, 0.000000e+00, 0.000000e+00, 0.000000e+00, -9.411413e-06, 9.657827e-06, -9.048628e-06, 5.154148e-06;
  0.000000e+00, 0.000000e+00, 0.000000e+00, 0.000000e+00, 0.000000e+00, 0.000000e+00, 0.000000e+00, 0.000000e+00, 0.000000e+00, 0.000000e+00, 1.413050e-05, -9.048628e-06, 6.814737e-07, 1.717101e-06;
  0.000000e+00, 0.000000e+00, 0.000000e+00, 0.000000e+00, 0.000000e+00, 0.000000e+00, 0.000000e+00, 0.000000e+00, 0.000000e+00, 0.000000e+00, -8.685842e-06, 5.154148e-06, 1.717101e-06, -4.702505e-06;
];
K(:,:,1,14) = [
  0.000000e+00, -1.989154e-05, 2.730574e-05, 3.141248e-05, -1.125371e-04, 1.413785e-04, 0.000000e+00, 0.000000e+00, 0.000000e+00, 0.000000e+00, 0.000000e+00, 0.000000e+00, 0.000000e+00, 0.000000e+00;
  -6.776264e-21, 4.022390e-05, -5.532877e-05, -8.814031e-05, 3.150307e-04, -4.219865e-04, 0.000000e+00, 0.000000e+00, 0.000000e+00, 0.000000e+00, 0.000000e+00, 0.000000e+00, 0.000000e+00, 0.000000e+00;
  0.000000e+00, -3.790679e-05, 2.604454e-05, 2.505288e-04, -7.466360e-04, 1.072559e-03, 0.000000e+00, 0.000000e+00, 0.000000e+00, 0.000000e+00, 0.000000e+00, 0.000000e+00, 0.000000e+00, 0.000000e+00;
  1.355253e-20, -8.305847e-05, 2.722802e-04, -5.536774e-04, 1.011328e-03, -1.460970e-03, 0.000000e+00, 0.000000e+00, 0.000000e+00, 0.000000e+00, 0.000000e+00, 0.000000e+00, 0.000000e+00, 0.000000e+00;
  0.000000e+00, 2.769213e-04, -7.984173e-04, 1.050423e-03, -1.005883e-03, 1.028399e-03, 0.000000e+00, 0.000000e+00, 0.000000e+00, 0.000000e+00, 0.000000e+00, 0.000000e+00, 0.000000e+00, 0.000000e+00;
  2.202286e-20, -3.702981e-04, 1.136077e-03, -1.519675e-03, 1.043229e-03, -1.565022e-04, 0.000000e+00, 0.000000e+00, 0.000000e+00, 0.000000e+00, 0.000000e+00, 0.000000e+00, 0.000000e+00, 0.000000e+00;
  0.000000e+00, 0.000000e+00, 0.000000e+00, 0.000000e+00, 0.000000e+00, 0.000000e+00, -1.817001e-05, 1.721525e-06, 1.559390e-05, -6.260849e-06, 0.000000e+00, 0.000000e+00, 0.000000e+00, 0.000000e+00;
  0.000000e+00, 0.000000e+00, 0.000000e+00, 0.000000e+00, 0.000000e+00, 0.000000e+00, 4.150460e-05, -7.307219e-06, -3.799678e-05, 2.570986e-05, 0.000000e+00, 0.000000e+00, 0.000000e+00, 0.000000e+00;
  0.000000e+00, 0.000000e+00, 0.000000e+00, 0.000000e+00, 0.000000e+00, 0.000000e+00, -5.428499e-05, 1.388938e-05, 6.147784e-05, -7.077845e-05, 0.000000e+00, 0.000000e+00, 0.000000e+00, 0.000000e+00;
  0.000000e+00, 0.000000e+00, 0.000000e+00, 0.000000e+00, 0.000000e+00, 0.000000e+00, -5.299152e-05, 2.493913e-05, -1.292717e-05, 5.510556e-05, 0.000000e+00, 0.000000e+00, 0.000000e+00, 0.000000e+00;
  0.000000e+00, 0.000000e+00, 0.000000e+00, 0.000000e+00, 0.000000e+00, 0.000000e+00, 0.000000e+00, 0.000000e+00, 0.000000e+00, 0.000000e+00, 1.362751e-05, -6.264028e-06, -8.685842e-06, 1.657232e-05;
  0.000000e+00, 0.000000e+00, 0.000000e+00, 0.000000e+00, 0.000000e+00, 0.000000e+00, 0.000000e+00, 0.000000e+00, 0.000000e+00, 0.000000e+00, -6.264028e-06, 2.470833e-06, 5.154148e-06, -9.439574e-06;
  0.000000e+00, 0.000000e+00, 0.000000e+00, 0.000000e+00, 0.000000e+00, 0.000000e+00, 0.000000e+00, 0.000000e+00, 0.000000e+00, 0.000000e+00, -8.685842e-06, 5.154148e-06, 1.717101e-06, -4.702505e-06;
  0.000000e+00, 0.000000e+00, 0.000000e+00, 0.000000e+00, 0.000000e+00, 0.000000e+00, 0.000000e+00, 0.000000e+00, 0.000000e+00, 0.000000e+00, 1.657232e-05, -9.439574e-06, -4.702505e-06, 1.269890e-05;
];
K(:,:,2,1) = [
