function K = massModel(p)
% Auto-generated constant matrix
K = zeros(14,14,14,14);
K(:,:,1,1) = [
  1.421314e-02, -1.358496e-02, 7.730922e-03, 2.401866e-03, -7.938814e-03, 7.666293e-03, 0.000000e+00, 0.000000e+00, 0.000000e+00, 0.000000e+00, 1.197238e-04, -8.532923e-05, 1.550291e-05, 3.390676e-05;
  -1.358496e-02, 1.387841e-02, -9.882289e-03, 1.782418e-04, 7.220933e-03, -8.980555e-03, 0.000000e+00, 0.000000e+00, 0.000000e+00, 0.000000e+00, -3.416456e-04, 2.587916e-04, -7.722891e-05, -7.727365e-05;
  7.730922e-03, -9.882289e-03, 1.157673e-02, -6.976175e-03, -1.630080e-03, 8.302645e-03, 0.000000e+00, 0.000000e+00, 0.000000e+00, 0.000000e+00, 8.518150e-04, -6.965945e-04, 3.140222e-04, 9.982980e-05;
  2.401866e-03, 1.782418e-04, -6.976175e-03, 1.207537e-02, -8.784918e-03, -4.472853e-04, 0.000000e+00, 0.000000e+00, 0.000000e+00, 0.000000e+00, -1.248625e-03, 1.116534e-03, -7.135113e-04, 1.048149e-04;
  -7.938814e-03, 7.220933e-03, -1.630080e-03, -8.784918e-03, 1.478413e-02, -1.081568e-02, 0.000000e+00, 0.000000e+00, 0.000000e+00, 0.000000e+00, 1.241789e-03, -1.212188e-03, 1.024769e-03, -5.188149e-04;
  7.666293e-03, -8.980555e-03, 8.302645e-03, -4.472853e-04, -1.081568e-02, 1.693241e-02, 0.000000e+00, 0.000000e+00, 0.000000e+00, 0.000000e+00, -8.989371e-04, 9.348548e-04, -9.684054e-04, 7.937686e-04;
  0.000000e+00, 0.000000e+00, 0.000000e+00, 0.000000e+00, 0.000000e+00, 0.000000e+00, 0.000000e+00, 0.000000e+00, 0.000000e+00, 0.000000e+00, 0.000000e+00, 0.000000e+00, 0.000000e+00, 0.000000e+00;
  0.000000e+00, 0.000000e+00, 0.000000e+00, 0.000000e+00, 0.000000e+00, 0.000000e+00, 0.000000e+00, 0.000000e+00, 0.000000e+00, 0.000000e+00, 0.000000e+00, 0.000000e+00, 0.000000e+00, 0.000000e+00;
  0.000000e+00, 0.000000e+00, 0.000000e+00, 0.000000e+00, 0.000000e+00, 0.000000e+00, 0.000000e+00, 0.000000e+00, 0.000000e+00, 0.000000e+00, 0.000000e+00, 0.000000e+00, 0.000000e+00, 0.000000e+00;
  0.000000e+00, 0.000000e+00, 0.000000e+00, 0.000000e+00, 0.000000e+00, 0.000000e+00, 0.000000e+00, 0.000000e+00, 0.000000e+00, 0.000000e+00, 0.000000e+00, 0.000000e+00, 0.000000e+00, 0.000000e+00;
  0.000000e+00, 0.000000e+00, 0.000000e+00, 0.000000e+00, 0.000000e+00, 0.000000e+00, 0.000000e+00, 0.000000e+00, 0.000000e+00, 0.000000e+00, 1.704154e-04, -1.119657e-04, 2.898785e-06, 5.742192e-05;
  0.000000e+00, 0.000000e+00, 0.000000e+00, 0.000000e+00, 0.000000e+00, 0.000000e+00, 0.000000e+00, 0.000000e+00, 0.000000e+00, 0.000000e+00, -1.119657e-04, 8.665710e-05, -2.727189e-05, -2.759201e-05;
  0.000000e+00, 0.000000e+00, 0.000000e+00, 0.000000e+00, 0.000000e+00, 0.000000e+00, 0.000000e+00, 0.000000e+00, 0.000000e+00, 0.000000e+00, 2.898785e-06, -2.727189e-05, 5.616631e-05, -3.434590e-05;
  0.000000e+00, 0.000000e+00, 0.000000e+00, 0.000000e+00, 0.000000e+00, 0.000000e+00, 0.000000e+00, 0.000000e+00, 0.000000e+00, 0.000000e+00, 5.742192e-05, -2.759201e-05, -3.434590e-05, 6.686962e-05;
];
K(:,:,1,2) = [
  -1.358496e-02, 1.569741e-02, -1.414262e-02, 2.990655e-03, 8.338750e-03, -1.204939e-02, 0.000000e+00, 0.000000e+00, 0.000000e+00, 0.000000e+00, -1.109609e-04, 8.673120e-05, -3.086300e-05, -2.168345e-05;
  1.569741e-02, -1.836805e-02, 1.756895e-02, -5.852978e-03, -7.735361e-03, 1.417200e-02, 0.000000e+00, 0.000000e+00, 0.000000e+00, 0.000000e+00, 3.539835e-04, -2.834951e-04, 1.169875e-04, 5.064908e-05;
  -1.414262e-02, 1.756895e-02, -2.005258e-02, 1.256634e-02, 1.204769e-03, -1.295014e-02, 0.000000e+00, 0.000000e+00, 0.000000e+00, 0.000000e+00, -9.998182e-04, 8.312096e-04, -4.126793e-04, -5.848990e-05;
  2.990655e-03, -5.852978e-03, 1.256634e-02, -1.692973e-02, 1.228528e-02, 3.706797e-04, 0.000000e+00, 0.000000e+00, 0.000000e+00, 0.000000e+00, 1.668837e-03, -1.462051e-03, 8.961206e-04, -1.335307e-04;
  8.338750e-03, -7.735361e-03, 1.204769e-03, 1.228528e-02, -2.121355e-02, 1.690941e-02, 0.000000e+00, 0.000000e+00, 0.000000e+00, 0.000000e+00, -1.862907e-03, 1.740618e-03, -1.322676e-03, 5.597272e-04;
  -1.204939e-02, 1.417200e-02, -1.295014e-02, 3.706797e-04, 1.690941e-02, -2.635485e-02, 0.000000e+00, 0.000000e+00, 0.000000e+00, 0.000000e+00, 1.461840e-03, -1.459875e-03, 1.351942e-03, -9.232034e-04;
  0.000000e+00, 0.000000e+00, 0.000000e+00, 0.000000e+00, 0.000000e+00, 0.000000e+00, 0.000000e+00, 0.000000e+00, 0.000000e+00, 0.000000e+00, 0.000000e+00, 0.000000e+00, 0.000000e+00, 0.000000e+00;
  0.000000e+00, 0.000000e+00, 0.000000e+00, 0.000000e+00, 0.000000e+00, 0.000000e+00, 0.000000e+00, 0.000000e+00, 0.000000e+00, 0.000000e+00, 0.000000e+00, 0.000000e+00, 0.000000e+00, 0.000000e+00;
  0.000000e+00, 0.000000e+00, 0.000000e+00, 0.000000e+00, 0.000000e+00, 0.000000e+00, 0.000000e+00, 0.000000e+00, 0.000000e+00, 0.000000e+00, 0.000000e+00, 0.000000e+00, 0.000000e+00, 0.000000e+00;
  0.000000e+00, 0.000000e+00, 0.000000e+00, 0.000000e+00, 0.000000e+00, 0.000000e+00, 0.000000e+00, 0.000000e+00, 0.000000e+00, 0.000000e+00, 0.000000e+00, 0.000000e+00, 0.000000e+00, 0.000000e+00;
  0.000000e+00, 0.000000e+00, 0.000000e+00, 0.000000e+00, 0.000000e+00, 0.000000e+00, 0.000000e+00, 0.000000e+00, 0.000000e+00, 0.000000e+00, -2.531563e-04, 1.859685e-04, -4.235723e-05, -7.009897e-05;
  0.000000e+00, 0.000000e+00, 0.000000e+00, 0.000000e+00, 0.000000e+00, 0.000000e+00, 0.000000e+00, 0.000000e+00, 0.000000e+00, 0.000000e+00, 1.859685e-04, -1.477568e-04, 5.793477e-05, 3.110302e-05;
  0.000000e+00, 0.000000e+00, 0.000000e+00, 0.000000e+00, 0.000000e+00, 0.000000e+00, 0.000000e+00, 0.000000e+00, 0.000000e+00, 0.000000e+00, -4.235723e-05, 5.793477e-05, -7.429650e-05, 4.663116e-05;
  0.000000e+00, 0.000000e+00, 0.000000e+00, 0.000000e+00, 0.000000e+00, 0.000000e+00, 0.000000e+00, 0.000000e+00, 0.000000e+00, 0.000000e+00, -7.009897e-05, 3.110302e-05, 4.663116e-05, -8.759570e-05;
];
K(:,:,1,3) = [
  7.730922e-03, -1.414262e-02, 2.438373e-02, -2.086799e-02, 1.023145e-03, 1.772290e-02, 0.000000e+00, 0.000000e+00, 0.000000e+00, 0.000000e+00, 1.277738e-04, -1.148857e-04, 7.178385e-05, -4.054592e-06;
  -1.414262e-02, 2.084040e-02, -3.025809e-02, 2.440779e-02, -2.165477e-03, -1.989121e-02, 0.000000e+00, 0.000000e+00, 0.000000e+00, 0.000000e+00, -4.327717e-04, 3.812268e-04, -2.319507e-04, 2.111586e-05;
  2.438373e-02, -3.025809e-02, 3.615136e-02, -2.758811e-02, 6.671062e-03, 1.693118e-02, 0.000000e+00, 0.000000e+00, 0.000000e+00, 0.000000e+00, 1.351903e-03, -1.174280e-03, 7.049349e-04, -9.810774e-05;
  -2.086799e-02, 2.440779e-02, -2.758811e-02, 2.408827e-02, -1.573849e-02, 5.167535e-04, 0.000000e+00, 0.000000e+00, 0.000000e+00, 0.000000e+00, -2.587197e-03, 2.252314e-03, -1.389487e-03, 2.995449e-04;
  1.023145e-03, -2.165477e-03, 6.671062e-03, -1.573849e-02, 2.492859e-02, -2.413645e-02, 0.000000e+00, 0.000000e+00, 0.000000e+00, 0.000000e+00, 3.364540e-03, -3.006292e-03, 2.028121e-03, -6.747427e-04;
  1.772290e-02, -1.989121e-02, 1.693118e-02, 5.167535e-04, -2.413645e-02, 3.952115e-02, 0.000000e+00, 0.000000e+00, 0.000000e+00, 0.000000e+00, -3.040078e-03, 2.856887e-03, -2.234169e-03, 1.101475e-03;
  0.000000e+00, 0.000000e+00, 0.000000e+00, 0.000000e+00, 0.000000e+00, 0.000000e+00, 0.000000e+00, 0.000000e+00, 0.000000e+00, 0.000000e+00, 0.000000e+00, 0.000000e+00, 0.000000e+00, 0.000000e+00;
  0.000000e+00, 0.000000e+00, 0.000000e+00, 0.000000e+00, 0.000000e+00, 0.000000e+00, 0.000000e+00, 0.000000e+00, 0.000000e+00, 0.000000e+00, 0.000000e+00, 0.000000e+00, 0.000000e+00, 0.000000e+00;
  0.000000e+00, 0.000000e+00, 0.000000e+00, 0.000000e+00, 0.000000e+00, 0.000000e+00, 0.000000e+00, 0.000000e+00, 0.000000e+00, 0.000000e+00, 0.000000e+00, 0.000000e+00, 0.000000e+00, 0.000000e+00;
  0.000000e+00, 0.000000e+00, 0.000000e+00, 0.000000e+00, 0.000000e+00, 0.000000e+00, 0.000000e+00, 0.000000e+00, 0.000000e+00, 0.000000e+00, 0.000000e+00, 0.000000e+00, 0.000000e+00, 0.000000e+00;
  0.000000e+00, 0.000000e+00, 0.000000e+00, 0.000000e+00, 0.000000e+00, 0.000000e+00, 0.000000e+00, 0.000000e+00, 0.000000e+00, 0.000000e+00, 4.001444e-04, -3.398237e-04, 1.697752e-04, 4.391413e-05;
  0.000000e+00, 0.000000e+00, 0.000000e+00, 0.000000e+00, 0.000000e+00, 0.000000e+00, 0.000000e+00, 0.000000e+00, 0.000000e+00, 0.000000e+00, -3.398237e-04, 2.849598e-04, -1.479548e-04, -1.139041e-05;
  0.000000e+00, 0.000000e+00, 0.000000e+00, 0.000000e+00, 0.000000e+00, 0.000000e+00, 0.000000e+00, 0.000000e+00, 0.000000e+00, 0.000000e+00, 1.697752e-04, -1.479548e-04, 1.037942e-04, -5.407022e-05;
  0.000000e+00, 0.000000e+00, 0.000000e+00, 0.000000e+00, 0.000000e+00, 0.000000e+00, 0.000000e+00, 0.000000e+00, 0.000000e+00, 0.000000e+00, 4.391413e-05, -1.139041e-05, -5.407022e-05, 9.491008e-05;
];
K(:,:,1,4) = [
  2.401866e-03, 2.990655e-03, -2.086799e-02, 3.913195e-02, -3.095153e-02, -3.687012e-03, 0.000000e+00, 0.000000e+00, 0.000000e+00, 0.000000e+00, -1.761373e-04, 1.658061e-04, -1.246549e-04, 4.229085e-05;
  2.990655e-03, -9.388580e-03, 2.770948e-02, -4.416567e-02, 3.424852e-02, 2.561187e-03, 0.000000e+00, 0.000000e+00, 0.000000e+00, 0.000000e+00, 5.688316e-04, -5.285551e-04, 3.884540e-04, -1.351388e-04;
  -2.086799e-02, 2.770948e-02, -3.979823e-02, 4.344143e-02, -3.042836e-02, 1.075764e-04, 0.000000e+00, 0.000000e+00, 0.000000e+00, 0.000000e+00, -1.733733e-03, 1.577708e-03, -1.111730e-03, 3.838340e-04;
  3.913195e-02, -4.416567e-02, 4.344143e-02, -2.762114e-02, 1.350189e-02, -3.405667e-03, 0.000000e+00, 0.000000e+00, 0.000000e+00, 0.000000e+00, 3.408203e-03, -3.031199e-03, 2.024142e-03, -6.622409e-04;
  -3.095153e-02, 3.424852e-02, -3.042836e-02, 1.350189e-02, -4.811469e-03, 1.061758e-02, 0.000000e+00, 0.000000e+00, 0.000000e+00, 0.000000e+00, -4.850288e-03, 4.268686e-03, -2.767186e-03, 8.574701e-04;
  -3.687012e-03, 2.561187e-03, 1.075764e-04, -3.405667e-03, 1.061758e-02, -2.452597e-02, 0.000000e+00, 0.000000e+00, 0.000000e+00, 0.000000e+00, 5.026025e-03, -4.492759e-03, 3.031694e-03, -1.017709e-03;
  0.000000e+00, 0.000000e+00, 0.000000e+00, 0.000000e+00, 0.000000e+00, 0.000000e+00, 0.000000e+00, 0.000000e+00, 0.000000e+00, 0.000000e+00, 0.000000e+00, 0.000000e+00, 0.000000e+00, 0.000000e+00;
  0.000000e+00, 0.000000e+00, 0.000000e+00, 0.000000e+00, 0.000000e+00, 0.000000e+00, 0.000000e+00, 0.000000e+00, 0.000000e+00, 0.000000e+00, 0.000000e+00, 0.000000e+00, 0.000000e+00, 0.000000e+00;
  0.000000e+00, 0.000000e+00, 0.000000e+00, 0.000000e+00, 0.000000e+00, 0.000000e+00, 0.000000e+00, 0.000000e+00, 0.000000e+00, 0.000000e+00, 0.000000e+00, 0.000000e+00, 0.000000e+00, 0.000000e+00;
  0.000000e+00, 0.000000e+00, 0.000000e+00, 0.000000e+00, 0.000000e+00, 0.000000e+00, 0.000000e+00, 0.000000e+00, 0.000000e+00, 0.000000e+00, 0.000000e+00, 0.000000e+00, 0.000000e+00, 0.000000e+00;
  0.000000e+00, 0.000000e+00, 0.000000e+00, 0.000000e+00, 0.000000e+00, 0.000000e+00, 0.000000e+00, 0.000000e+00, 0.000000e+00, 0.000000e+00, -4.566618e-04, 4.407555e-04, -3.405275e-04, 1.013029e-04;
  0.000000e+00, 0.000000e+00, 0.000000e+00, 0.000000e+00, 0.000000e+00, 0.000000e+00, 0.000000e+00, 0.000000e+00, 0.000000e+00, 0.000000e+00, 4.407555e-04, -3.985947e-04, 2.710292e-04, -7.318253e-05;
  0.000000e+00, 0.000000e+00, 0.000000e+00, 0.000000e+00, 0.000000e+00, 0.000000e+00, 0.000000e+00, 0.000000e+00, 0.000000e+00, 0.000000e+00, -3.405275e-04, 2.710292e-04, -1.312497e-04, 2.588774e-05;
  0.000000e+00, 0.000000e+00, 0.000000e+00, 0.000000e+00, 0.000000e+00, 0.000000e+00, 0.000000e+00, 0.000000e+00, 0.000000e+00, 0.000000e+00, 1.013029e-04, -7.318253e-05, 2.588774e-05, -1.439827e-05;
];
K(:,:,1,5) = [
  -7.938814e-03, 8.338750e-03, 1.023145e-03, -3.095153e-02, 5.764249e-02, -4.105237e-02, 0.000000e+00, 0.000000e+00, 0.000000e+00, 0.000000e+00, 1.835198e-04, -1.807387e-04, 1.599901e-04, -9.529781e-05;
  8.338750e-03, -7.290634e-03, -5.465922e-03, 3.765011e-02, -6.403803e-02, 4.648706e-02, 0.000000e+00, 0.000000e+00, 0.000000e+00, 0.000000e+00, -6.150271e-04, 5.937763e-04, -4.998801e-04, 2.772515e-04;
  1.023145e-03, -5.465922e-03, 2.042648e-02, -4.311122e-02, 5.703945e-02, -4.217847e-02, 0.000000e+00, 0.000000e+00, 0.000000e+00, 0.000000e+00, 1.904232e-03, -1.795392e-03, 1.420359e-03, -7.126023e-04;
  -3.095153e-02, 3.765011e-02, -4.311122e-02, 3.265986e-02, -1.759969e-02, 1.064798e-02, 0.000000e+00, 0.000000e+00, 0.000000e+00, 0.000000e+00, -3.760212e-03, 3.440671e-03, -2.507288e-03, 1.071677e-03;
  5.764249e-02, -6.403803e-02, 5.703945e-02, -1.759969e-02, -2.023087e-02, 2.349931e-02, 0.000000e+00, 0.000000e+00, 0.000000e+00, 0.000000e+00, 5.511675e-03, -4.880380e-03, 3.217136e-03, -1.037598e-03;
  -4.105237e-02, 4.648706e-02, -4.217847e-02, 1.064798e-02, 2.349931e-02, -2.880893e-02, 0.000000e+00, 0.000000e+00, 0.000000e+00, 0.000000e+00, -6.254518e-03, 5.418294e-03, -3.283002e-03, 6.644436e-04;
  0.000000e+00, 0.000000e+00, 0.000000e+00, 0.000000e+00, 0.000000e+00, 0.000000e+00, 0.000000e+00, 0.000000e+00, 0.000000e+00, 0.000000e+00, 0.000000e+00, 0.000000e+00, 0.000000e+00, 0.000000e+00;
  0.000000e+00, 0.000000e+00, 0.000000e+00, 0.000000e+00, 0.000000e+00, 0.000000e+00, 0.000000e+00, 0.000000e+00, 0.000000e+00, 0.000000e+00, 0.000000e+00, 0.000000e+00, 0.000000e+00, 0.000000e+00;
  0.000000e+00, 0.000000e+00, 0.000000e+00, 0.000000e+00, 0.000000e+00, 0.000000e+00, 0.000000e+00, 0.000000e+00, 0.000000e+00, 0.000000e+00, 0.000000e+00, 0.000000e+00, 0.000000e+00, 0.000000e+00;
  0.000000e+00, 0.000000e+00, 0.000000e+00, 0.000000e+00, 0.000000e+00, 0.000000e+00, 0.000000e+00, 0.000000e+00, 0.000000e+00, 0.000000e+00, 0.000000e+00, 0.000000e+00, 0.000000e+00, 0.000000e+00;
  0.000000e+00, 0.000000e+00, 0.000000e+00, 0.000000e+00, 0.000000e+00, 0.000000e+00, 0.000000e+00, 0.000000e+00, 0.000000e+00, 0.000000e+00, 3.963527e-04, -4.182356e-04, 4.262679e-04, -2.932561e-04;
  0.000000e+00, 0.000000e+00, 0.000000e+00, 0.000000e+00, 0.000000e+00, 0.000000e+00, 0.000000e+00, 0.000000e+00, 0.000000e+00, 0.000000e+00, -4.182356e-04, 4.113103e-04, -3.557459e-04, 1.970796e-04;
  0.000000e+00, 0.000000e+00, 0.000000e+00, 0.000000e+00, 0.000000e+00, 0.000000e+00, 0.000000e+00, 0.000000e+00, 0.000000e+00, 0.000000e+00, 4.262679e-04, -3.557459e-04, 1.821220e-04, -3.883822e-06;
  0.000000e+00, 0.000000e+00, 0.000000e+00, 0.000000e+00, 0.000000e+00, 0.000000e+00, 0.000000e+00, 0.000000e+00, 0.000000e+00, 0.000000e+00, -2.932561e-04, 1.970796e-04, -3.883822e-06, -1.169907e-04;
];
K(:,:,1,6) = [
  7.666293e-03, -1.204939e-02, 1.772290e-02, -3.687012e-03, -4.105237e-02, 7.868241e-02, 0.000000e+00, 0.000000e+00, 0.000000e+00, 0.000000e+00, -1.311664e-04, 1.362528e-04, -1.429567e-04, 1.244127e-04;
  -1.204939e-02, 1.615804e-02, -1.876993e-02, -1.202827e-03, 4.947748e-02, -8.709429e-02, 0.000000e+00, 0.000000e+00, 0.000000e+00, 0.000000e+00, 4.708975e-04, -4.761818e-04, 4.642738e-04, -3.615571e-04;
  1.772290e-02, -1.876993e-02, 1.144284e-02, 1.620629e-02, -5.539475e-02, 7.901208e-02, 0.000000e+00, 0.000000e+00, 0.000000e+00, 0.000000e+00, -1.573082e-03, 1.539199e-03, -1.367615e-03, 9.081406e-04;
  -3.687012e-03, -1.202827e-03, 1.620629e-02, -3.234973e-02, 3.464920e-02, -2.714104e-02, 0.000000e+00, 0.000000e+00, 0.000000e+00, 0.000000e+00, 3.292479e-03, -3.100959e-03, 2.459085e-03, -1.284789e-03;
  -4.105237e-02, 4.947748e-02, -5.539475e-02, 3.464920e-02, 6.642922e-03, -3.788306e-02, 0.000000e+00, 0.000000e+00, 0.000000e+00, 0.000000e+00, -4.965598e-03, 4.470114e-03, -3.067756e-03, 1.042489e-03;
  7.868241e-02, -8.709429e-02, 7.901208e-02, -2.714104e-02, -3.788306e-02, 7.685513e-02, 0.000000e+00, 0.000000e+00, 0.000000e+00, 0.000000e+00, 5.829478e-03, -4.981419e-03, 2.817544e-03, -2.024782e-04;
  0.000000e+00, 0.000000e+00, 0.000000e+00, 0.000000e+00, 0.000000e+00, 0.000000e+00, 0.000000e+00, 0.000000e+00, 0.000000e+00, 0.000000e+00, 0.000000e+00, 0.000000e+00, 0.000000e+00, 0.000000e+00;
  0.000000e+00, 0.000000e+00, 0.000000e+00, 0.000000e+00, 0.000000e+00, 0.000000e+00, 0.000000e+00, 0.000000e+00, 0.000000e+00, 0.000000e+00, 0.000000e+00, 0.000000e+00, 0.000000e+00, 0.000000e+00;
  0.000000e+00, 0.000000e+00, 0.000000e+00, 0.000000e+00, 0.000000e+00, 0.000000e+00, 0.000000e+00, 0.000000e+00, 0.000000e+00, 0.000000e+00, 0.000000e+00, 0.000000e+00, 0.000000e+00, 0.000000e+00;
  0.000000e+00, 0.000000e+00, 0.000000e+00, 0.000000e+00, 0.000000e+00, 0.000000e+00, 0.000000e+00, 0.000000e+00, 0.000000e+00, 0.000000e+00, 0.000000e+00, 0.000000e+00, 0.000000e+00, 0.000000e+00;
  0.000000e+00, 0.000000e+00, 0.000000e+00, 0.000000e+00, 0.000000e+00, 0.000000e+00, 0.000000e+00, 0.000000e+00, 0.000000e+00, 0.000000e+00, -2.713787e-04, 2.940314e-04, -3.478358e-04, 3.558687e-04;
  0.000000e+00, 0.000000e+00, 0.000000e+00, 0.000000e+00, 0.000000e+00, 0.000000e+00, 0.000000e+00, 0.000000e+00, 0.000000e+00, 0.000000e+00, 2.940314e-04, -3.096073e-04, 3.249501e-04, -2.653841e-04;
  0.000000e+00, 0.000000e+00, 0.000000e+00, 0.000000e+00, 0.000000e+00, 0.000000e+00, 0.000000e+00, 0.000000e+00, 0.000000e+00, 0.000000e+00, -3.478358e-04, 3.249501e-04, -2.271555e-04, 4.445952e-05;
  0.000000e+00, 0.000000e+00, 0.000000e+00, 0.000000e+00, 0.000000e+00, 0.000000e+00, 0.000000e+00, 0.000000e+00, 0.000000e+00, 0.000000e+00, 3.558687e-04, -2.653841e-04, 4.445952e-05, 1.715896e-04;
];
K(:,:,1,7) = [
  0.000000e+00, 0.000000e+00, 0.000000e+00, 0.000000e+00, 0.000000e+00, 0.000000e+00, 7.842542e-03, -7.885953e-03, 5.594288e-03, -7.727795e-04, 0.000000e+00, 0.000000e+00, 0.000000e+00, 0.000000e+00;
  0.000000e+00, 0.000000e+00, 0.000000e+00, 0.000000e+00, 0.000000e+00, 0.000000e+00, -7.885953e-03, 8.691020e-03, -8.007926e-03, 3.933005e-03, 0.000000e+00, 0.000000e+00, 0.000000e+00, 0.000000e+00;
  0.000000e+00, 0.000000e+00, 0.000000e+00, 0.000000e+00, 0.000000e+00, 0.000000e+00, 5.594288e-03, -8.007926e-03, 1.192103e-02, -1.221339e-02, 0.000000e+00, 0.000000e+00, 0.000000e+00, 0.000000e+00;
  0.000000e+00, 0.000000e+00, 0.000000e+00, 0.000000e+00, 0.000000e+00, 0.000000e+00, -7.727795e-04, 3.933005e-03, -1.221339e-02, 2.021901e-02, 0.000000e+00, 0.000000e+00, 0.000000e+00, 0.000000e+00;
  0.000000e+00, 0.000000e+00, 0.000000e+00, 0.000000e+00, 0.000000e+00, 0.000000e+00, -2.255749e-03, 4.205749e-05, 8.196813e-03, -2.107530e-02, 0.000000e+00, 0.000000e+00, 0.000000e+00, 0.000000e+00;
  0.000000e+00, 0.000000e+00, 0.000000e+00, 0.000000e+00, 0.000000e+00, 0.000000e+00, 2.659828e-03, -1.997252e-03, -2.569134e-03, 1.369875e-02, 0.000000e+00, 0.000000e+00, 0.000000e+00, 0.000000e+00;
  7.052256e-03, -6.711636e-03, 3.737211e-03, 1.347998e-03, -4.097654e-03, 3.920950e-03, 0.000000e+00, 0.000000e+00, 0.000000e+00, 0.000000e+00, 5.986192e-05, -4.266461e-05, 7.751454e-06, 1.695338e-05;
  -6.711636e-03, 6.809514e-03, -4.713594e-03, -1.969060e-04, 3.876756e-03, -4.676357e-03, 0.000000e+00, 0.000000e+00, 0.000000e+00, 0.000000e+00, -1.708228e-04, 1.293958e-04, -3.861445e-05, -3.863683e-05;
  3.737211e-03, -4.713594e-03, 5.333073e-03, -2.839695e-03, -1.485455e-03, 4.651326e-03, 0.000000e+00, 0.000000e+00, 0.000000e+00, 0.000000e+00, 4.259075e-04, -3.482972e-04, 1.570111e-04, 4.991490e-05;
  1.347998e-03, -1.969060e-04, -2.839695e-03, 4.984754e-03, -3.154334e-03, -1.256669e-03, 0.000000e+00, 0.000000e+00, 0.000000e+00, 0.000000e+00, -6.243127e-04, 5.582670e-04, -3.567557e-04, 5.240746e-05;
  0.000000e+00, 0.000000e+00, 0.000000e+00, 0.000000e+00, 0.000000e+00, 0.000000e+00, 0.000000e+00, 0.000000e+00, 0.000000e+00, 0.000000e+00, 0.000000e+00, 0.000000e+00, 0.000000e+00, 0.000000e+00;
  0.000000e+00, 0.000000e+00, 0.000000e+00, 0.000000e+00, 0.000000e+00, 0.000000e+00, 0.000000e+00, 0.000000e+00, 0.000000e+00, 0.000000e+00, 0.000000e+00, 0.000000e+00, 0.000000e+00, 0.000000e+00;
  0.000000e+00, 0.000000e+00, 0.000000e+00, 0.000000e+00, 0.000000e+00, 0.000000e+00, 0.000000e+00, 0.000000e+00, 0.000000e+00, 0.000000e+00, 0.000000e+00, 0.000000e+00, 0.000000e+00, 0.000000e+00;
  0.000000e+00, 0.000000e+00, 0.000000e+00, 0.000000e+00, 0.000000e+00, 0.000000e+00, 0.000000e+00, 0.000000e+00, 0.000000e+00, 0.000000e+00, 0.000000e+00, 0.000000e+00, 0.000000e+00, 0.000000e+00;
];
K(:,:,1,8) = [
  0.000000e+00, 0.000000e+00, 0.000000e+00, 0.000000e+00, 0.000000e+00, 0.000000e+00, -7.885953e-03, 1.051002e-02, -1.226826e-02, 6.745418e-03, 0.000000e+00, 0.000000e+00, 0.000000e+00, 0.000000e+00;
  0.000000e+00, 0.000000e+00, 0.000000e+00, 0.000000e+00, 0.000000e+00, 0.000000e+00, 8.691020e-03, -1.209881e-02, 1.582509e-02, -1.192017e-02, 0.000000e+00, 0.000000e+00, 0.000000e+00, 0.000000e+00;
  0.000000e+00, 0.000000e+00, 0.000000e+00, 0.000000e+00, 0.000000e+00, 0.000000e+00, -8.007926e-03, 1.255363e-02, -2.090689e-02, 2.383398e-02, 0.000000e+00, 0.000000e+00, 0.000000e+00, 0.000000e+00;
  0.000000e+00, 0.000000e+00, 0.000000e+00, 0.000000e+00, 0.000000e+00, 0.000000e+00, 3.933005e-03, -8.384570e-03, 2.053229e-02, -3.404661e-02, 0.000000e+00, 0.000000e+00, 0.000000e+00, 0.000000e+00;
  0.000000e+00, 0.000000e+00, 0.000000e+00, 0.000000e+00, 0.000000e+00, 0.000000e+00, 4.205749e-05, 3.049366e-03, -1.490807e-02, 3.495659e-02, 0.000000e+00, 0.000000e+00, 0.000000e+00, 0.000000e+00;
  0.000000e+00, 0.000000e+00, 0.000000e+00, 0.000000e+00, 0.000000e+00, 0.000000e+00, -1.997252e-03, 8.828070e-04, 6.456238e-03, -2.438932e-02, 0.000000e+00, 0.000000e+00, 0.000000e+00, 0.000000e+00;
  -6.711636e-03, 6.809514e-03, -4.713594e-03, -1.969060e-04, 3.876756e-03, -4.676357e-03, 0.000000e+00, 0.000000e+00, 0.000000e+00, 0.000000e+00, -1.703298e-05, 1.468886e-05, -7.703849e-06, -1.576688e-06;
  8.628517e-03, -8.968025e-03, 6.747585e-03, -6.213537e-04, -4.621895e-03, 6.481113e-03, 0.000000e+00, 0.000000e+00, 0.000000e+00, 0.000000e+00, 7.447842e-05, -6.171930e-05, 2.961106e-05, 6.663692e-06;
  -8.973926e-03, 1.001904e-02, -9.218290e-03, 3.450840e-03, 3.528479e-03, -8.038561e-03, 0.000000e+00, 0.000000e+00, 0.000000e+00, 0.000000e+00, -2.644186e-04, 2.198720e-04, -1.103870e-04, -1.214326e-05;
  2.615508e-03, -4.156955e-03, 6.752526e-03, -6.565091e-03, 2.176782e-03, 4.030259e-03, 0.000000e+00, 0.000000e+00, 0.000000e+00, 0.000000e+00, 5.192801e-04, -4.471159e-04, 2.597369e-04, -2.608976e-05;
  0.000000e+00, 0.000000e+00, 0.000000e+00, 0.000000e+00, 0.000000e+00, 0.000000e+00, 0.000000e+00, 0.000000e+00, 0.000000e+00, 0.000000e+00, 0.000000e+00, 0.000000e+00, 0.000000e+00, 0.000000e+00;
  0.000000e+00, 0.000000e+00, 0.000000e+00, 0.000000e+00, 0.000000e+00, 0.000000e+00, 0.000000e+00, 0.000000e+00, 0.000000e+00, 0.000000e+00, 0.000000e+00, 0.000000e+00, 0.000000e+00, 0.000000e+00;
  0.000000e+00, 0.000000e+00, 0.000000e+00, 0.000000e+00, 0.000000e+00, 0.000000e+00, 0.000000e+00, 0.000000e+00, 0.000000e+00, 0.000000e+00, 0.000000e+00, 0.000000e+00, 0.000000e+00, 0.000000e+00;
  0.000000e+00, 0.000000e+00, 0.000000e+00, 0.000000e+00, 0.000000e+00, 0.000000e+00, 0.000000e+00, 0.000000e+00, 0.000000e+00, 0.000000e+00, 0.000000e+00, 0.000000e+00, 0.000000e+00, 0.000000e+00;
];
K(:,:,1,9) = [
  0.000000e+00, 0.000000e+00, 0.000000e+00, 0.000000e+00, 0.000000e+00, 0.000000e+00, 5.594288e-03, -1.226826e-02, 2.472803e-02, -2.610521e-02, 0.000000e+00, 0.000000e+00, 0.000000e+00, 0.000000e+00;
  0.000000e+00, 0.000000e+00, 0.000000e+00, 0.000000e+00, 0.000000e+00, 0.000000e+00, -8.007926e-03, 1.582509e-02, -3.111240e-02, 3.567543e-02, 0.000000e+00, 0.000000e+00, 0.000000e+00, 0.000000e+00;
  0.000000e+00, 0.000000e+00, 0.000000e+00, 0.000000e+00, 0.000000e+00, 0.000000e+00, 1.192103e-02, -2.090689e-02, 4.044619e-02, -5.390311e-02, 0.000000e+00, 0.000000e+00, 0.000000e+00, 0.000000e+00;
  0.000000e+00, 0.000000e+00, 0.000000e+00, 0.000000e+00, 0.000000e+00, 0.000000e+00, -1.221339e-02, 2.053229e-02, -4.169299e-02, 6.628368e-02, 0.000000e+00, 0.000000e+00, 0.000000e+00, 0.000000e+00;
  0.000000e+00, 0.000000e+00, 0.000000e+00, 0.000000e+00, 0.000000e+00, 0.000000e+00, 8.196813e-03, -1.490807e-02, 3.532143e-02, -6.732935e-02, 0.000000e+00, 0.000000e+00, 0.000000e+00, 0.000000e+00;
  0.000000e+00, 0.000000e+00, 0.000000e+00, 0.000000e+00, 0.000000e+00, 0.000000e+00, -2.569134e-03, 6.456238e-03, -2.156590e-02, 5.190662e-02, 0.000000e+00, 0.000000e+00, 0.000000e+00, 0.000000e+00;
  3.737211e-03, -4.713594e-03, 5.333073e-03, -2.839695e-03, -1.485455e-03, 4.651326e-03, 0.000000e+00, 0.000000e+00, 0.000000e+00, 0.000000e+00, -3.292028e-05, 2.110357e-05, 1.717452e-06, -1.461317e-05;
  -8.973926e-03, 1.001904e-02, -9.218290e-03, 3.450840e-03, 3.528479e-03, -8.038561e-03, 0.000000e+00, 0.000000e+00, 0.000000e+00, 0.000000e+00, 7.407162e-05, -4.836528e-05, -3.258220e-06, 3.569375e-05;
  1.814007e-02, -1.942379e-02, 1.641394e-02, -5.162622e-03, -6.429533e-03, 1.364343e-02, 0.000000e+00, 0.000000e+00, 0.000000e+00, 0.000000e+00, -8.462090e-05, 5.531847e-05, 9.163946e-06, -5.826878e-05;
  -1.673151e-02, 1.859397e-02, -1.737274e-02, 8.015452e-03, 3.357517e-03, -1.222002e-02, 0.000000e+00, 0.000000e+00, 0.000000e+00, 0.000000e+00, -1.328390e-04, 1.023037e-04, -4.618383e-05, 1.438093e-05;
  0.000000e+00, 0.000000e+00, 0.000000e+00, 0.000000e+00, 0.000000e+00, 0.000000e+00, 0.000000e+00, 0.000000e+00, 0.000000e+00, 0.000000e+00, 0.000000e+00, 0.000000e+00, 0.000000e+00, 0.000000e+00;
  0.000000e+00, 0.000000e+00, 0.000000e+00, 0.000000e+00, 0.000000e+00, 0.000000e+00, 0.000000e+00, 0.000000e+00, 0.000000e+00, 0.000000e+00, 0.000000e+00, 0.000000e+00, 0.000000e+00, 0.000000e+00;
  0.000000e+00, 0.000000e+00, 0.000000e+00, 0.000000e+00, 0.000000e+00, 0.000000e+00, 0.000000e+00, 0.000000e+00, 0.000000e+00, 0.000000e+00, 0.000000e+00, 0.000000e+00, 0.000000e+00, 0.000000e+00;
  0.000000e+00, 0.000000e+00, 0.000000e+00, 0.000000e+00, 0.000000e+00, 0.000000e+00, 0.000000e+00, 0.000000e+00, 0.000000e+00, 0.000000e+00, 0.000000e+00, 0.000000e+00, 0.000000e+00, 0.000000e+00;
];
K(:,:,1,10) = [
  0.000000e+00, 0.000000e+00, 0.000000e+00, 0.000000e+00, 0.000000e+00, 0.000000e+00, -7.727795e-04, 6.745418e-03, -2.610521e-02, 4.727559e-02, 0.000000e+00, 0.000000e+00, 0.000000e+00, 0.000000e+00;
  0.000000e+00, 0.000000e+00, 0.000000e+00, 0.000000e+00, 0.000000e+00, 0.000000e+00, 3.933005e-03, -1.192017e-02, 3.567543e-02, -6.128254e-02, 0.000000e+00, 0.000000e+00, 0.000000e+00, 0.000000e+00;
  0.000000e+00, 0.000000e+00, 0.000000e+00, 0.000000e+00, 0.000000e+00, 0.000000e+00, -1.221339e-02, 2.383398e-02, -5.390311e-02, 8.563684e-02, 0.000000e+00, 0.000000e+00, 0.000000e+00, 0.000000e+00;
  0.000000e+00, 0.000000e+00, 0.000000e+00, 0.000000e+00, 0.000000e+00, 0.000000e+00, 2.021901e-02, -3.404661e-02, 6.628368e-02, -1.004106e-01, 0.000000e+00, 0.000000e+00, 0.000000e+00, 0.000000e+00;
  0.000000e+00, 0.000000e+00, 0.000000e+00, 0.000000e+00, 0.000000e+00, 0.000000e+00, -2.107530e-02, 3.495659e-02, -6.732935e-02, 1.039798e-01, 0.000000e+00, 0.000000e+00, 0.000000e+00, 0.000000e+00;
  0.000000e+00, 0.000000e+00, 0.000000e+00, 0.000000e+00, 0.000000e+00, 0.000000e+00, 1.369875e-02, -2.438932e-02, 5.190662e-02, -8.794954e-02, 0.000000e+00, 0.000000e+00, 0.000000e+00, 0.000000e+00;
  1.347998e-03, -1.969060e-04, -2.839695e-03, 4.984754e-03, -3.154334e-03, -1.256669e-03, 0.000000e+00, 0.000000e+00, 0.000000e+00, 0.000000e+00, 2.252035e-05, -1.879429e-05, 7.821639e-06, 5.888294e-06;
  2.615508e-03, -4.156955e-03, 6.752526e-03, -6.565091e-03, 2.176782e-03, 4.030259e-03, 0.000000e+00, 0.000000e+00, 0.000000e+00, 0.000000e+00, -9.484136e-05, 7.472132e-05, -2.577002e-05, -2.417989e-05;
  -1.673151e-02, 1.859397e-02, -1.737274e-02, 8.015452e-03, 3.357517e-03, -1.222002e-02, 0.000000e+00, 0.000000e+00, 0.000000e+00, 0.000000e+00, 2.962664e-04, -2.310402e-04, 7.976696e-05, 6.669600e-05;
  3.204133e-02, -3.380102e-02, 2.736862e-02, -7.378419e-03, -1.075859e-02, 2.024151e-02, 0.000000e+00, 0.000000e+00, 0.000000e+00, 0.000000e+00, -4.043523e-04, 3.292114e-04, -1.463632e-04, -5.254407e-05;
  0.000000e+00, 0.000000e+00, 0.000000e+00, 0.000000e+00, 0.000000e+00, 0.000000e+00, 0.000000e+00, 0.000000e+00, 0.000000e+00, 0.000000e+00, 0.000000e+00, 0.000000e+00, 0.000000e+00, 0.000000e+00;
  0.000000e+00, 0.000000e+00, 0.000000e+00, 0.000000e+00, 0.000000e+00, 0.000000e+00, 0.000000e+00, 0.000000e+00, 0.000000e+00, 0.000000e+00, 0.000000e+00, 0.000000e+00, 0.000000e+00, 0.000000e+00;
  0.000000e+00, 0.000000e+00, 0.000000e+00, 0.000000e+00, 0.000000e+00, 0.000000e+00, 0.000000e+00, 0.000000e+00, 0.000000e+00, 0.000000e+00, 0.000000e+00, 0.000000e+00, 0.000000e+00, 0.000000e+00;
  0.000000e+00, 0.000000e+00, 0.000000e+00, 0.000000e+00, 0.000000e+00, 0.000000e+00, 0.000000e+00, 0.000000e+00, 0.000000e+00, 0.000000e+00, 0.000000e+00, 0.000000e+00, 0.000000e+00, 0.000000e+00;
];
K(:,:,1,11) = [
  -2.993096e-05, 4.696394e-05, -8.034703e-05, 9.932882e-05, -9.189998e-05, 6.400325e-05, 0.000000e+00, 0.000000e+00, 0.000000e+00, 0.000000e+00, 0.000000e+00, 0.000000e+00, 0.000000e+00, 0.000000e+00;
  -2.993096e-05, 4.696394e-05, -8.034703e-05, 9.932882e-05, -9.189998e-05, 6.400325e-05, 0.000000e+00, 0.000000e+00, 0.000000e+00, 0.000000e+00, 0.000000e+00, 0.000000e+00, 0.000000e+00, 0.000000e+00;
  1.848664e-04, -3.089033e-04, 5.773162e-04, -7.807818e-04, 7.825518e-04, -5.767260e-04, 0.000000e+00, 0.000000e+00, 0.000000e+00, 0.000000e+00, 0.000000e+00, 0.000000e+00, 0.000000e+00, 0.000000e+00;
  -3.263262e-04, 5.852128e-04, -1.205141e-03, 1.802220e-03, -1.990499e-03, 1.598126e-03, 0.000000e+00, 0.000000e+00, 0.000000e+00, 0.000000e+00, 0.000000e+00, 0.000000e+00, 0.000000e+00, 0.000000e+00;
  3.451944e-04, -6.668599e-04, 1.523605e-03, -2.552768e-03, 3.176108e-03, -2.876699e-03, 0.000000e+00, 0.000000e+00, 0.000000e+00, 0.000000e+00, 0.000000e+00, 0.000000e+00, 0.000000e+00, 0.000000e+00;
  -2.574588e-04, 5.270398e-04, -1.320454e-03, 2.482088e-03, -3.527958e-03, 3.703717e-03, 0.000000e+00, 0.000000e+00, 0.000000e+00, 0.000000e+00, 0.000000e+00, 0.000000e+00, 0.000000e+00, 0.000000e+00;
  0.000000e+00, 0.000000e+00, 0.000000e+00, 0.000000e+00, 0.000000e+00, 0.000000e+00, 0.000000e+00, 0.000000e+00, 0.000000e+00, 0.000000e+00, 0.000000e+00, 0.000000e+00, 0.000000e+00, 0.000000e+00;
  0.000000e+00, 0.000000e+00, 0.000000e+00, 0.000000e+00, 0.000000e+00, 0.000000e+00, 0.000000e+00, 0.000000e+00, 0.000000e+00, 0.000000e+00, 0.000000e+00, 0.000000e+00, 0.000000e+00, 0.000000e+00;
  0.000000e+00, 0.000000e+00, 0.000000e+00, 0.000000e+00, 0.000000e+00, 0.000000e+00, 0.000000e+00, 0.000000e+00, 0.000000e+00, 0.000000e+00, 0.000000e+00, 0.000000e+00, 0.000000e+00, 0.000000e+00;
  0.000000e+00, 0.000000e+00, 0.000000e+00, 0.000000e+00, 0.000000e+00, 0.000000e+00, 0.000000e+00, 0.000000e+00, 0.000000e+00, 0.000000e+00, 0.000000e+00, 0.000000e+00, 0.000000e+00, 0.000000e+00;
  0.000000e+00, 0.000000e+00, 0.000000e+00, 0.000000e+00, 0.000000e+00, 0.000000e+00, 0.000000e+00, 0.000000e+00, 0.000000e+00, 0.000000e+00, 2.244822e-05, -1.599923e-05, 2.906795e-06, 6.357518e-06;
  0.000000e+00, 0.000000e+00, 0.000000e+00, 0.000000e+00, 0.000000e+00, 0.000000e+00, 0.000000e+00, 0.000000e+00, 0.000000e+00, 0.000000e+00, -1.599923e-05, 1.267751e-05, -4.820856e-06, -2.907517e-06;
  0.000000e+00, 0.000000e+00, 0.000000e+00, 0.000000e+00, 0.000000e+00, 0.000000e+00, 0.000000e+00, 0.000000e+00, 0.000000e+00, 0.000000e+00, 2.906795e-06, -4.820856e-06, 6.863196e-06, -4.106542e-06;
  0.000000e+00, 0.000000e+00, 0.000000e+00, 0.000000e+00, 0.000000e+00, 0.000000e+00, 0.000000e+00, 0.000000e+00, 0.000000e+00, 0.000000e+00, 6.357518e-06, -2.907517e-06, -4.106542e-06, 7.836064e-06;
];
K(:,:,1,12) = [
  2.133231e-05, -3.602117e-05, 6.799461e-05, -9.230019e-05, 9.219514e-05, -6.729572e-05, 0.000000e+00, 0.000000e+00, 0.000000e+00, 0.000000e+00, 0.000000e+00, 0.000000e+00, 0.000000e+00, 0.000000e+00;
  2.133231e-05, -3.602117e-05, 6.799461e-05, -9.230019e-05, 9.219514e-05, -6.729572e-05, 0.000000e+00, 0.000000e+00, 0.000000e+00, 0.000000e+00, 0.000000e+00, 0.000000e+00, 0.000000e+00, 0.000000e+00;
  -1.443134e-04, 2.497402e-04, -4.913277e-04, 7.036424e-04, -7.482275e-04, 5.828146e-04, 0.000000e+00, 0.000000e+00, 0.000000e+00, 0.000000e+00, 0.000000e+00, 0.000000e+00, 0.000000e+00, 0.000000e+00;
  2.813664e-04, -5.039585e-04, 1.044904e-03, -1.593658e-03, 1.820561e-03, -1.532521e-03, 0.000000e+00, 0.000000e+00, 0.000000e+00, 0.000000e+00, 0.000000e+00, 0.000000e+00, 0.000000e+00, 0.000000e+00;
  -3.295085e-04, 6.184225e-04, -1.370852e-03, 2.256367e-03, -2.807018e-03, 2.597708e-03, 0.000000e+00, 0.000000e+00, 0.000000e+00, 0.000000e+00, 0.000000e+00, 0.000000e+00, 0.000000e+00, 0.000000e+00;
  2.655402e-04, -5.253324e-04, 1.255059e-03, -2.250369e-03, 3.081598e-03, -3.176643e-03, 0.000000e+00, 0.000000e+00, 0.000000e+00, 0.000000e+00, 0.000000e+00, 0.000000e+00, 0.000000e+00, 0.000000e+00;
  0.000000e+00, 0.000000e+00, 0.000000e+00, 0.000000e+00, 0.000000e+00, 0.000000e+00, 0.000000e+00, 0.000000e+00, 0.000000e+00, 0.000000e+00, 0.000000e+00, 0.000000e+00, 0.000000e+00, 0.000000e+00;
  0.000000e+00, 0.000000e+00, 0.000000e+00, 0.000000e+00, 0.000000e+00, 0.000000e+00, 0.000000e+00, 0.000000e+00, 0.000000e+00, 0.000000e+00, 0.000000e+00, 0.000000e+00, 0.000000e+00, 0.000000e+00;
  0.000000e+00, 0.000000e+00, 0.000000e+00, 0.000000e+00, 0.000000e+00, 0.000000e+00, 0.000000e+00, 0.000000e+00, 0.000000e+00, 0.000000e+00, 0.000000e+00, 0.000000e+00, 0.000000e+00, 0.000000e+00;
  0.000000e+00, 0.000000e+00, 0.000000e+00, 0.000000e+00, 0.000000e+00, 0.000000e+00, 0.000000e+00, 0.000000e+00, 0.000000e+00, 0.000000e+00, 0.000000e+00, 0.000000e+00, 0.000000e+00, 0.000000e+00;
  0.000000e+00, 0.000000e+00, 0.000000e+00, 0.000000e+00, 0.000000e+00, 0.000000e+00, 0.000000e+00, 0.000000e+00, 0.000000e+00, 0.000000e+00, -1.599923e-05, 1.267751e-05, -4.820856e-06, -2.907517e-06;
  0.000000e+00, 0.000000e+00, 0.000000e+00, 0.000000e+00, 0.000000e+00, 0.000000e+00, 0.000000e+00, 0.000000e+00, 0.000000e+00, 0.000000e+00, 1.267751e-05, -1.041004e-05, 4.884995e-06, 1.125488e-06;
  0.000000e+00, 0.000000e+00, 0.000000e+00, 0.000000e+00, 0.000000e+00, 0.000000e+00, 0.000000e+00, 0.000000e+00, 0.000000e+00, 0.000000e+00, -4.820856e-06, 4.884995e-06, -4.463699e-06, 2.464274e-06;
  0.000000e+00, 0.000000e+00, 0.000000e+00, 0.000000e+00, 0.000000e+00, 0.000000e+00, 0.000000e+00, 0.000000e+00, 0.000000e+00, 0.000000e+00, -2.907517e-06, 1.125488e-06, 2.464274e-06, -4.501682e-06;
];
K(:,:,1,13) = [
  -3.875727e-06, 1.157958e-05, -3.503320e-05, 6.623827e-05, -8.422936e-05, 7.274838e-05, 0.000000e+00, 0.000000e+00, 0.000000e+00, 0.000000e+00, 0.000000e+00, 0.000000e+00, 0.000000e+00, 0.000000e+00;
  -3.875727e-06, 1.157958e-05, -3.503320e-05, 6.623827e-05, -8.422936e-05, 7.274838e-05, 0.000000e+00, 0.000000e+00, 0.000000e+00, 0.000000e+00, 0.000000e+00, 0.000000e+00, 0.000000e+00, 0.000000e+00;
  5.191148e-05, -1.086330e-04, 2.684235e-04, -4.747322e-04, 6.105063e-04, -5.619274e-04, 0.000000e+00, 0.000000e+00, 0.000000e+00, 0.000000e+00, 0.000000e+00, 0.000000e+00, 0.000000e+00, 0.000000e+00;
  -1.580408e-04, 2.883980e-04, -6.265382e-04, 1.034819e-03, -1.321832e-03, 1.277500e-03, 0.000000e+00, 0.000000e+00, 0.000000e+00, 0.000000e+00, 0.000000e+00, 0.000000e+00, 0.000000e+00, 0.000000e+00;
  2.596967e-04, -4.571879e-04, 9.417176e-04, -1.478425e-03, 1.837875e-03, -1.806447e-03, 0.000000e+00, 0.000000e+00, 0.000000e+00, 0.000000e+00, 0.000000e+00, 0.000000e+00, 0.000000e+00, 0.000000e+00;
  -2.659575e-04, 4.825559e-04, -1.017786e-03, 1.593759e-03, -1.926624e-03, 1.833686e-03, 0.000000e+00, 0.000000e+00, 0.000000e+00, 0.000000e+00, 0.000000e+00, 0.000000e+00, 0.000000e+00, 0.000000e+00;
  0.000000e+00, 0.000000e+00, 0.000000e+00, 0.000000e+00, 0.000000e+00, 0.000000e+00, 0.000000e+00, 0.000000e+00, 0.000000e+00, 0.000000e+00, 0.000000e+00, 0.000000e+00, 0.000000e+00, 0.000000e+00;
  0.000000e+00, 0.000000e+00, 0.000000e+00, 0.000000e+00, 0.000000e+00, 0.000000e+00, 0.000000e+00, 0.000000e+00, 0.000000e+00, 0.000000e+00, 0.000000e+00, 0.000000e+00, 0.000000e+00, 0.000000e+00;
  0.000000e+00, 0.000000e+00, 0.000000e+00, 0.000000e+00, 0.000000e+00, 0.000000e+00, 0.000000e+00, 0.000000e+00, 0.000000e+00, 0.000000e+00, 0.000000e+00, 0.000000e+00, 0.000000e+00, 0.000000e+00;
  0.000000e+00, 0.000000e+00, 0.000000e+00, 0.000000e+00, 0.000000e+00, 0.000000e+00, 0.000000e+00, 0.000000e+00, 0.000000e+00, 0.000000e+00, 0.000000e+00, 0.000000e+00, 0.000000e+00, 0.000000e+00;
  0.000000e+00, 0.000000e+00, 0.000000e+00, 0.000000e+00, 0.000000e+00, 0.000000e+00, 0.000000e+00, 0.000000e+00, 0.000000e+00, 0.000000e+00, 2.906795e-06, -4.820856e-06, 6.863196e-06, -4.106542e-06;
  0.000000e+00, 0.000000e+00, 0.000000e+00, 0.000000e+00, 0.000000e+00, 0.000000e+00, 0.000000e+00, 0.000000e+00, 0.000000e+00, 0.000000e+00, -4.820856e-06, 4.884995e-06, -4.463699e-06, 2.464274e-06;
  0.000000e+00, 0.000000e+00, 0.000000e+00, 0.000000e+00, 0.000000e+00, 0.000000e+00, 0.000000e+00, 0.000000e+00, 0.000000e+00, 0.000000e+00, 6.863196e-06, -4.463699e-06, 4.860735e-07, 7.303476e-07;
  0.000000e+00, 0.000000e+00, 0.000000e+00, 0.000000e+00, 0.000000e+00, 0.000000e+00, 0.000000e+00, 0.000000e+00, 0.000000e+00, 0.000000e+00, -4.106542e-06, 2.464274e-06, 7.303476e-07, -2.123094e-06;
];
K(:,:,1,14) = [
  -8.476690e-06, 1.005338e-05, -5.279289e-06, -1.820128e-05, 5.082105e-05, -6.544056e-05, 0.000000e+00, 0.000000e+00, 0.000000e+00, 0.000000e+00, 0.000000e+00, 0.000000e+00, 0.000000e+00, 0.000000e+00;
  -8.476690e-06, 1.005338e-05, -5.279289e-06, -1.820128e-05, 5.082105e-05, -6.544056e-05, 0.000000e+00, 0.000000e+00, 0.000000e+00, 0.000000e+00, 0.000000e+00, 0.000000e+00, 0.000000e+00, 0.000000e+00;
  3.407703e-05, -3.704803e-05, 3.078768e-06, 1.268289e-04, -3.141731e-04, 4.212447e-04, 0.000000e+00, 0.000000e+00, 0.000000e+00, 0.000000e+00, 0.000000e+00, 0.000000e+00, 0.000000e+00, 0.000000e+00;
  -2.196379e-06, -1.468326e-05, 9.485494e-05, -2.832535e-04, 5.490956e-04, -7.368777e-04, 0.000000e+00, 0.000000e+00, 0.000000e+00, 0.000000e+00, 0.000000e+00, 0.000000e+00, 0.000000e+00, 0.000000e+00;
  -1.069443e-04, 1.735250e-04, -3.196936e-04, 4.606480e-04, -5.761357e-04, 6.554629e-04, 0.000000e+00, 0.000000e+00, 0.000000e+00, 0.000000e+00, 0.000000e+00, 0.000000e+00, 0.000000e+00, 0.000000e+00;
  2.005626e-04, -3.209492e-04, 5.484514e-04, -6.318226e-04, 4.737349e-04, -2.100518e-04, 0.000000e+00, 0.000000e+00, 0.000000e+00, 0.000000e+00, 0.000000e+00, 0.000000e+00, 0.000000e+00, 0.000000e+00;
  0.000000e+00, 0.000000e+00, 0.000000e+00, 0.000000e+00, 0.000000e+00, 0.000000e+00, 0.000000e+00, 0.000000e+00, 0.000000e+00, 0.000000e+00, 0.000000e+00, 0.000000e+00, 0.000000e+00, 0.000000e+00;
  0.000000e+00, 0.000000e+00, 0.000000e+00, 0.000000e+00, 0.000000e+00, 0.000000e+00, 0.000000e+00, 0.000000e+00, 0.000000e+00, 0.000000e+00, 0.000000e+00, 0.000000e+00, 0.000000e+00, 0.000000e+00;
  0.000000e+00, 0.000000e+00, 0.000000e+00, 0.000000e+00, 0.000000e+00, 0.000000e+00, 0.000000e+00, 0.000000e+00, 0.000000e+00, 0.000000e+00, 0.000000e+00, 0.000000e+00, 0.000000e+00, 0.000000e+00;
  0.000000e+00, 0.000000e+00, 0.000000e+00, 0.000000e+00, 0.000000e+00, 0.000000e+00, 0.000000e+00, 0.000000e+00, 0.000000e+00, 0.000000e+00, 0.000000e+00, 0.000000e+00, 0.000000e+00, 0.000000e+00;
  0.000000e+00, 0.000000e+00, 0.000000e+00, 0.000000e+00, 0.000000e+00, 0.000000e+00, 0.000000e+00, 0.000000e+00, 0.000000e+00, 0.000000e+00, 6.357518e-06, -2.907517e-06, -4.106542e-06, 7.836064e-06;
  0.000000e+00, 0.000000e+00, 0.000000e+00, 0.000000e+00, 0.000000e+00, 0.000000e+00, 0.000000e+00, 0.000000e+00, 0.000000e+00, 0.000000e+00, -2.907517e-06, 1.125488e-06, 2.464274e-06, -4.501682e-06;
  0.000000e+00, 0.000000e+00, 0.000000e+00, 0.000000e+00, 0.000000e+00, 0.000000e+00, 0.000000e+00, 0.000000e+00, 0.000000e+00, 0.000000e+00, -4.106542e-06, 2.464274e-06, 7.303476e-07, -2.123094e-06;
  0.000000e+00, 0.000000e+00, 0.000000e+00, 0.000000e+00, 0.000000e+00, 0.000000e+00, 0.000000e+00, 0.000000e+00, 0.000000e+00, 0.000000e+00, 7.836064e-06, -4.501682e-06, -2.123094e-06, 5.916750e-06;
];
K(:,:,2,1) = [
  -1.358496e-02, 1.569741e-02, -1.414262e-02, 2.990655e-03, 8.338750e-03, -1.204939e-02, 0.000000e+00, 0.000000e+00, 0.000000e+00, 0.000000e+00, -1.109609e-04, 8.673120e-05, -3.086300e-05, -2.168345e-05;
