function K = massModel(p)
% Auto-generated constant matrix
K = zeros(14,14,14,14);
K(:,:,1,1) = [
  1.421314e-02, -1.358496e-02, 7.730922e-03, 2.401866e-03, -7.938814e-03, 7.666293e-03, 0.000000e+00, 0.000000e+00, 0.000000e+00, 0.000000e+00, 9.385732e-05, -7.448426e-05, 3.058542e-05, 1.200742e-05;
  -1.358496e-02, 1.387841e-02, -9.882289e-03, 1.782418e-04, 7.220933e-03, -8.980555e-03, 0.000000e+00, 0.000000e+00, 0.000000e+00, 0.000000e+00, -2.849112e-04, 2.331034e-04, -1.085182e-04, -2.565379e-05;
  7.730922e-03, -9.882289e-03, 1.157673e-02, -6.976175e-03, -1.630080e-03, 8.302645e-03, 0.000000e+00, 0.000000e+00, 0.000000e+00, 0.000000e+00, 7.751230e-04, -6.570096e-04, 3.511848e-04, 2.116828e-05;
  2.401866e-03, 1.782418e-04, -6.976175e-03, 1.207537e-02, -8.784918e-03, -4.472853e-04, 0.000000e+00, 0.000000e+00, 0.000000e+00, 0.000000e+00, -1.273731e-03, 1.120862e-03, -6.913444e-04, 9.430182e-05;
  -7.938814e-03, 7.220933e-03, -1.630080e-03, -8.784918e-03, 1.478413e-02, -1.081568e-02, 0.000000e+00, 0.000000e+00, 0.000000e+00, 0.000000e+00, 1.429306e-03, -1.304203e-03, 9.282707e-04, -3.347941e-04;
  7.666293e-03, -8.980555e-03, 8.302645e-03, -4.472853e-04, -1.081568e-02, 1.693241e-02, 0.000000e+00, 0.000000e+00, 0.000000e+00, 0.000000e+00, -1.099221e-03, 1.048027e-03, -8.847937e-04, 5.723481e-04;
  0.000000e+00, 0.000000e+00, 0.000000e+00, 0.000000e+00, 0.000000e+00, 0.000000e+00, 0.000000e+00, 0.000000e+00, 0.000000e+00, 0.000000e+00, 0.000000e+00, 0.000000e+00, 0.000000e+00, 0.000000e+00;
  0.000000e+00, 0.000000e+00, 0.000000e+00, 0.000000e+00, 0.000000e+00, 0.000000e+00, 0.000000e+00, 0.000000e+00, 0.000000e+00, 0.000000e+00, 0.000000e+00, 0.000000e+00, 0.000000e+00, 0.000000e+00;
  0.000000e+00, 0.000000e+00, 0.000000e+00, 0.000000e+00, 0.000000e+00, 0.000000e+00, 0.000000e+00, 0.000000e+00, 0.000000e+00, 0.000000e+00, 0.000000e+00, 0.000000e+00, 0.000000e+00, 0.000000e+00;
  0.000000e+00, 0.000000e+00, 0.000000e+00, 0.000000e+00, 0.000000e+00, 0.000000e+00, 0.000000e+00, 0.000000e+00, 0.000000e+00, 0.000000e+00, 0.000000e+00, 0.000000e+00, 0.000000e+00, 0.000000e+00;
  0.000000e+00, 0.000000e+00, 0.000000e+00, 0.000000e+00, 0.000000e+00, 0.000000e+00, 0.000000e+00, 0.000000e+00, 0.000000e+00, 0.000000e+00, -2.098058e-05, 1.509264e-05, -3.383460e-06, -4.926677e-06;
  0.000000e+00, 0.000000e+00, 0.000000e+00, 0.000000e+00, 0.000000e+00, 0.000000e+00, 0.000000e+00, 0.000000e+00, 0.000000e+00, 0.000000e+00, 1.509264e-05, -1.218202e-05, 5.082982e-06, 2.303356e-06;
  0.000000e+00, 0.000000e+00, 0.000000e+00, 0.000000e+00, 0.000000e+00, 0.000000e+00, 0.000000e+00, 0.000000e+00, 0.000000e+00, 0.000000e+00, -3.383460e-06, 5.082982e-06, -6.495202e-06, 3.206105e-06;
  0.000000e+00, 0.000000e+00, 0.000000e+00, 0.000000e+00, 0.000000e+00, 0.000000e+00, 0.000000e+00, 0.000000e+00, 0.000000e+00, 0.000000e+00, -4.926677e-06, 2.303356e-06, 3.206105e-06, -6.299405e-06;
];
K(:,:,1,2) = [
  -1.358496e-02, 1.569741e-02, -1.414262e-02, 2.990655e-03, 8.338750e-03, -1.204939e-02, 0.000000e+00, 0.000000e+00, 0.000000e+00, 0.000000e+00, -9.552695e-05, 7.930958e-05, -3.896640e-05, -6.823183e-06;
  1.569741e-02, -1.836805e-02, 1.756895e-02, -5.852978e-03, -7.735361e-03, 1.417200e-02, 0.000000e+00, 0.000000e+00, 0.000000e+00, 0.000000e+00, 3.150141e-04, -2.646051e-04, 1.371069e-04, 1.294578e-05;
  -1.414262e-02, 1.756895e-02, -2.005258e-02, 1.256634e-02, 1.204769e-03, -1.295014e-02, 0.000000e+00, 0.000000e+00, 0.000000e+00, 0.000000e+00, -9.344412e-04, 7.985867e-04, -4.451334e-04, 6.271030e-06;
  2.990655e-03, -5.852978e-03, 1.256634e-02, -1.692973e-02, 1.228528e-02, 3.706797e-04, 0.000000e+00, 0.000000e+00, 0.000000e+00, 0.000000e+00, 1.667368e-03, -1.459045e-03, 8.940530e-04, -1.388760e-04;
  8.338750e-03, -7.735361e-03, 1.204769e-03, 1.228528e-02, -2.121355e-02, 1.690941e-02, 0.000000e+00, 0.000000e+00, 0.000000e+00, 0.000000e+00, -2.007594e-03, 1.811409e-03, -1.249072e-03, 4.188157e-04;
  -1.204939e-02, 1.417200e-02, -1.295014e-02, 3.706797e-04, 1.690941e-02, -2.635485e-02, 0.000000e+00, 0.000000e+00, 0.000000e+00, 0.000000e+00, 1.655375e-03, -1.561111e-03, 1.261140e-03, -7.232245e-04;
  0.000000e+00, 0.000000e+00, 0.000000e+00, 0.000000e+00, 0.000000e+00, 0.000000e+00, 0.000000e+00, 0.000000e+00, 0.000000e+00, 0.000000e+00, 0.000000e+00, 0.000000e+00, 0.000000e+00, 0.000000e+00;
  0.000000e+00, 0.000000e+00, 0.000000e+00, 0.000000e+00, 0.000000e+00, 0.000000e+00, 0.000000e+00, 0.000000e+00, 0.000000e+00, 0.000000e+00, 0.000000e+00, 0.000000e+00, 0.000000e+00, 0.000000e+00;
  0.000000e+00, 0.000000e+00, 0.000000e+00, 0.000000e+00, 0.000000e+00, 0.000000e+00, 0.000000e+00, 0.000000e+00, 0.000000e+00, 0.000000e+00, 0.000000e+00, 0.000000e+00, 0.000000e+00, 0.000000e+00;
  0.000000e+00, 0.000000e+00, 0.000000e+00, 0.000000e+00, 0.000000e+00, 0.000000e+00, 0.000000e+00, 0.000000e+00, 0.000000e+00, 0.000000e+00, 0.000000e+00, 0.000000e+00, 0.000000e+00, 0.000000e+00;
  0.000000e+00, 0.000000e+00, 0.000000e+00, 0.000000e+00, 0.000000e+00, 0.000000e+00, 0.000000e+00, 0.000000e+00, 0.000000e+00, 0.000000e+00, 3.312925e-05, -2.581935e-05, 9.316203e-06, 5.918372e-06;
  0.000000e+00, 0.000000e+00, 0.000000e+00, 0.000000e+00, 0.000000e+00, 0.000000e+00, 0.000000e+00, 0.000000e+00, 0.000000e+00, 0.000000e+00, -2.581935e-05, 2.122273e-05, -9.950488e-06, -2.442107e-06;
  0.000000e+00, 0.000000e+00, 0.000000e+00, 0.000000e+00, 0.000000e+00, 0.000000e+00, 0.000000e+00, 0.000000e+00, 0.000000e+00, 0.000000e+00, 9.316203e-06, -9.950488e-06, 9.464416e-06, -4.600089e-06;
  0.000000e+00, 0.000000e+00, 0.000000e+00, 0.000000e+00, 0.000000e+00, 0.000000e+00, 0.000000e+00, 0.000000e+00, 0.000000e+00, 0.000000e+00, 5.918372e-06, -2.442107e-06, -4.600089e-06, 8.640904e-06;
];
K(:,:,1,3) = [
  7.730922e-03, -1.414262e-02, 2.438373e-02, -2.086799e-02, 1.023145e-03, 1.772290e-02, 0.000000e+00, 0.000000e+00, 0.000000e+00, 0.000000e+00, 1.294430e-04, -1.139586e-04, 6.907764e-05, -5.607385e-06;
  -1.414262e-02, 2.084040e-02, -3.025809e-02, 2.440779e-02, -2.165477e-03, -1.989121e-02, 0.000000e+00, 0.000000e+00, 0.000000e+00, 0.000000e+00, -4.331003e-04, 3.789139e-04, -2.289427e-04, 2.517543e-05;
  2.438373e-02, -3.025809e-02, 3.615136e-02, -2.758811e-02, 6.671062e-03, 1.693118e-02, 0.000000e+00, 0.000000e+00, 0.000000e+00, 0.000000e+00, 1.339737e-03, -1.168780e-03, 7.112047e-04, -1.088773e-04;
  -2.086799e-02, 2.440779e-02, -2.758811e-02, 2.408827e-02, -1.573849e-02, 5.167535e-04, 0.000000e+00, 0.000000e+00, 0.000000e+00, 0.000000e+00, -2.561795e-03, 2.246735e-03, -1.410404e-03, 3.122376e-04;
  1.023145e-03, -2.165477e-03, 6.671062e-03, -1.573849e-02, 2.492859e-02, -2.413645e-02, 0.000000e+00, 0.000000e+00, 0.000000e+00, 0.000000e+00, 3.373898e-03, -3.013375e-03, 2.027518e-03, -6.620165e-04;
  1.772290e-02, -1.989121e-02, 1.693118e-02, 5.167535e-04, -2.413645e-02, 3.952115e-02, 0.000000e+00, 0.000000e+00, 0.000000e+00, 0.000000e+00, -3.114692e-03, 2.883692e-03, -2.184375e-03, 1.045537e-03;
  0.000000e+00, 0.000000e+00, 0.000000e+00, 0.000000e+00, 0.000000e+00, 0.000000e+00, 0.000000e+00, 0.000000e+00, 0.000000e+00, 0.000000e+00, 0.000000e+00, 0.000000e+00, 0.000000e+00, 0.000000e+00;
  0.000000e+00, 0.000000e+00, 0.000000e+00, 0.000000e+00, 0.000000e+00, 0.000000e+00, 0.000000e+00, 0.000000e+00, 0.000000e+00, 0.000000e+00, 0.000000e+00, 0.000000e+00, 0.000000e+00, 0.000000e+00;
  0.000000e+00, 0.000000e+00, 0.000000e+00, 0.000000e+00, 0.000000e+00, 0.000000e+00, 0.000000e+00, 0.000000e+00, 0.000000e+00, 0.000000e+00, 0.000000e+00, 0.000000e+00, 0.000000e+00, 0.000000e+00;
  0.000000e+00, 0.000000e+00, 0.000000e+00, 0.000000e+00, 0.000000e+00, 0.000000e+00, 0.000000e+00, 0.000000e+00, 0.000000e+00, 0.000000e+00, 0.000000e+00, 0.000000e+00, 0.000000e+00, 0.000000e+00;
  0.000000e+00, 0.000000e+00, 0.000000e+00, 0.000000e+00, 0.000000e+00, 0.000000e+00, 0.000000e+00, 0.000000e+00, 0.000000e+00, 0.000000e+00, -5.793278e-05, 4.962264e-05, -2.653983e-05, -3.121178e-06;
  0.000000e+00, 0.000000e+00, 0.000000e+00, 0.000000e+00, 0.000000e+00, 0.000000e+00, 0.000000e+00, 0.000000e+00, 0.000000e+00, 0.000000e+00, 4.962264e-05, -4.223630e-05, 2.325073e-05, 2.787899e-08;
  0.000000e+00, 0.000000e+00, 0.000000e+00, 0.000000e+00, 0.000000e+00, 0.000000e+00, 0.000000e+00, 0.000000e+00, 0.000000e+00, 0.000000e+00, -2.653983e-05, 2.325073e-05, -1.566860e-05, 6.390974e-06;
  0.000000e+00, 0.000000e+00, 0.000000e+00, 0.000000e+00, 0.000000e+00, 0.000000e+00, 0.000000e+00, 0.000000e+00, 0.000000e+00, 0.000000e+00, -3.121178e-06, 2.787899e-08, 6.390974e-06, -1.081063e-05;
];
K(:,:,1,4) = [
  2.401866e-03, 2.990655e-03, -2.086799e-02, 3.913195e-02, -3.095153e-02, -3.687012e-03, 0.000000e+00, 0.000000e+00, 0.000000e+00, 0.000000e+00, -1.928780e-04, 1.730563e-04, -1.148083e-04, 2.750099e-05;
  2.990655e-03, -9.388580e-03, 2.770948e-02, -4.416567e-02, 3.424852e-02, 2.561187e-03, 0.000000e+00, 0.000000e+00, 0.000000e+00, 0.000000e+00, 6.122688e-04, -5.482919e-04, 3.643569e-04, -9.534789e-05;
  -2.086799e-02, 2.770948e-02, -3.979823e-02, 4.344143e-02, -3.042836e-02, 1.075764e-04, 0.000000e+00, 0.000000e+00, 0.000000e+00, 0.000000e+00, -1.809313e-03, 1.615125e-03, -1.073989e-03, 3.095685e-04;
  3.913195e-02, -4.416567e-02, 4.344143e-02, -2.762114e-02, 1.350189e-02, -3.405667e-03, 0.000000e+00, 0.000000e+00, 0.000000e+00, 0.000000e+00, 3.412146e-03, -3.039573e-03, 2.030171e-03, -6.474127e-04;
  -3.095153e-02, 3.424852e-02, -3.042836e-02, 1.350189e-02, -4.811469e-03, 1.061758e-02, 0.000000e+00, 0.000000e+00, 0.000000e+00, 0.000000e+00, -4.682450e-03, 4.189935e-03, -2.856329e-03, 1.014902e-03;
  -3.687012e-03, 2.561187e-03, 1.075764e-04, -3.405667e-03, 1.061758e-02, -2.452597e-02, 0.000000e+00, 0.000000e+00, 0.000000e+00, 0.000000e+00, 4.804421e-03, -4.370788e-03, 3.128230e-03, -1.257091e-03;
  0.000000e+00, 0.000000e+00, 0.000000e+00, 0.000000e+00, 0.000000e+00, 0.000000e+00, 0.000000e+00, 0.000000e+00, 0.000000e+00, 0.000000e+00, 0.000000e+00, 0.000000e+00, 0.000000e+00, 0.000000e+00;
  0.000000e+00, 0.000000e+00, 0.000000e+00, 0.000000e+00, 0.000000e+00, 0.000000e+00, 0.000000e+00, 0.000000e+00, 0.000000e+00, 0.000000e+00, 0.000000e+00, 0.000000e+00, 0.000000e+00, 0.000000e+00;
  0.000000e+00, 0.000000e+00, 0.000000e+00, 0.000000e+00, 0.000000e+00, 0.000000e+00, 0.000000e+00, 0.000000e+00, 0.000000e+00, 0.000000e+00, 0.000000e+00, 0.000000e+00, 0.000000e+00, 0.000000e+00;
  0.000000e+00, 0.000000e+00, 0.000000e+00, 0.000000e+00, 0.000000e+00, 0.000000e+00, 0.000000e+00, 0.000000e+00, 0.000000e+00, 0.000000e+00, 0.000000e+00, 0.000000e+00, 0.000000e+00, 0.000000e+00;
  0.000000e+00, 0.000000e+00, 0.000000e+00, 0.000000e+00, 0.000000e+00, 0.000000e+00, 0.000000e+00, 0.000000e+00, 0.000000e+00, 0.000000e+00, 7.458247e-05, -6.867557e-05, 4.782501e-05, -1.106674e-05;
  0.000000e+00, 0.000000e+00, 0.000000e+00, 0.000000e+00, 0.000000e+00, 0.000000e+00, 0.000000e+00, 0.000000e+00, 0.000000e+00, 0.000000e+00, -6.867557e-05, 6.120374e-05, -3.987116e-05, 9.110184e-06;
  0.000000e+00, 0.000000e+00, 0.000000e+00, 0.000000e+00, 0.000000e+00, 0.000000e+00, 0.000000e+00, 0.000000e+00, 0.000000e+00, 0.000000e+00, 4.782501e-05, -3.987116e-05, 2.248892e-05, -6.073485e-06;
  0.000000e+00, 0.000000e+00, 0.000000e+00, 0.000000e+00, 0.000000e+00, 0.000000e+00, 0.000000e+00, 0.000000e+00, 0.000000e+00, 0.000000e+00, -1.106674e-05, 9.110184e-06, -6.073485e-06, 5.634030e-06;
];
K(:,:,1,5) = [
  -7.938814e-03, 8.338750e-03, 1.023145e-03, -3.095153e-02, 5.764249e-02, -4.105237e-02, 0.000000e+00, 0.000000e+00, 0.000000e+00, 0.000000e+00, 2.147602e-04, -1.972529e-04, 1.453416e-04, -6.257667e-05;
  8.338750e-03, -7.290634e-03, -5.465922e-03, 3.765011e-02, -6.403803e-02, 4.648706e-02, 0.000000e+00, 0.000000e+00, 0.000000e+00, 0.000000e+00, -6.912360e-04, 6.334287e-04, -4.637298e-04, 1.987796e-04;
  1.023145e-03, -5.465922e-03, 2.042648e-02, -4.311122e-02, 5.703945e-02, -4.217847e-02, 0.000000e+00, 0.000000e+00, 0.000000e+00, 0.000000e+00, 2.036216e-03, -1.861858e-03, 1.355726e-03, -5.809392e-04;
  -3.095153e-02, 3.765011e-02, -4.311122e-02, 3.265986e-02, -1.759969e-02, 1.064798e-02, 0.000000e+00, 0.000000e+00, 0.000000e+00, 0.000000e+00, -3.787246e-03, 3.450504e-03, -2.489776e-03, 1.051425e-03;
  5.764249e-02, -6.403803e-02, 5.703945e-02, -1.759969e-02, -2.023087e-02, 2.349931e-02, 0.000000e+00, 0.000000e+00, 0.000000e+00, 0.000000e+00, 5.241538e-03, -4.742450e-03, 3.346947e-03, -1.310264e-03;
  -4.105237e-02, 4.648706e-02, -4.217847e-02, 1.064798e-02, 2.349931e-02, -2.880893e-02, 0.000000e+00, 0.000000e+00, 0.000000e+00, 0.000000e+00, -5.804898e-03, 5.197699e-03, -3.511347e-03, 1.103653e-03;
  0.000000e+00, 0.000000e+00, 0.000000e+00, 0.000000e+00, 0.000000e+00, 0.000000e+00, 0.000000e+00, 0.000000e+00, 0.000000e+00, 0.000000e+00, 0.000000e+00, 0.000000e+00, 0.000000e+00, 0.000000e+00;
  0.000000e+00, 0.000000e+00, 0.000000e+00, 0.000000e+00, 0.000000e+00, 0.000000e+00, 0.000000e+00, 0.000000e+00, 0.000000e+00, 0.000000e+00, 0.000000e+00, 0.000000e+00, 0.000000e+00, 0.000000e+00;
  0.000000e+00, 0.000000e+00, 0.000000e+00, 0.000000e+00, 0.000000e+00, 0.000000e+00, 0.000000e+00, 0.000000e+00, 0.000000e+00, 0.000000e+00, 0.000000e+00, 0.000000e+00, 0.000000e+00, 0.000000e+00;
  0.000000e+00, 0.000000e+00, 0.000000e+00, 0.000000e+00, 0.000000e+00, 0.000000e+00, 0.000000e+00, 0.000000e+00, 0.000000e+00, 0.000000e+00, 0.000000e+00, 0.000000e+00, 0.000000e+00, 0.000000e+00;
  0.000000e+00, 0.000000e+00, 0.000000e+00, 0.000000e+00, 0.000000e+00, 0.000000e+00, 0.000000e+00, 0.000000e+00, 0.000000e+00, 0.000000e+00, -7.218833e-05, 6.962120e-05, -5.840662e-05, 3.130175e-05;
  0.000000e+00, 0.000000e+00, 0.000000e+00, 0.000000e+00, 0.000000e+00, 0.000000e+00, 0.000000e+00, 0.000000e+00, 0.000000e+00, 0.000000e+00, 6.962120e-05, -6.529747e-05, 5.046147e-05, -2.327602e-05;
  0.000000e+00, 0.000000e+00, 0.000000e+00, 0.000000e+00, 0.000000e+00, 0.000000e+00, 0.000000e+00, 0.000000e+00, 0.000000e+00, 0.000000e+00, -5.840662e-05, 5.046147e-05, -3.016687e-05, 6.662069e-06;
  0.000000e+00, 0.000000e+00, 0.000000e+00, 0.000000e+00, 0.000000e+00, 0.000000e+00, 0.000000e+00, 0.000000e+00, 0.000000e+00, 0.000000e+00, 3.130175e-05, -2.327602e-05, 6.662069e-06, 5.672893e-06;
];
K(:,:,1,6) = [
  7.666293e-03, -1.204939e-02, 1.772290e-02, -3.687012e-03, -4.105237e-02, 7.868241e-02, 0.000000e+00, 0.000000e+00, 0.000000e+00, 0.000000e+00, -1.566390e-04, 1.511401e-04, -1.331233e-04, 9.553375e-05;
  -1.204939e-02, 1.615804e-02, -1.876993e-02, -1.202827e-03, 4.947748e-02, -8.709429e-02, 0.000000e+00, 0.000000e+00, 0.000000e+00, 0.000000e+00, 5.313455e-04, -5.099780e-04, 4.387530e-04, -2.954558e-04;
  1.772290e-02, -1.876993e-02, 1.144284e-02, 1.620629e-02, -5.539475e-02, 7.901208e-02, 0.000000e+00, 0.000000e+00, 0.000000e+00, 0.000000e+00, -1.667937e-03, 1.587588e-03, -1.321284e-03, 8.120238e-04;
  -3.687012e-03, -1.202827e-03, 1.620629e-02, -3.234973e-02, 3.464920e-02, -2.714104e-02, 0.000000e+00, 0.000000e+00, 0.000000e+00, 0.000000e+00, 3.292535e-03, -3.091316e-03, 2.446837e-03, -1.301148e-03;
  -4.105237e-02, 4.947748e-02, -5.539475e-02, 3.464920e-02, 6.642922e-03, -3.788306e-02, 0.000000e+00, 0.000000e+00, 0.000000e+00, 0.000000e+00, -4.761573e-03, 4.359040e-03, -3.159008e-03, 1.261358e-03;
  7.868241e-02, -8.709429e-02, 7.901208e-02, -2.714104e-02, -3.788306e-02, 7.685513e-02, 0.000000e+00, 0.000000e+00, 0.000000e+00, 0.000000e+00, 5.535333e-03, -4.848311e-03, 2.981029e-03, -4.707401e-04;
  0.000000e+00, 0.000000e+00, 0.000000e+00, 0.000000e+00, 0.000000e+00, 0.000000e+00, 0.000000e+00, 0.000000e+00, 0.000000e+00, 0.000000e+00, 0.000000e+00, 0.000000e+00, 0.000000e+00, 0.000000e+00;
  0.000000e+00, 0.000000e+00, 0.000000e+00, 0.000000e+00, 0.000000e+00, 0.000000e+00, 0.000000e+00, 0.000000e+00, 0.000000e+00, 0.000000e+00, 0.000000e+00, 0.000000e+00, 0.000000e+00, 0.000000e+00;
  0.000000e+00, 0.000000e+00, 0.000000e+00, 0.000000e+00, 0.000000e+00, 0.000000e+00, 0.000000e+00, 0.000000e+00, 0.000000e+00, 0.000000e+00, 0.000000e+00, 0.000000e+00, 0.000000e+00, 0.000000e+00;
  0.000000e+00, 0.000000e+00, 0.000000e+00, 0.000000e+00, 0.000000e+00, 0.000000e+00, 0.000000e+00, 0.000000e+00, 0.000000e+00, 0.000000e+00, 0.000000e+00, 0.000000e+00, 0.000000e+00, 0.000000e+00;
  0.000000e+00, 0.000000e+00, 0.000000e+00, 0.000000e+00, 0.000000e+00, 0.000000e+00, 0.000000e+00, 0.000000e+00, 0.000000e+00, 0.000000e+00, 4.986619e-05, -4.987116e-05, 4.925476e-05, -4.249698e-05;
  0.000000e+00, 0.000000e+00, 0.000000e+00, 0.000000e+00, 0.000000e+00, 0.000000e+00, 0.000000e+00, 0.000000e+00, 0.000000e+00, 0.000000e+00, -4.987116e-05, 4.956048e-05, -4.618407e-05, 3.372439e-05;
  0.000000e+00, 0.000000e+00, 0.000000e+00, 0.000000e+00, 0.000000e+00, 0.000000e+00, 0.000000e+00, 0.000000e+00, 0.000000e+00, 0.000000e+00, 4.925476e-05, -4.618407e-05, 3.403011e-05, -1.108418e-05;
  0.000000e+00, 0.000000e+00, 0.000000e+00, 0.000000e+00, 0.000000e+00, 0.000000e+00, 0.000000e+00, 0.000000e+00, 0.000000e+00, 0.000000e+00, -4.249698e-05, 3.372439e-05, -1.108418e-05, -1.474122e-05;
];
K(:,:,1,7) = [
  0.000000e+00, 0.000000e+00, 0.000000e+00, 0.000000e+00, 0.000000e+00, 0.000000e+00, 7.076958e-03, -6.740811e-03, 3.761980e-03, 1.352198e-03, 0.000000e+00, 0.000000e+00, 0.000000e+00, 0.000000e+00;
  0.000000e+00, 0.000000e+00, 0.000000e+00, 0.000000e+00, 0.000000e+00, 0.000000e+00, -6.740811e-03, 6.847722e-03, -4.755093e-03, -1.860706e-04, 0.000000e+00, 0.000000e+00, 0.000000e+00, 0.000000e+00;
  0.000000e+00, 0.000000e+00, 0.000000e+00, 0.000000e+00, 0.000000e+00, 0.000000e+00, 3.761980e-03, -4.755093e-03, 5.402628e-03, -2.906145e-03, 0.000000e+00, 0.000000e+00, 0.000000e+00, 0.000000e+00;
  0.000000e+00, 0.000000e+00, 0.000000e+00, 0.000000e+00, 0.000000e+00, 0.000000e+00, 1.352198e-03, -1.860706e-04, -2.906145e-03, 5.134445e-03, 0.000000e+00, 0.000000e+00, 0.000000e+00, 0.000000e+00;
  0.000000e+00, 0.000000e+00, 0.000000e+00, 0.000000e+00, 0.000000e+00, 0.000000e+00, -4.129913e-03, 3.906281e-03, -1.457602e-03, -3.348103e-03, 0.000000e+00, 0.000000e+00, 0.000000e+00, 0.000000e+00;
  0.000000e+00, 0.000000e+00, 0.000000e+00, 0.000000e+00, 0.000000e+00, 0.000000e+00, 3.944808e-03, -4.703157e-03, 4.643791e-03, -1.104294e-03, 0.000000e+00, 0.000000e+00, 0.000000e+00, 0.000000e+00;
  7.052256e-03, -6.711636e-03, 3.737211e-03, 1.347998e-03, -4.097654e-03, 3.920950e-03, 0.000000e+00, 0.000000e+00, 0.000000e+00, 0.000000e+00, 4.692866e-05, -3.724213e-05, 1.529271e-05, 6.003711e-06;
  -6.711636e-03, 6.809514e-03, -4.713594e-03, -1.969060e-04, 3.876756e-03, -4.676357e-03, 0.000000e+00, 0.000000e+00, 0.000000e+00, 0.000000e+00, -1.424556e-04, 1.165517e-04, -5.425911e-05, -1.282689e-05;
  3.737211e-03, -4.713594e-03, 5.333073e-03, -2.839695e-03, -1.485455e-03, 4.651326e-03, 0.000000e+00, 0.000000e+00, 0.000000e+00, 0.000000e+00, 3.875615e-04, -3.285048e-04, 1.755924e-04, 1.058414e-05;
  1.347998e-03, -1.969060e-04, -2.839695e-03, 4.984754e-03, -3.154334e-03, -1.256669e-03, 0.000000e+00, 0.000000e+00, 0.000000e+00, 0.000000e+00, -6.368656e-04, 5.604312e-04, -3.456722e-04, 4.715091e-05;
  0.000000e+00, 0.000000e+00, 0.000000e+00, 0.000000e+00, 0.000000e+00, 0.000000e+00, 0.000000e+00, 0.000000e+00, 0.000000e+00, 0.000000e+00, 0.000000e+00, 0.000000e+00, 0.000000e+00, 0.000000e+00;
  0.000000e+00, 0.000000e+00, 0.000000e+00, 0.000000e+00, 0.000000e+00, 0.000000e+00, 0.000000e+00, 0.000000e+00, 0.000000e+00, 0.000000e+00, 0.000000e+00, 0.000000e+00, 0.000000e+00, 0.000000e+00;
  0.000000e+00, 0.000000e+00, 0.000000e+00, 0.000000e+00, 0.000000e+00, 0.000000e+00, 0.000000e+00, 0.000000e+00, 0.000000e+00, 0.000000e+00, 0.000000e+00, 0.000000e+00, 0.000000e+00, 0.000000e+00;
  0.000000e+00, 0.000000e+00, 0.000000e+00, 0.000000e+00, 0.000000e+00, 0.000000e+00, 0.000000e+00, 0.000000e+00, 0.000000e+00, 0.000000e+00, 0.000000e+00, 0.000000e+00, 0.000000e+00, 0.000000e+00;
];
K(:,:,1,8) = [
  0.000000e+00, 0.000000e+00, 0.000000e+00, 0.000000e+00, 0.000000e+00, 0.000000e+00, -6.740811e-03, 8.666725e-03, -9.015424e-03, 2.626343e-03, 0.000000e+00, 0.000000e+00, 0.000000e+00, 0.000000e+00;
  0.000000e+00, 0.000000e+00, 0.000000e+00, 0.000000e+00, 0.000000e+00, 0.000000e+00, 6.847722e-03, -9.020978e-03, 1.008557e-02, -4.194155e-03, 0.000000e+00, 0.000000e+00, 0.000000e+00, 0.000000e+00;
  0.000000e+00, 0.000000e+00, 0.000000e+00, 0.000000e+00, 0.000000e+00, 0.000000e+00, -4.755093e-03, 6.814113e-03, -9.330195e-03, 6.875384e-03, 0.000000e+00, 0.000000e+00, 0.000000e+00, 0.000000e+00;
  0.000000e+00, 0.000000e+00, 0.000000e+00, 0.000000e+00, 0.000000e+00, 0.000000e+00, -1.860706e-04, -6.585533e-04, 3.573698e-03, -6.812477e-03, 0.000000e+00, 0.000000e+00, 0.000000e+00, 0.000000e+00;
  0.000000e+00, 0.000000e+00, 0.000000e+00, 0.000000e+00, 0.000000e+00, 0.000000e+00, 3.906281e-03, -4.635786e-03, 3.440058e-03, 2.506274e-03, 0.000000e+00, 0.000000e+00, 0.000000e+00, 0.000000e+00;
  0.000000e+00, 0.000000e+00, 0.000000e+00, 0.000000e+00, 0.000000e+00, 0.000000e+00, -4.703157e-03, 6.499977e-03, -7.977262e-03, 3.739382e-03, 0.000000e+00, 0.000000e+00, 0.000000e+00, 0.000000e+00;
  -6.711636e-03, 6.809514e-03, -4.713594e-03, -1.969060e-04, 3.876756e-03, -4.676357e-03, 0.000000e+00, 0.000000e+00, 0.000000e+00, 0.000000e+00, -1.619943e-05, 1.402248e-05, -7.891229e-06, -2.731572e-07;
  8.628517e-03, -8.968025e-03, 6.747585e-03, -6.213537e-04, -4.621895e-03, 6.481113e-03, 0.000000e+00, 0.000000e+00, 0.000000e+00, 0.000000e+00, 6.895878e-05, -5.879319e-05, 3.218370e-05, 8.719498e-07;
  -8.973926e-03, 1.001904e-02, -9.218290e-03, 3.450840e-03, 3.528479e-03, -8.038561e-03, 0.000000e+00, 0.000000e+00, 0.000000e+00, 0.000000e+00, -2.479033e-04, 2.119688e-04, -1.188967e-04, 3.571786e-06;
  2.615508e-03, -4.156955e-03, 6.752526e-03, -6.565091e-03, 2.176782e-03, 4.030259e-03, 0.000000e+00, 0.000000e+00, 0.000000e+00, 0.000000e+00, 5.082880e-04, -4.419258e-04, 2.655303e-04, -3.644538e-05;
  0.000000e+00, 0.000000e+00, 0.000000e+00, 0.000000e+00, 0.000000e+00, 0.000000e+00, 0.000000e+00, 0.000000e+00, 0.000000e+00, 0.000000e+00, 0.000000e+00, 0.000000e+00, 0.000000e+00, 0.000000e+00;
  0.000000e+00, 0.000000e+00, 0.000000e+00, 0.000000e+00, 0.000000e+00, 0.000000e+00, 0.000000e+00, 0.000000e+00, 0.000000e+00, 0.000000e+00, 0.000000e+00, 0.000000e+00, 0.000000e+00, 0.000000e+00;
  0.000000e+00, 0.000000e+00, 0.000000e+00, 0.000000e+00, 0.000000e+00, 0.000000e+00, 0.000000e+00, 0.000000e+00, 0.000000e+00, 0.000000e+00, 0.000000e+00, 0.000000e+00, 0.000000e+00, 0.000000e+00;
  0.000000e+00, 0.000000e+00, 0.000000e+00, 0.000000e+00, 0.000000e+00, 0.000000e+00, 0.000000e+00, 0.000000e+00, 0.000000e+00, 0.000000e+00, 0.000000e+00, 0.000000e+00, 0.000000e+00, 0.000000e+00;
];
K(:,:,1,9) = [
  0.000000e+00, 0.000000e+00, 0.000000e+00, 0.000000e+00, 0.000000e+00, 0.000000e+00, 3.761980e-03, -9.015424e-03, 1.820963e-02, -1.679796e-02, 0.000000e+00, 0.000000e+00, 0.000000e+00, 0.000000e+00;
  0.000000e+00, 0.000000e+00, 0.000000e+00, 0.000000e+00, 0.000000e+00, 0.000000e+00, -4.755093e-03, 1.008557e-02, -1.953570e-02, 1.871683e-02, 0.000000e+00, 0.000000e+00, 0.000000e+00, 0.000000e+00;
  0.000000e+00, 0.000000e+00, 0.000000e+00, 0.000000e+00, 0.000000e+00, 0.000000e+00, 5.402628e-03, -9.330195e-03, 1.661658e-02, -1.764819e-02, 0.000000e+00, 0.000000e+00, 0.000000e+00, 0.000000e+00;
  0.000000e+00, 0.000000e+00, 0.000000e+00, 0.000000e+00, 0.000000e+00, 0.000000e+00, -2.906145e-03, 3.573698e-03, -5.438074e-03, 8.492527e-03, 0.000000e+00, 0.000000e+00, 0.000000e+00, 0.000000e+00;
  0.000000e+00, 0.000000e+00, 0.000000e+00, 0.000000e+00, 0.000000e+00, 0.000000e+00, -1.457602e-03, 3.440058e-03, -6.134217e-03, 2.717728e-03, 0.000000e+00, 0.000000e+00, 0.000000e+00, 0.000000e+00;
  0.000000e+00, 0.000000e+00, 0.000000e+00, 0.000000e+00, 0.000000e+00, 0.000000e+00, 4.643791e-03, -7.977262e-03, 1.337692e-02, -1.158430e-02, 0.000000e+00, 0.000000e+00, 0.000000e+00, 0.000000e+00;
  3.737211e-03, -4.713594e-03, 5.333073e-03, -2.839695e-03, -1.485455e-03, 4.651326e-03, 0.000000e+00, 0.000000e+00, 0.000000e+00, 0.000000e+00, -2.255538e-05, 1.674331e-05, -4.358549e-06, -5.786621e-06;
  -8.973926e-03, 1.001904e-02, -9.218290e-03, 3.450840e-03, 3.528479e-03, -8.038561e-03, 0.000000e+00, 0.000000e+00, 0.000000e+00, 0.000000e+00, 5.097697e-05, -3.807734e-05, 9.690544e-06, 1.496646e-05;
  1.814007e-02, -1.942379e-02, 1.641394e-02, -5.162622e-03, -6.429533e-03, 1.364343e-02, 0.000000e+00, 0.000000e+00, 0.000000e+00, 0.000000e+00, -5.601907e-05, 4.079990e-05, -4.932589e-06, -2.938730e-05;
  -1.673151e-02, 1.859397e-02, -1.737274e-02, 8.015452e-03, 3.357517e-03, -1.222002e-02, 0.000000e+00, 0.000000e+00, 0.000000e+00, 0.000000e+00, -1.127225e-04, 9.618352e-05, -6.081596e-05, 2.746481e-05;
  0.000000e+00, 0.000000e+00, 0.000000e+00, 0.000000e+00, 0.000000e+00, 0.000000e+00, 0.000000e+00, 0.000000e+00, 0.000000e+00, 0.000000e+00, 0.000000e+00, 0.000000e+00, 0.000000e+00, 0.000000e+00;
  0.000000e+00, 0.000000e+00, 0.000000e+00, 0.000000e+00, 0.000000e+00, 0.000000e+00, 0.000000e+00, 0.000000e+00, 0.000000e+00, 0.000000e+00, 0.000000e+00, 0.000000e+00, 0.000000e+00, 0.000000e+00;
  0.000000e+00, 0.000000e+00, 0.000000e+00, 0.000000e+00, 0.000000e+00, 0.000000e+00, 0.000000e+00, 0.000000e+00, 0.000000e+00, 0.000000e+00, 0.000000e+00, 0.000000e+00, 0.000000e+00, 0.000000e+00;
  0.000000e+00, 0.000000e+00, 0.000000e+00, 0.000000e+00, 0.000000e+00, 0.000000e+00, 0.000000e+00, 0.000000e+00, 0.000000e+00, 0.000000e+00, 0.000000e+00, 0.000000e+00, 0.000000e+00, 0.000000e+00;
];
K(:,:,1,10) = [
  0.000000e+00, 0.000000e+00, 0.000000e+00, 0.000000e+00, 0.000000e+00, 0.000000e+00, 1.352198e-03, 2.626343e-03, -1.679796e-02, 3.219102e-02, 0.000000e+00, 0.000000e+00, 0.000000e+00, 0.000000e+00;
  0.000000e+00, 0.000000e+00, 0.000000e+00, 0.000000e+00, 0.000000e+00, 0.000000e+00, -1.860706e-04, -4.194155e-03, 1.871683e-02, -3.404841e-02, 0.000000e+00, 0.000000e+00, 0.000000e+00, 0.000000e+00;
  0.000000e+00, 0.000000e+00, 0.000000e+00, 0.000000e+00, 0.000000e+00, 0.000000e+00, -2.906145e-03, 6.875384e-03, -1.764819e-02, 2.784569e-02, 0.000000e+00, 0.000000e+00, 0.000000e+00, 0.000000e+00;
  0.000000e+00, 0.000000e+00, 0.000000e+00, 0.000000e+00, 0.000000e+00, 0.000000e+00, 5.134445e-03, -6.812477e-03, 8.492527e-03, -8.109922e-03, 0.000000e+00, 0.000000e+00, 0.000000e+00, 0.000000e+00;
  0.000000e+00, 0.000000e+00, 0.000000e+00, 0.000000e+00, 0.000000e+00, 0.000000e+00, -3.348103e-03, 2.506274e-03, 2.717728e-03, -9.819646e-03, 0.000000e+00, 0.000000e+00, 0.000000e+00, 0.000000e+00;
  0.000000e+00, 0.000000e+00, 0.000000e+00, 0.000000e+00, 0.000000e+00, 0.000000e+00, -1.104294e-03, 3.739382e-03, -1.158430e-02, 1.924363e-02, 0.000000e+00, 0.000000e+00, 0.000000e+00, 0.000000e+00;
  1.347998e-03, -1.969060e-04, -2.839695e-03, 4.984754e-03, -3.154334e-03, -1.256669e-03, 0.000000e+00, 0.000000e+00, 0.000000e+00, 0.000000e+00, 2.011023e-05, -1.708296e-05, 8.540192e-06, 2.535300e-06;
  2.615508e-03, -4.156955e-03, 6.752526e-03, -6.565091e-03, 2.176782e-03, 4.030259e-03, 0.000000e+00, 0.000000e+00, 0.000000e+00, 0.000000e+00, -8.177982e-05, 6.776101e-05, -3.182176e-05, -1.041015e-05;
  -1.673151e-02, 1.859397e-02, -1.737274e-02, 8.015452e-03, 3.357517e-03, -1.222002e-02, 0.000000e+00, 0.000000e+00, 0.000000e+00, 0.000000e+00, 2.578607e-04, -2.125632e-04, 9.949067e-05, 2.995402e-05;
  3.204133e-02, -3.380102e-02, 2.736862e-02, -7.378419e-03, -1.075859e-02, 2.024151e-02, 0.000000e+00, 0.000000e+00, 0.000000e+00, 0.000000e+00, -3.793397e-04, 3.176786e-04, -1.598128e-04, -2.949071e-05;
  0.000000e+00, 0.000000e+00, 0.000000e+00, 0.000000e+00, 0.000000e+00, 0.000000e+00, 0.000000e+00, 0.000000e+00, 0.000000e+00, 0.000000e+00, 0.000000e+00, 0.000000e+00, 0.000000e+00, 0.000000e+00;
  0.000000e+00, 0.000000e+00, 0.000000e+00, 0.000000e+00, 0.000000e+00, 0.000000e+00, 0.000000e+00, 0.000000e+00, 0.000000e+00, 0.000000e+00, 0.000000e+00, 0.000000e+00, 0.000000e+00, 0.000000e+00;
  0.000000e+00, 0.000000e+00, 0.000000e+00, 0.000000e+00, 0.000000e+00, 0.000000e+00, 0.000000e+00, 0.000000e+00, 0.000000e+00, 0.000000e+00, 0.000000e+00, 0.000000e+00, 0.000000e+00, 0.000000e+00;
  0.000000e+00, 0.000000e+00, 0.000000e+00, 0.000000e+00, 0.000000e+00, 0.000000e+00, 0.000000e+00, 0.000000e+00, 0.000000e+00, 0.000000e+00, 0.000000e+00, 0.000000e+00, 0.000000e+00, 0.000000e+00;
];
K(:,:,1,11) = [
  -2.346433e-05, 3.966376e-05, -7.599917e-05, 1.064941e-04, -1.099555e-04, 7.822781e-05, 0.000000e+00, 0.000000e+00, 0.000000e+00, 0.000000e+00, 0.000000e+00, 0.000000e+00, 0.000000e+00, 0.000000e+00;
  -2.346433e-05, 3.966376e-05, -7.599917e-05, 1.064941e-04, -1.099555e-04, 7.822781e-05, 0.000000e+00, 0.000000e+00, 0.000000e+00, 0.000000e+00, 0.000000e+00, 0.000000e+00, 0.000000e+00, 0.000000e+00;
  1.595640e-04, -2.784599e-04, 5.553441e-04, -8.072280e-04, 8.633459e-04, -6.474216e-04, 0.000000e+00, 0.000000e+00, 0.000000e+00, 0.000000e+00, 0.000000e+00, 0.000000e+00, 0.000000e+00, 0.000000e+00;
  -3.173832e-04, 5.715250e-04, -1.189127e-03, 1.807946e-03, -2.035613e-03, 1.650445e-03, 0.000000e+00, 0.000000e+00, 0.000000e+00, 0.000000e+00, 0.000000e+00, 0.000000e+00, 0.000000e+00, 0.000000e+00;
  3.847865e-04, -7.140059e-04, 1.556109e-03, -2.509642e-03, 3.053134e-03, -2.774556e-03, 0.000000e+00, 0.000000e+00, 0.000000e+00, 0.000000e+00, 0.000000e+00, 0.000000e+00, 0.000000e+00, 0.000000e+00;
  -3.149271e-04, 6.029165e-04, -1.389871e-03, 2.431575e-03, -3.305616e-03, 3.476106e-03, 0.000000e+00, 0.000000e+00, 0.000000e+00, 0.000000e+00, 0.000000e+00, 0.000000e+00, 0.000000e+00, 0.000000e+00;
  0.000000e+00, 0.000000e+00, 0.000000e+00, 0.000000e+00, 0.000000e+00, 0.000000e+00, 0.000000e+00, 0.000000e+00, 0.000000e+00, 0.000000e+00, 0.000000e+00, 0.000000e+00, 0.000000e+00, 0.000000e+00;
  0.000000e+00, 0.000000e+00, 0.000000e+00, 0.000000e+00, 0.000000e+00, 0.000000e+00, 0.000000e+00, 0.000000e+00, 0.000000e+00, 0.000000e+00, 0.000000e+00, 0.000000e+00, 0.000000e+00, 0.000000e+00;
  0.000000e+00, 0.000000e+00, 0.000000e+00, 0.000000e+00, 0.000000e+00, 0.000000e+00, 0.000000e+00, 0.000000e+00, 0.000000e+00, 0.000000e+00, 0.000000e+00, 0.000000e+00, 0.000000e+00, 0.000000e+00;
  0.000000e+00, 0.000000e+00, 0.000000e+00, 0.000000e+00, 0.000000e+00, 0.000000e+00, 0.000000e+00, 0.000000e+00, 0.000000e+00, 0.000000e+00, 0.000000e+00, 0.000000e+00, 0.000000e+00, 0.000000e+00;
  0.000000e+00, 0.000000e+00, 0.000000e+00, 0.000000e+00, 0.000000e+00, 0.000000e+00, 0.000000e+00, 0.000000e+00, 0.000000e+00, 0.000000e+00, 1.759825e-05, -1.396580e-05, 5.734766e-06, 2.251392e-06;
  0.000000e+00, 0.000000e+00, 0.000000e+00, 0.000000e+00, 0.000000e+00, 0.000000e+00, 0.000000e+00, 0.000000e+00, 0.000000e+00, 0.000000e+00, -1.396580e-05, 1.166651e-05, -5.857203e-06, -8.870425e-07;
  0.000000e+00, 0.000000e+00, 0.000000e+00, 0.000000e+00, 0.000000e+00, 0.000000e+00, 0.000000e+00, 0.000000e+00, 0.000000e+00, 0.000000e+00, 5.734766e-06, -5.857203e-06, 5.044698e-06, -1.979132e-06;
  0.000000e+00, 0.000000e+00, 0.000000e+00, 0.000000e+00, 0.000000e+00, 0.000000e+00, 0.000000e+00, 0.000000e+00, 0.000000e+00, 0.000000e+00, 2.251392e-06, -8.870425e-07, -1.979132e-06, 3.785181e-06;
];
K(:,:,1,12) = [
  1.862106e-05, -3.264355e-05, 6.535096e-05, -9.506963e-05, 1.014532e-04, -7.568164e-05, 0.000000e+00, 0.000000e+00, 0.000000e+00, 0.000000e+00, 0.000000e+00, 0.000000e+00, 0.000000e+00, 0.000000e+00;
  1.862106e-05, -3.264355e-05, 6.535096e-05, -9.506963e-05, 1.014532e-04, -7.568164e-05, 0.000000e+00, 0.000000e+00, 0.000000e+00, 0.000000e+00, 0.000000e+00, 0.000000e+00, 0.000000e+00, 0.000000e+00;
  -1.324519e-04, 2.349776e-04, -4.795907e-04, 7.153166e-04, -7.889572e-04, 6.209362e-04, 0.000000e+00, 0.000000e+00, 0.000000e+00, 0.000000e+00, 0.000000e+00, 0.000000e+00, 0.000000e+00, 0.000000e+00;
  2.752223e-04, -4.961357e-04, 1.038180e-03, -1.599144e-03, 1.842855e-03, -1.555089e-03, 0.000000e+00, 0.000000e+00, 0.000000e+00, 0.000000e+00, 0.000000e+00, 0.000000e+00, 0.000000e+00, 0.000000e+00;
  -3.477418e-04, 6.409003e-04, -1.388381e-03, 2.238367e-03, -2.745497e-03, 2.540391e-03, 0.000000e+00, 0.000000e+00, 0.000000e+00, 0.000000e+00, 0.000000e+00, 0.000000e+00, 0.000000e+00, 0.000000e+00;
  2.969687e-04, -5.650570e-04, 1.288075e-03, -2.220677e-03, 2.969979e-03, -3.068269e-03, 0.000000e+00, 0.000000e+00, 0.000000e+00, 0.000000e+00, 0.000000e+00, 0.000000e+00, 0.000000e+00, 0.000000e+00;
  0.000000e+00, 0.000000e+00, 0.000000e+00, 0.000000e+00, 0.000000e+00, 0.000000e+00, 0.000000e+00, 0.000000e+00, 0.000000e+00, 0.000000e+00, 0.000000e+00, 0.000000e+00, 0.000000e+00, 0.000000e+00;
  0.000000e+00, 0.000000e+00, 0.000000e+00, 0.000000e+00, 0.000000e+00, 0.000000e+00, 0.000000e+00, 0.000000e+00, 0.000000e+00, 0.000000e+00, 0.000000e+00, 0.000000e+00, 0.000000e+00, 0.000000e+00;
  0.000000e+00, 0.000000e+00, 0.000000e+00, 0.000000e+00, 0.000000e+00, 0.000000e+00, 0.000000e+00, 0.000000e+00, 0.000000e+00, 0.000000e+00, 0.000000e+00, 0.000000e+00, 0.000000e+00, 0.000000e+00;
  0.000000e+00, 0.000000e+00, 0.000000e+00, 0.000000e+00, 0.000000e+00, 0.000000e+00, 0.000000e+00, 0.000000e+00, 0.000000e+00, 0.000000e+00, 0.000000e+00, 0.000000e+00, 0.000000e+00, 0.000000e+00;
  0.000000e+00, 0.000000e+00, 0.000000e+00, 0.000000e+00, 0.000000e+00, 0.000000e+00, 0.000000e+00, 0.000000e+00, 0.000000e+00, 0.000000e+00, -1.396580e-05, 1.166651e-05, -5.857203e-06, -8.870425e-07;
  0.000000e+00, 0.000000e+00, 0.000000e+00, 0.000000e+00, 0.000000e+00, 0.000000e+00, 0.000000e+00, 0.000000e+00, 0.000000e+00, 0.000000e+00, 1.166651e-05, -9.911500e-06, 5.389732e-06, 1.361300e-07;
  0.000000e+00, 0.000000e+00, 0.000000e+00, 0.000000e+00, 0.000000e+00, 0.000000e+00, 0.000000e+00, 0.000000e+00, 0.000000e+00, 0.000000e+00, -5.857203e-06, 5.389732e-06, -3.918167e-06, 1.449069e-06;
  0.000000e+00, 0.000000e+00, 0.000000e+00, 0.000000e+00, 0.000000e+00, 0.000000e+00, 0.000000e+00, 0.000000e+00, 0.000000e+00, 0.000000e+00, -8.870425e-07, 1.361300e-07, 1.449069e-06, -2.538741e-06;
];
K(:,:,1,13) = [
  -7.646355e-06, 1.553758e-05, -3.671809e-05, 6.167424e-05, -7.540531e-05, 6.729790e-05, 0.000000e+00, 0.000000e+00, 0.000000e+00, 0.000000e+00, 0.000000e+00, 0.000000e+00, 0.000000e+00, 0.000000e+00;
  -7.646355e-06, 1.553758e-05, -3.671809e-05, 6.167424e-05, -7.540531e-05, 6.729790e-05, 0.000000e+00, 0.000000e+00, 0.000000e+00, 0.000000e+00, 0.000000e+00, 0.000000e+00, 0.000000e+00, 0.000000e+00;
  6.543814e-05, -1.243216e-04, 2.784450e-04, -4.596991e-04, 5.707270e-04, -5.301920e-04, 0.000000e+00, 0.000000e+00, 0.000000e+00, 0.000000e+00, 0.000000e+00, 0.000000e+00, 0.000000e+00, 0.000000e+00;
  -1.606495e-04, 2.940182e-04, -6.358073e-04, 1.035191e-03, -1.299452e-03, 1.246944e-03, 0.000000e+00, 0.000000e+00, 0.000000e+00, 0.000000e+00, 0.000000e+00, 0.000000e+00, 0.000000e+00, 0.000000e+00;
  2.379194e-04, -4.324098e-04, 9.273560e-04, -1.504190e-03, 1.898632e-03, -1.849735e-03, 0.000000e+00, 0.000000e+00, 0.000000e+00, 0.000000e+00, 0.000000e+00, 0.000000e+00, 0.000000e+00, 0.000000e+00;
  -2.405032e-04, 4.470087e-04, -9.814546e-04, 1.613447e-03, -2.036231e-03, 1.953596e-03, 0.000000e+00, 0.000000e+00, 0.000000e+00, 0.000000e+00, 0.000000e+00, 0.000000e+00, 0.000000e+00, 0.000000e+00;
  0.000000e+00, 0.000000e+00, 0.000000e+00, 0.000000e+00, 0.000000e+00, 0.000000e+00, 0.000000e+00, 0.000000e+00, 0.000000e+00, 0.000000e+00, 0.000000e+00, 0.000000e+00, 0.000000e+00, 0.000000e+00;
  0.000000e+00, 0.000000e+00, 0.000000e+00, 0.000000e+00, 0.000000e+00, 0.000000e+00, 0.000000e+00, 0.000000e+00, 0.000000e+00, 0.000000e+00, 0.000000e+00, 0.000000e+00, 0.000000e+00, 0.000000e+00;
  0.000000e+00, 0.000000e+00, 0.000000e+00, 0.000000e+00, 0.000000e+00, 0.000000e+00, 0.000000e+00, 0.000000e+00, 0.000000e+00, 0.000000e+00, 0.000000e+00, 0.000000e+00, 0.000000e+00, 0.000000e+00;
  0.000000e+00, 0.000000e+00, 0.000000e+00, 0.000000e+00, 0.000000e+00, 0.000000e+00, 0.000000e+00, 0.000000e+00, 0.000000e+00, 0.000000e+00, 0.000000e+00, 0.000000e+00, 0.000000e+00, 0.000000e+00;
  0.000000e+00, 0.000000e+00, 0.000000e+00, 0.000000e+00, 0.000000e+00, 0.000000e+00, 0.000000e+00, 0.000000e+00, 0.000000e+00, 0.000000e+00, 5.734766e-06, -5.857203e-06, 5.044698e-06, -1.979132e-06;
  0.000000e+00, 0.000000e+00, 0.000000e+00, 0.000000e+00, 0.000000e+00, 0.000000e+00, 0.000000e+00, 0.000000e+00, 0.000000e+00, 0.000000e+00, -5.857203e-06, 5.389732e-06, -3.918167e-06, 1.449069e-06;
  0.000000e+00, 0.000000e+00, 0.000000e+00, 0.000000e+00, 0.000000e+00, 0.000000e+00, 0.000000e+00, 0.000000e+00, 0.000000e+00, 0.000000e+00, 5.044698e-06, -3.918167e-06, 1.794103e-06, -4.234791e-07;
  0.000000e+00, 0.000000e+00, 0.000000e+00, 0.000000e+00, 0.000000e+00, 0.000000e+00, 0.000000e+00, 0.000000e+00, 0.000000e+00, 0.000000e+00, -1.979132e-06, 1.449069e-06, -4.234791e-07, -6.966274e-08;
];
K(:,:,1,14) = [
  -3.001856e-06, 3.275013e-06, -8.961774e-08, -1.248284e-05, 3.240180e-05, -4.915551e-05, 0.000000e+00, 0.000000e+00, 0.000000e+00, 0.000000e+00, 0.000000e+00, 0.000000e+00, 0.000000e+00, 0.000000e+00;
  -3.001856e-06, 3.275013e-06, -8.961774e-08, -1.248284e-05, 3.240180e-05, -4.915551e-05, 0.000000e+00, 0.000000e+00, 0.000000e+00, 0.000000e+00, 0.000000e+00, 0.000000e+00, 0.000000e+00, 0.000000e+00;
  1.031529e-05, -7.599346e-06, -2.005431e-05, 1.032276e-04, -2.333265e-04, 3.462477e-04, 0.000000e+00, 0.000000e+00, 0.000000e+00, 0.000000e+00, 0.000000e+00, 0.000000e+00, 0.000000e+00, 0.000000e+00;
  9.702382e-06, -2.997574e-05, 1.083859e-04, -2.730533e-04, 5.049685e-04, -6.909896e-04, 0.000000e+00, 0.000000e+00, 0.000000e+00, 0.000000e+00, 0.000000e+00, 0.000000e+00, 0.000000e+00, 0.000000e+00;
  -7.019167e-05, 1.285728e-04, -2.853529e-04, 4.973380e-04, -6.981385e-04, 7.677871e-04, 0.000000e+00, 0.000000e+00, 0.000000e+00, 0.000000e+00, 0.000000e+00, 0.000000e+00, 0.000000e+00, 0.000000e+00;
  1.387075e-04, -2.424923e-04, 4.825707e-04, -6.896343e-04, 6.951498e-04, -4.268851e-04, 0.000000e+00, 0.000000e+00, 0.000000e+00, 0.000000e+00, 0.000000e+00, 0.000000e+00, 0.000000e+00, 0.000000e+00;
  0.000000e+00, 0.000000e+00, 0.000000e+00, 0.000000e+00, 0.000000e+00, 0.000000e+00, 0.000000e+00, 0.000000e+00, 0.000000e+00, 0.000000e+00, 0.000000e+00, 0.000000e+00, 0.000000e+00, 0.000000e+00;
  0.000000e+00, 0.000000e+00, 0.000000e+00, 0.000000e+00, 0.000000e+00, 0.000000e+00, 0.000000e+00, 0.000000e+00, 0.000000e+00, 0.000000e+00, 0.000000e+00, 0.000000e+00, 0.000000e+00, 0.000000e+00;
  0.000000e+00, 0.000000e+00, 0.000000e+00, 0.000000e+00, 0.000000e+00, 0.000000e+00, 0.000000e+00, 0.000000e+00, 0.000000e+00, 0.000000e+00, 0.000000e+00, 0.000000e+00, 0.000000e+00, 0.000000e+00;
  0.000000e+00, 0.000000e+00, 0.000000e+00, 0.000000e+00, 0.000000e+00, 0.000000e+00, 0.000000e+00, 0.000000e+00, 0.000000e+00, 0.000000e+00, 0.000000e+00, 0.000000e+00, 0.000000e+00, 0.000000e+00;
  0.000000e+00, 0.000000e+00, 0.000000e+00, 0.000000e+00, 0.000000e+00, 0.000000e+00, 0.000000e+00, 0.000000e+00, 0.000000e+00, 0.000000e+00, 2.251392e-06, -8.870425e-07, -1.979132e-06, 3.785181e-06;
  0.000000e+00, 0.000000e+00, 0.000000e+00, 0.000000e+00, 0.000000e+00, 0.000000e+00, 0.000000e+00, 0.000000e+00, 0.000000e+00, 0.000000e+00, -8.870425e-07, 1.361300e-07, 1.449069e-06, -2.538741e-06;
  0.000000e+00, 0.000000e+00, 0.000000e+00, 0.000000e+00, 0.000000e+00, 0.000000e+00, 0.000000e+00, 0.000000e+00, 0.000000e+00, 0.000000e+00, -1.979132e-06, 1.449069e-06, -4.234791e-07, -6.966274e-08;
  0.000000e+00, 0.000000e+00, 0.000000e+00, 0.000000e+00, 0.000000e+00, 0.000000e+00, 0.000000e+00, 0.000000e+00, 0.000000e+00, 0.000000e+00, 3.785181e-06, -2.538741e-06, -6.966274e-08, 2.022465e-06;
];
K(:,:,2,1) = [
  -1.358496e-02, 1.569741e-02, -1.414262e-02, 2.990655e-03, 8.338750e-03, -1.204939e-02, 0.000000e+00, 0.000000e+00, 0.000000e+00, 0.000000e+00, -9.552695e-05, 7.930958e-05, -3.896640e-05, -6.823183e-06;
