function K = DW0(p)
% Auto-generated constant matrix
K = zeros(20,12);
K = [
  -5.402250e-01, -5.132137e-01, -4.348811e-01, -3.130604e-01, -3.026363e+00, -2.799385e+00, -2.148717e+00, -1.161367e+00, 0.000000e+00, 0.000000e+00, 0.000000e+00, 0.000000e+00;
  -4.862025e+00, -4.132721e+00, -2.163601e+00, 4.545993e-01, -8.715263e+00, -6.754328e+00, -1.655900e+00, 4.521042e+00, 0.000000e+00, 0.000000e+00, 0.000000e+00, 0.000000e+00;
  -1.350562e+01, -1.012922e+01, -1.688203e+00, 7.596914e+00, -1.391906e+01, -8.699414e+00, 3.479766e+00, 1.435403e+01, 0.000000e+00, 0.000000e+00, 0.000000e+00, 0.000000e+00;
  -2.647102e+01, -1.720617e+01, 4.103009e+00, 2.254008e+01, -1.863776e+01, -8.852937e+00, 1.136904e+01, 2.262158e+01, 0.000000e+00, 0.000000e+00, 0.000000e+00, 0.000000e+00;
  -4.375823e+01, -2.406702e+01, 1.728450e+01, 4.307997e+01, -2.287136e+01, -7.433193e+00, 2.035551e+01, 2.575887e+01, 0.000000e+00, 0.000000e+00, 0.000000e+00, 0.000000e+00;
  -6.536722e+01, -2.941525e+01, 3.889350e+01, 6.441940e+01, -2.661986e+01, -4.658476e+00, 2.901565e+01, 2.206121e+01, 0.000000e+00, 0.000000e+00, 0.000000e+00, 0.000000e+00;
  -9.129802e+01, -3.195431e+01, 6.893001e+01, 8.020531e+01, -2.988326e+01, -7.470816e-01, 3.615875e+01, 1.139299e+01, 0.000000e+00, 0.000000e+00, 0.000000e+00, 0.000000e+00;
  -1.215506e+02, -3.038766e+01, 1.063568e+02, 8.356605e+01, -3.266156e+01, 4.082695e+00, 4.082695e+01, -5.103369e+00, 0.000000e+00, 0.000000e+00, 0.000000e+00, 0.000000e+00;
  -1.561250e+02, -2.341875e+01, 1.490994e+02, 6.814857e+01, -3.495476e+01, 9.612560e+00, 4.229526e+01, -2.529851e+01, 0.000000e+00, 0.000000e+00, 0.000000e+00, 0.000000e+00;
  -1.950212e+02, -9.751061e+00, 1.940461e+02, 2.915567e+01, -3.676286e+01, 1.562422e+01, 4.007152e+01, -4.636716e+01, 0.000000e+00, 0.000000e+00, 0.000000e+00, 0.000000e+00;
  -2.382392e+02, 1.191196e+01, 2.370480e+02, -3.561676e+01, -3.808586e+01, 2.189937e+01, 3.389642e+01, -6.507922e+01, 0.000000e+00, 0.000000e+00, 0.000000e+00, 0.000000e+00;
  -2.857790e+02, 4.286685e+01, 2.729190e+02, -1.247425e+02, -3.892376e+01, 2.821973e+01, 2.374350e+01, -7.809080e+01, 0.000000e+00, 0.000000e+00, 0.000000e+00, 0.000000e+00;
  -3.376406e+02, 8.441016e+01, 2.954355e+02, -2.321279e+02, -3.927656e+01, 3.436699e+01, 9.819141e+00, -8.223530e+01, 0.000000e+00, 0.000000e+00, 0.000000e+00, 0.000000e+00;
  -3.938240e+02, 1.378384e+02, 2.973371e+02, -3.459744e+02, -3.914426e+01, 4.012287e+01, -7.437410e+00, -7.481447e+01, 0.000000e+00, 0.000000e+00, 0.000000e+00, 0.000000e+00;
  -4.543292e+02, 2.044482e+02, 2.703259e+02, -4.477415e+02, -3.852686e+01, 4.526906e+01, -2.735407e+01, -5.388945e+01, 0.000000e+00, 0.000000e+00, 0.000000e+00, 0.000000e+00;
  -5.191562e+02, 2.855359e+02, 2.050667e+02, -5.111093e+02, -3.742436e+01, 4.958728e+01, -4.902591e+01, -1.857184e+01, 0.000000e+00, 0.000000e+00, 0.000000e+00, 0.000000e+00;
  -5.883050e+02, 3.823983e+02, 9.118728e+01, -5.009417e+02, -3.583676e+01, 5.285922e+01, -7.131516e+01, 3.068523e+01, 0.000000e+00, 0.000000e+00, 0.000000e+00, 0.000000e+00;
  -6.617756e+02, 4.963317e+02, -8.272195e+01, -3.722488e+02, -3.376406e+01, 5.486660e+01, -9.285117e+01, 9.179604e+01, 0.000000e+00, 0.000000e+00, 0.000000e+00, 0.000000e+00;
  -7.395680e+02, 6.286328e+02, -3.291078e+02, -6.914961e+01, -3.120626e+01, 5.539112e+01, -1.120305e+02, 1.607513e+02, 0.000000e+00, 0.000000e+00, 0.000000e+00, 0.000000e+00;
  -8.216822e+02, 7.805981e+02, -6.614542e+02, 4.761648e+02, -2.816336e+01, 5.421447e+01, -1.270168e+02, 2.313268e+02, 0.000000e+00, 0.000000e+00, 0.000000e+00, 0.000000e+00;
];
