function K = DW1(p)
% Auto-generated constant matrix
K = zeros(20,12);
K = [
  0.000000e+00, 0.000000e+00, 0.000000e+00, 0.000000e+00, 1.008788e+01, 9.331284e+00, 7.162391e+00, 3.871222e+00, 0.000000e+00, 0.000000e+00, 0.000000e+00, 0.000000e+00;
  0.000000e+00, 0.000000e+00, 0.000000e+00, 0.000000e+00, 2.905088e+01, 2.251443e+01, 5.519666e+00, -1.507014e+01, 0.000000e+00, 0.000000e+00, 0.000000e+00, 0.000000e+00;
  0.000000e+00, 0.000000e+00, 0.000000e+00, 0.000000e+00, 4.639687e+01, 2.899805e+01, -1.159922e+01, -4.784678e+01, 0.000000e+00, 0.000000e+00, 0.000000e+00, 0.000000e+00;
  0.000000e+00, 0.000000e+00, 0.000000e+00, 0.000000e+00, 6.212587e+01, 2.950979e+01, -3.789678e+01, -7.540528e+01, 0.000000e+00, 0.000000e+00, 0.000000e+00, 0.000000e+00;
  0.000000e+00, 0.000000e+00, 0.000000e+00, 0.000000e+00, 7.623788e+01, 2.477731e+01, -6.785171e+01, -8.586291e+01, 0.000000e+00, 0.000000e+00, 0.000000e+00, 0.000000e+00;
  0.000000e+00, 0.000000e+00, 0.000000e+00, 0.000000e+00, 8.873287e+01, 1.552825e+01, -9.671883e+01, -7.353737e+01, 0.000000e+00, 0.000000e+00, 0.000000e+00, 0.000000e+00;
  0.000000e+00, 0.000000e+00, 0.000000e+00, 0.000000e+00, 9.961088e+01, 2.490272e+00, -1.205292e+02, -3.797665e+01, 0.000000e+00, 0.000000e+00, 0.000000e+00, 0.000000e+00;
  0.000000e+00, 0.000000e+00, 0.000000e+00, 0.000000e+00, 1.088719e+02, -1.360898e+01, -1.360898e+02, 1.701123e+01, 0.000000e+00, 0.000000e+00, 0.000000e+00, 0.000000e+00;
  0.000000e+00, 0.000000e+00, 0.000000e+00, 0.000000e+00, 1.165159e+02, -3.204187e+01, -1.409842e+02, 8.432836e+01, 0.000000e+00, 0.000000e+00, 0.000000e+00, 0.000000e+00;
  0.000000e+00, 0.000000e+00, 0.000000e+00, 0.000000e+00, 1.225429e+02, -5.208072e+01, -1.335717e+02, 1.545572e+02, 0.000000e+00, 0.000000e+00, 0.000000e+00, 0.000000e+00;
  0.000000e+00, 0.000000e+00, 0.000000e+00, 0.000000e+00, 1.269529e+02, -7.299790e+01, -1.129881e+02, 2.169307e+02, 0.000000e+00, 0.000000e+00, 0.000000e+00, 0.000000e+00;
  0.000000e+00, 0.000000e+00, 0.000000e+00, 0.000000e+00, 1.297459e+02, -9.406576e+01, -7.914498e+01, 2.603027e+02, 0.000000e+00, 0.000000e+00, 0.000000e+00, 0.000000e+00;
  0.000000e+00, 0.000000e+00, 0.000000e+00, 0.000000e+00, 1.309219e+02, -1.145566e+02, -3.273047e+01, 2.741177e+02, 0.000000e+00, 0.000000e+00, 0.000000e+00, 0.000000e+00;
  0.000000e+00, 0.000000e+00, 0.000000e+00, 0.000000e+00, 1.304809e+02, -1.337429e+02, 2.479137e+01, 2.493816e+02, 0.000000e+00, 0.000000e+00, 0.000000e+00, 0.000000e+00;
  0.000000e+00, 0.000000e+00, 0.000000e+00, 0.000000e+00, 1.284229e+02, -1.508969e+02, 9.118024e+01, 1.796315e+02, 0.000000e+00, 0.000000e+00, 0.000000e+00, 0.000000e+00;
  0.000000e+00, 0.000000e+00, 0.000000e+00, 0.000000e+00, 1.247479e+02, -1.652909e+02, 1.634197e+02, 6.190613e+01, 0.000000e+00, 0.000000e+00, 0.000000e+00, 0.000000e+00;
  0.000000e+00, 0.000000e+00, 0.000000e+00, 0.000000e+00, 1.194559e+02, -1.761974e+02, 2.377172e+02, -1.022841e+02, 0.000000e+00, 0.000000e+00, 0.000000e+00, 0.000000e+00;
  0.000000e+00, 0.000000e+00, 0.000000e+00, 0.000000e+00, 1.125469e+02, -1.828887e+02, 3.095039e+02, -3.059868e+02, 0.000000e+00, 0.000000e+00, 0.000000e+00, 0.000000e+00;
  0.000000e+00, 0.000000e+00, 0.000000e+00, 0.000000e+00, 1.040209e+02, -1.846371e+02, 3.734349e+02, -5.358375e+02, 0.000000e+00, 0.000000e+00, 0.000000e+00, 0.000000e+00;
  0.000000e+00, 0.000000e+00, 0.000000e+00, 0.000000e+00, 9.387788e+01, -1.807149e+02, 4.233892e+02, -7.710894e+02, 0.000000e+00, 0.000000e+00, 0.000000e+00, 0.000000e+00;
];
