function K = KW0_3(p)
% Auto-generated constant matrix
K = zeros(20,12);
K = [
  0.000000e+00, 0.000000e+00, 0.000000e+00, 0.000000e+00, -1.470000e+00, -1.359750e+00, -1.043700e+00, -5.641125e-01, 0.000000e+00, 0.000000e+00, 0.000000e+00, 0.000000e+00;
  0.000000e+00, 0.000000e+00, 0.000000e+00, 0.000000e+00, -4.410000e+00, -3.417750e+00, -8.379000e-01, 2.287688e+00, 0.000000e+00, 0.000000e+00, 0.000000e+00, 0.000000e+00;
  0.000000e+00, 0.000000e+00, 0.000000e+00, 0.000000e+00, -7.350000e+00, -4.593750e+00, 1.837500e+00, 7.579688e+00, 0.000000e+00, 0.000000e+00, 0.000000e+00, 0.000000e+00;
  0.000000e+00, 0.000000e+00, 0.000000e+00, 0.000000e+00, -1.029000e+01, -4.887750e+00, 6.276900e+00, 1.248949e+01, 0.000000e+00, 0.000000e+00, 0.000000e+00, 0.000000e+00;
  0.000000e+00, 0.000000e+00, 0.000000e+00, 0.000000e+00, -1.323000e+01, -4.299750e+00, 1.177470e+01, 1.490029e+01, 0.000000e+00, 0.000000e+00, 0.000000e+00, 0.000000e+00;
  0.000000e+00, 0.000000e+00, 0.000000e+00, 0.000000e+00, -1.617000e+01, -2.829750e+00, 1.762530e+01, 1.340089e+01, 0.000000e+00, 0.000000e+00, 0.000000e+00, 0.000000e+00;
  0.000000e+00, 0.000000e+00, 0.000000e+00, 0.000000e+00, -1.911000e+01, -4.777500e-01, 2.312310e+01, 7.285688e+00, 0.000000e+00, 0.000000e+00, 0.000000e+00, 0.000000e+00;
  0.000000e+00, 0.000000e+00, 0.000000e+00, 0.000000e+00, -2.205000e+01, 2.756250e+00, 2.756250e+01, -3.445312e+00, 0.000000e+00, 0.000000e+00, 0.000000e+00, 0.000000e+00;
  0.000000e+00, 0.000000e+00, 0.000000e+00, 0.000000e+00, -2.499000e+01, 6.872250e+00, 3.023790e+01, -1.808651e+01, 0.000000e+00, 0.000000e+00, 0.000000e+00, 0.000000e+00;
  0.000000e+00, 0.000000e+00, 0.000000e+00, 0.000000e+00, -2.793000e+01, 1.187025e+01, 3.044370e+01, -3.522671e+01, 0.000000e+00, 0.000000e+00, 0.000000e+00, 0.000000e+00;
  0.000000e+00, 0.000000e+00, 0.000000e+00, 0.000000e+00, -3.087000e+01, 1.775025e+01, 2.747430e+01, -5.274911e+01, 0.000000e+00, 0.000000e+00, 0.000000e+00, 0.000000e+00;
  0.000000e+00, 0.000000e+00, 0.000000e+00, 0.000000e+00, -3.381000e+01, 2.451225e+01, 2.062410e+01, -6.783131e+01, 0.000000e+00, 0.000000e+00, 0.000000e+00, 0.000000e+00;
  0.000000e+00, 0.000000e+00, 0.000000e+00, 0.000000e+00, -3.675000e+01, 3.215625e+01, 9.187500e+00, -7.694531e+01, 0.000000e+00, 0.000000e+00, 0.000000e+00, 0.000000e+00;
  0.000000e+00, 0.000000e+00, 0.000000e+00, 0.000000e+00, -3.969000e+01, 4.068225e+01, -7.541100e+00, -7.585751e+01, 0.000000e+00, 0.000000e+00, 0.000000e+00, 0.000000e+00;
  0.000000e+00, 0.000000e+00, 0.000000e+00, 0.000000e+00, -4.263000e+01, 5.009025e+01, -3.026730e+01, -5.962871e+01, 0.000000e+00, 0.000000e+00, 0.000000e+00, 0.000000e+00;
  0.000000e+00, 0.000000e+00, 0.000000e+00, 0.000000e+00, -4.557000e+01, 6.038025e+01, -5.969670e+01, -2.261411e+01, 0.000000e+00, 0.000000e+00, 0.000000e+00, 0.000000e+00;
  0.000000e+00, 0.000000e+00, 0.000000e+00, 0.000000e+00, -4.851000e+01, 7.155225e+01, -9.653490e+01, 4.153669e+01, 0.000000e+00, 0.000000e+00, 0.000000e+00, 0.000000e+00;
  0.000000e+00, 0.000000e+00, 0.000000e+00, 0.000000e+00, -5.145000e+01, 8.360625e+01, -1.414875e+02, 1.398797e+02, 0.000000e+00, 0.000000e+00, 0.000000e+00, 0.000000e+00;
  0.000000e+00, 0.000000e+00, 0.000000e+00, 0.000000e+00, -5.439000e+01, 9.654225e+01, -1.952601e+02, 2.801765e+02, 0.000000e+00, 0.000000e+00, 0.000000e+00, 0.000000e+00;
  0.000000e+00, 0.000000e+00, 0.000000e+00, 0.000000e+00, -5.733000e+01, 1.103603e+02, -2.585583e+02, 4.708943e+02, 0.000000e+00, 0.000000e+00, 0.000000e+00, 0.000000e+00;
];
