function K = massModel_dir_2(p)
% Auto-generated constant matrix
K = zeros(12,1);
K = [
  0.000000e+00;
  0.000000e+00;
  0.000000e+00;
  0.000000e+00;
  2.247984e+06;
  -1.490589e+05;
  -1.312626e+06;
  -1.417014e+05;
  0.000000e+00;
  0.000000e+00;
  0.000000e+00;
  0.000000e+00;
];
