function K = massModel_dir_1(p)
% Auto-generated constant matrix
K = zeros(12,1);
K = [
  2.247984e+06;
  -1.490589e+05;
  -1.312626e+06;
  -1.417014e+05;
  0.000000e+00;
  0.000000e+00;
  0.000000e+00;
  0.000000e+00;
  -3.680586e+04;
  -1.472234e+04;
  2.502798e+04;
  3.474473e+04;
];
