function K = K_matr(p)
% Auto-generated constant matrix
K = zeros(14,14);
K = [
  5.942160e+00, -1.188432e+01, 2.971080e+01, -5.942160e+01, 1.010167e+02, -1.544962e+02, 0.000000e+00, 0.000000e+00, 0.000000e+00, 0.000000e+00, 0.000000e+00, 0.000000e+00, 0.000000e+00, 0.000000e+00;
  -1.188432e+01, 4.159512e+01, -1.307275e+02, 2.792815e+02, -4.872571e+02, 7.546543e+02, 0.000000e+00, 0.000000e+00, 0.000000e+00, 0.000000e+00, 0.000000e+00, 0.000000e+00, 0.000000e+00, 0.000000e+00;
  2.971080e+01, -1.307275e+02, 5.098373e+02, -1.243100e+03, 2.297918e+03, -3.641695e+03, 0.000000e+00, 0.000000e+00, 0.000000e+00, 0.000000e+00, 0.000000e+00, 0.000000e+00, 0.000000e+00, 0.000000e+00;
  -5.942160e+01, 2.792815e+02, -1.243100e+03, 3.472429e+03, -7.054193e+03, 1.171313e+04, 0.000000e+00, 0.000000e+00, 0.000000e+00, 0.000000e+00, 0.000000e+00, 0.000000e+00, 0.000000e+00, 0.000000e+00;
  1.010167e+02, -4.872571e+02, 2.297918e+03, -7.054193e+03, 1.584265e+04, -2.830109e+04, 0.000000e+00, 0.000000e+00, 0.000000e+00, 0.000000e+00, 0.000000e+00, 0.000000e+00, 0.000000e+00, 0.000000e+00;
  -1.544962e+02, 7.546543e+02, -3.641695e+03, 1.171313e+04, -2.830109e+04, 5.470288e+04, 0.000000e+00, 0.000000e+00, 0.000000e+00, 0.000000e+00, 0.000000e+00, 0.000000e+00, 0.000000e+00, 0.000000e+00;
  0.000000e+00, 0.000000e+00, 0.000000e+00, 0.000000e+00, 0.000000e+00, 0.000000e+00, 1.549363e+02, -3.098726e+02, 7.746816e+02, -1.549363e+03, 0.000000e+00, 0.000000e+00, 0.000000e+00, 0.000000e+00;
  0.000000e+00, 0.000000e+00, 0.000000e+00, 0.000000e+00, 0.000000e+00, 0.000000e+00, -3.098726e+02, 1.084554e+03, -3.408599e+03, 7.282007e+03, 0.000000e+00, 0.000000e+00, 0.000000e+00, 0.000000e+00;
  0.000000e+00, 0.000000e+00, 0.000000e+00, 0.000000e+00, 0.000000e+00, 0.000000e+00, 7.746816e+02, -3.408599e+03, 1.329354e+04, -3.241268e+04, 0.000000e+00, 0.000000e+00, 0.000000e+00, 0.000000e+00;
  0.000000e+00, 0.000000e+00, 0.000000e+00, 0.000000e+00, 0.000000e+00, 0.000000e+00, -1.549363e+03, 7.282007e+03, -3.241268e+04, 9.054036e+04, 0.000000e+00, 0.000000e+00, 0.000000e+00, 0.000000e+00;
  0.000000e+00, 0.000000e+00, 0.000000e+00, 0.000000e+00, 0.000000e+00, 0.000000e+00, 0.000000e+00, 0.000000e+00, 0.000000e+00, 0.000000e+00, 2.216716e+00, -2.216716e+00, 2.216717e+00, -2.216717e+00;
  0.000000e+00, 0.000000e+00, 0.000000e+00, 0.000000e+00, 0.000000e+00, 0.000000e+00, 0.000000e+00, 0.000000e+00, 0.000000e+00, 0.000000e+00, -2.216716e+00, 5.172339e+00, -8.127961e+00, 7.536836e+00;
  0.000000e+00, 0.000000e+00, 0.000000e+00, 0.000000e+00, 0.000000e+00, 0.000000e+00, 0.000000e+00, 0.000000e+00, 0.000000e+00, 0.000000e+00, 2.216717e+00, -8.127961e+00, 2.113270e+01, -2.704394e+01;
  0.000000e+00, 0.000000e+00, 0.000000e+00, 0.000000e+00, 0.000000e+00, 0.000000e+00, 0.000000e+00, 0.000000e+00, 0.000000e+00, 0.000000e+00, -2.216717e+00, 7.536836e+00, -2.704394e+01, 5.313786e+01;
];
