function K = Lif_proj1(p)
% Auto-generated constant matrix
K = zeros(19,12);
K = [
  2.390799e-01, 2.264967e-01, 1.900718e-01, 1.336394e-01, 6.313958e-02, -1.400647e-02, 0.000000e+00, 0.000000e+00, 5.965013e-01, 5.651065e-01, 4.742268e-01, 3.334285e-01;
  2.151719e+00, 1.811974e+00, 9.000265e-01, -2.961398e-01, -1.398788e+00, -2.059714e+00, 0.000000e+00, 0.000000e+00, 1.139027e+00, 9.591804e-01, 4.764350e-01, -1.567636e-01;
  5.976997e+00, 4.404103e+00, 5.132602e-01, -3.647720e+00, -5.888847e+00, -5.030582e+00, 0.000000e+00, 0.000000e+00, 1.734733e+00, 1.278224e+00, 1.489660e-01, -1.058695e+00;
  1.171491e+01, 7.398894e+00, -2.368944e+00, -1.039124e+01, -1.075684e+01, -3.196341e+00, 0.000000e+00, 0.000000e+00, 2.199523e+00, 1.389172e+00, -4.447788e-01, -1.950998e+00;
  1.936547e+01, 1.019235e+01, -8.636678e+00, -1.928359e+01, -1.166184e+01, 7.007971e+00, 0.000000e+00, 0.000000e+00, 2.533396e+00, 1.333366e+00, -1.129853e+00, -2.522685e+00;
  2.892867e+01, 1.218049e+01, -1.867141e+01, -2.790379e+01, -4.826513e+00, 2.383935e+01, 0.000000e+00, 0.000000e+00, 2.751981e+00, 1.158729e+00, -1.776209e+00, -2.654484e+00;
  4.040450e+01, 1.275932e+01, -3.234599e+01, -3.318836e+01, 1.138492e+01, 4.037883e+01, 0.000000e+00, 0.000000e+00, 2.946948e+00, 9.306152e-01, -2.359191e+00, -2.420631e+00;
  5.379298e+01, 1.132484e+01, -4.902462e+01, -3.196678e+01, 3.556493e+01, 4.694149e+01, 0.000000e+00, 0.000000e+00, 3.225973e+00, 6.791523e-01, -2.940014e+00, -1.917053e+00;
  6.909409e+01, 7.273062e+00, -6.756292e+01, -2.149683e+01, 6.303727e+01, 3.476784e+01, 0.000000e+00, 0.000000e+00, 3.458504e+00, 3.640531e-01, -3.381862e+00, -1.076024e+00;
  8.630784e+01, -1.916419e-14, -8.630784e+01, -1.916419e-14, 8.630784e+01, 5.749257e-14, 0.000000e+00, 0.000000e+00, 3.644542e+00, -8.092509e-16, -3.644542e+00, -8.092509e-16;
  1.054342e+02, -1.109834e+01, -1.030977e+02, 3.280313e+01, 9.619182e+01, -5.305404e+01, 0.000000e+00, 0.000000e+00, 3.784086e+00, -3.983248e-01, -3.700228e+00, 1.177320e+00;
  1.264733e+02, -2.662595e+01, -1.152623e+02, 7.515746e+01, 8.361709e+01, -1.103647e+02, 0.000000e+00, 0.000000e+00, 3.877135e+00, -8.162390e-01, -3.533456e+00, 2.304010e+00;
  1.494249e+02, -4.718682e+01, -1.196227e+02, 1.227380e+02, 4.210398e+01, -1.493300e+02, 0.000000e+00, 0.000000e+00, 3.923692e+00, -1.239060e+00, -3.141127e+00, 3.222930e+00;
  1.742892e+02, -7.338494e+01, -1.124914e+02, 1.681145e+02, -2.907874e+01, -1.436272e+02, 0.000000e+00, 0.000000e+00, 3.923754e+00, -1.652107e+00, -2.532506e+00, 3.784743e+00;
  2.010662e+02, -1.058243e+02, -8.967218e+01, 2.002161e+02, -1.210816e+02, -7.276178e+01, 0.000000e+00, 0.000000e+00, 3.877322e+00, -2.040696e+00, -1.729221e+00, 3.860929e+00;
  2.297558e+02, -1.451089e+02, -4.646031e+01, 2.037956e+02, -2.109657e+02, 6.268742e+01, 0.000000e+00, 0.000000e+00, 3.784397e+00, -2.390146e+00, -7.652659e-01, 3.356797e+00;
  2.603580e+02, -1.918427e+02, 2.235761e+01, 1.588947e+02, -2.565182e+02, 2.191321e+02, 0.000000e+00, 0.000000e+00, 3.644978e+00, -2.685773e+00, 3.130037e-01, 2.224505e+00;
  2.928729e+02, -2.466298e+02, 1.225036e+02, 4.030792e+01, -1.903906e+02, 2.803500e+02, 0.000000e+00, 0.000000e+00, 3.459065e+00, -2.912897e+00, 1.446867e+00, 4.760691e-01;
  3.273004e+02, -3.100740e+02, 2.602083e+02, -1.829523e+02, 8.643808e+01, 1.917486e+01, 0.000000e+00, 0.000000e+00, 3.226659e+00, -3.056835e+00, 2.565239e+00, -1.803617e+00;
];
