function K = Kcrd_1(p)
% Auto-generated constant matrix
K = zeros(1,12,19,12);
K(:,:,1,1) = [
  4.781598e-01, 4.404103e-01, 3.324601e-01, 1.695066e-01, -2.535710e-02, -2.241979e-01, 0.000000e+00, 0.000000e+00, 0.000000e+00, 0.000000e+00, 0.000000e+00, 0.000000e+00;
];
K(:,:,1,2) = [
  4.404103e-01, 4.056411e-01, 3.062133e-01, 1.561245e-01, -2.335522e-02, -2.064980e-01, 0.000000e+00, 0.000000e+00, 0.000000e+00, 0.000000e+00, 0.000000e+00, 0.000000e+00;
];
K(:,:,1,3) = [
  3.324601e-01, 3.062133e-01, 2.311565e-01, 1.178564e-01, -1.763056e-02, -1.558827e-01, 0.000000e+00, 0.000000e+00, 0.000000e+00, 0.000000e+00, 0.000000e+00, 0.000000e+00;
];
K(:,:,1,4) = [
  1.695066e-01, 1.561245e-01, 1.178564e-01, 6.008969e-02, -8.989034e-03, -7.947764e-02, 0.000000e+00, 0.000000e+00, 0.000000e+00, 0.000000e+00, 0.000000e+00, 0.000000e+00;
];
K(:,:,1,5) = [
  -2.535710e-02, -2.335522e-02, -1.763056e-02, -8.989034e-03, 1.344702e-03, 1.188935e-02, 0.000000e+00, 0.000000e+00, 0.000000e+00, 0.000000e+00, 0.000000e+00, 0.000000e+00;
];
K(:,:,1,6) = [
  -2.241979e-01, -2.064980e-01, -1.558827e-01, -7.947764e-02, 1.188935e-02, 1.051211e-01, 0.000000e+00, 0.000000e+00, 0.000000e+00, 0.000000e+00, 0.000000e+00, 0.000000e+00;
];
K(:,:,1,7) = [
  0.000000e+00, 0.000000e+00, 0.000000e+00, 0.000000e+00, 0.000000e+00, 0.000000e+00, 0.000000e+00, 0.000000e+00, 0.000000e+00, 0.000000e+00, 0.000000e+00, 0.000000e+00;
];
K(:,:,1,8) = [
  0.000000e+00, 0.000000e+00, 0.000000e+00, 0.000000e+00, 0.000000e+00, 0.000000e+00, 0.000000e+00, 0.000000e+00, 0.000000e+00, 0.000000e+00, 0.000000e+00, 0.000000e+00;
];
K(:,:,1,9) = [
  0.000000e+00, 0.000000e+00, 0.000000e+00, 0.000000e+00, 0.000000e+00, 0.000000e+00, 0.000000e+00, 0.000000e+00, 1.195399e-01, 1.132484e-01, 9.503591e-02, 6.681968e-02;
];
K(:,:,1,10) = [
  0.000000e+00, 0.000000e+00, 0.000000e+00, 0.000000e+00, 0.000000e+00, 0.000000e+00, 0.000000e+00, 0.000000e+00, 1.132484e-01, 1.072879e-01, 9.003402e-02, 6.330285e-02;
];
K(:,:,1,11) = [
  0.000000e+00, 0.000000e+00, 0.000000e+00, 0.000000e+00, 0.000000e+00, 0.000000e+00, 0.000000e+00, 0.000000e+00, 9.503591e-02, 9.003402e-02, 7.555487e-02, 5.312257e-02;
];
K(:,:,1,12) = [
  0.000000e+00, 0.000000e+00, 0.000000e+00, 0.000000e+00, 0.000000e+00, 0.000000e+00, 0.000000e+00, 0.000000e+00, 6.681968e-02, 6.330285e-02, 5.312257e-02, 3.735044e-02;
];
K(:,:,2,1) = [
  4.303438e+00, 3.284203e+00, 6.556485e-01, -2.464172e+00, -4.712314e+00, -5.030635e+00, 0.000000e+00, 0.000000e+00, 0.000000e+00, 0.000000e+00, 0.000000e+00, 0.000000e+00;
];
K(:,:,2,2) = [
  3.284203e+00, 2.506365e+00, 5.003633e-01, -1.880552e+00, -3.596240e+00, -3.839169e+00, 0.000000e+00, 0.000000e+00, 0.000000e+00, 0.000000e+00, 0.000000e+00, 0.000000e+00;
];
K(:,:,2,3) = [
  6.556485e-01, 5.003633e-01, 9.989104e-02, -3.754278e-01, -7.179426e-01, -7.664403e-01, 0.000000e+00, 0.000000e+00, 0.000000e+00, 0.000000e+00, 0.000000e+00, 0.000000e+00;
];
K(:,:,2,4) = [
  -2.464172e+00, -1.880552e+00, -3.754278e-01, 1.410998e+00, 2.698296e+00, 2.880569e+00, 0.000000e+00, 0.000000e+00, 0.000000e+00, 0.000000e+00, 0.000000e+00, 0.000000e+00;
];
K(:,:,2,5) = [
  -4.712314e+00, -3.596240e+00, -7.179426e-01, 2.698296e+00, 5.160039e+00, 5.508604e+00, 0.000000e+00, 0.000000e+00, 0.000000e+00, 0.000000e+00, 0.000000e+00, 0.000000e+00;
];
K(:,:,2,6) = [
  -5.030635e+00, -3.839169e+00, -7.664403e-01, 2.880569e+00, 5.508604e+00, 5.880715e+00, 0.000000e+00, 0.000000e+00, 0.000000e+00, 0.000000e+00, 0.000000e+00, 0.000000e+00;
];
K(:,:,2,7) = [
  0.000000e+00, 0.000000e+00, 0.000000e+00, 0.000000e+00, 0.000000e+00, 0.000000e+00, 0.000000e+00, 0.000000e+00, 0.000000e+00, 0.000000e+00, 0.000000e+00, 0.000000e+00;
];
K(:,:,2,8) = [
  0.000000e+00, 0.000000e+00, 0.000000e+00, 0.000000e+00, 0.000000e+00, 0.000000e+00, 0.000000e+00, 0.000000e+00, 0.000000e+00, 0.000000e+00, 0.000000e+00, 0.000000e+00;
];
K(:,:,2,9) = [
  0.000000e+00, 0.000000e+00, 0.000000e+00, 0.000000e+00, 0.000000e+00, 0.000000e+00, 0.000000e+00, 0.000000e+00, 1.075860e+00, 9.059870e-01, 4.500133e-01, -1.480699e-01;
];
K(:,:,2,10) = [
  0.000000e+00, 0.000000e+00, 0.000000e+00, 0.000000e+00, 0.000000e+00, 0.000000e+00, 0.000000e+00, 0.000000e+00, 9.059870e-01, 7.629364e-01, 3.789585e-01, -1.246904e-01;
];
K(:,:,2,11) = [
  0.000000e+00, 0.000000e+00, 0.000000e+00, 0.000000e+00, 0.000000e+00, 0.000000e+00, 0.000000e+00, 0.000000e+00, 4.500133e-01, 3.789585e-01, 1.882327e-01, -6.193505e-02;
];
K(:,:,2,12) = [
  0.000000e+00, 0.000000e+00, 0.000000e+00, 0.000000e+00, 0.000000e+00, 0.000000e+00, 0.000000e+00, 0.000000e+00, -1.480699e-01, -1.246904e-01, -6.193505e-02, 2.037877e-02;
];
K(:,:,3,1) = [
  1.195399e+01, 7.235313e+00, -3.609378e+00, -1.282453e+01, -1.337008e+01, -3.779351e+00, 0.000000e+00, 0.000000e+00, 0.000000e+00, 0.000000e+00, 0.000000e+00, 0.000000e+00;
];
K(:,:,3,2) = [
  7.235313e+00, 4.379268e+00, -2.184623e+00, -7.762217e+00, -8.092417e+00, -2.287502e+00, 0.000000e+00, 0.000000e+00, 0.000000e+00, 0.000000e+00, 0.000000e+00, 0.000000e+00;
];
K(:,:,3,3) = [
  -3.609378e+00, -2.184623e+00, 1.089812e+00, 3.872227e+00, 4.036950e+00, 1.141134e+00, 0.000000e+00, 0.000000e+00, 0.000000e+00, 0.000000e+00, 0.000000e+00, 0.000000e+00;
];
K(:,:,3,4) = [
  -1.282453e+01, -7.762217e+00, 3.872227e+00, 1.375847e+01, 1.434374e+01, 4.054579e+00, 0.000000e+00, 0.000000e+00, 0.000000e+00, 0.000000e+00, 0.000000e+00, 0.000000e+00;
];
K(:,:,3,5) = [
  -1.337008e+01, -8.092417e+00, 4.036950e+00, 1.434374e+01, 1.495392e+01, 4.227058e+00, 0.000000e+00, 0.000000e+00, 0.000000e+00, 0.000000e+00, 0.000000e+00, 0.000000e+00;
];
K(:,:,3,6) = [
  -3.779351e+00, -2.287502e+00, 1.141134e+00, 4.054579e+00, 4.227058e+00, 1.194872e+00, 0.000000e+00, 0.000000e+00, 0.000000e+00, 0.000000e+00, 0.000000e+00, 0.000000e+00;
];
K(:,:,3,7) = [
  0.000000e+00, 0.000000e+00, 0.000000e+00, 0.000000e+00, 0.000000e+00, 0.000000e+00, 0.000000e+00, 0.000000e+00, 0.000000e+00, 0.000000e+00, 0.000000e+00, 0.000000e+00;
];
K(:,:,3,8) = [
  0.000000e+00, 0.000000e+00, 0.000000e+00, 0.000000e+00, 0.000000e+00, 0.000000e+00, 0.000000e+00, 0.000000e+00, 0.000000e+00, 0.000000e+00, 0.000000e+00, 0.000000e+00;
];
K(:,:,3,9) = [
  0.000000e+00, 0.000000e+00, 0.000000e+00, 0.000000e+00, 0.000000e+00, 0.000000e+00, 0.000000e+00, 0.000000e+00, 2.988499e+00, 2.202052e+00, 2.566301e-01, -1.823860e+00;
];
K(:,:,3,10) = [
  0.000000e+00, 0.000000e+00, 0.000000e+00, 0.000000e+00, 0.000000e+00, 0.000000e+00, 0.000000e+00, 0.000000e+00, 2.202052e+00, 1.622564e+00, 1.890958e-01, -1.343897e+00;
];
K(:,:,3,11) = [
  0.000000e+00, 0.000000e+00, 0.000000e+00, 0.000000e+00, 0.000000e+00, 0.000000e+00, 0.000000e+00, 0.000000e+00, 2.566301e-01, 1.890958e-01, 2.203749e-02, -1.566196e-01;
];
K(:,:,3,12) = [
  0.000000e+00, 0.000000e+00, 0.000000e+00, 0.000000e+00, 0.000000e+00, 0.000000e+00, 0.000000e+00, 0.000000e+00, -1.823860e+00, -1.343897e+00, -1.566196e-01, 1.113089e+00;
];
K(:,:,4,1) = [
  2.342983e+01, 1.048177e+01, -1.564152e+01, -2.849394e+01, -1.269412e+01, 2.038536e+01, 0.000000e+00, 0.000000e+00, 0.000000e+00, 0.000000e+00, 0.000000e+00, 0.000000e+00;
];
K(:,:,4,2) = [
  1.048177e+01, 4.689211e+00, -6.997522e+00, -1.274729e+01, -5.678947e+00, 9.119764e+00, 0.000000e+00, 0.000000e+00, 0.000000e+00, 0.000000e+00, 0.000000e+00, 0.000000e+00;
];
K(:,:,4,3) = [
  -1.564152e+01, -6.997522e+00, 1.044212e+01, 1.902227e+01, 8.474466e+00, -1.360906e+01, 0.000000e+00, 0.000000e+00, 0.000000e+00, 0.000000e+00, 0.000000e+00, 0.000000e+00;
];
K(:,:,4,4) = [
  -2.849394e+01, -1.274729e+01, 1.902227e+01, 3.465260e+01, 1.543782e+01, -2.479143e+01, 0.000000e+00, 0.000000e+00, 0.000000e+00, 0.000000e+00, 0.000000e+00, 0.000000e+00;
];
K(:,:,4,5) = [
  -1.269412e+01, -5.678947e+00, 8.474466e+00, 1.543782e+01, 6.877583e+00, -1.104464e+01, 0.000000e+00, 0.000000e+00, 0.000000e+00, 0.000000e+00, 0.000000e+00, 0.000000e+00;
];
