function K = baff_struct_dir_2(p)
% Auto-generated constant matrix
K = zeros(12,1);
K = [
  0.000000e+00;
  0.000000e+00;
  0.000000e+00;
  0.000000e+00;
  1.483288e+05;
  -1.950887e+04;
  -8.128050e+04;
  1.952439e+04;
  0.000000e+00;
  0.000000e+00;
  0.000000e+00;
  0.000000e+00;
];
