function K = fuel_dir_1(p)
% Auto-generated constant matrix
K = zeros(12,1);
K = [
  3.420182e+05;
  -7.217481e+04;
  -1.711967e+05;
  5.931350e+04;
  0.000000e+00;
  0.000000e+00;
  0.000000e+00;
  0.000000e+00;
  4.897718e+04;
  1.132274e+04;
  -2.147035e+04;
  -1.129120e+04;
];
K=p(1)*K;
