function K = fuel_dir_2(p)
% Auto-generated constant matrix
K = zeros(12,1);
K = [
  0.000000e+00;
  0.000000e+00;
  0.000000e+00;
  0.000000e+00;
  3.420182e+05;
  -7.217481e+04;
  -1.711967e+05;
  5.931350e+04;
  0.000000e+00;
  0.000000e+00;
  0.000000e+00;
  0.000000e+00;
];
K=p(1)*K;
