function K = u_ind(p)
% Auto-generated constant matrix
K = zeros(20,20);
K = [
  1.579288e-01, -4.974264e-02, -1.191213e-02, -5.474099e-03, -3.157031e-03, -2.056521e-03, -1.446716e-03, -1.073361e-03, -8.281161e-04, -6.583510e-04, -5.359593e-04, -4.448077e-04, -3.750946e-04, -3.205837e-04, -2.771535e-04, -2.419906e-04, -2.131214e-04, -1.891284e-04, -1.689717e-04, -1.518748e-04;
  -1.129519e-02, 1.050195e-01, -4.108144e-02, -9.475487e-03, -4.462375e-03, -2.643017e-03, -1.760501e-03, -1.260953e-03, -9.492540e-04, -7.411448e-04, -5.950667e-04, -4.884881e-04, -4.082930e-04, -3.464093e-04, -2.976412e-04, -2.585180e-04, -2.266485e-04, -2.003405e-04, -1.783690e-04, -1.598291e-04;
  1.192099e-02, -4.254456e-02, 1.100332e-01, -3.921599e-02, -8.607925e-03, -3.995698e-03, -2.365362e-03, -1.582719e-03, -1.140600e-03, -8.641488e-04, -6.788217e-04, -5.480993e-04, -4.522365e-04, -3.797403e-04, -3.235273e-04, -2.790261e-04, -2.431742e-04, -2.138539e-04, -1.895614e-04, -1.692041e-04;
  1.225113e-02, -1.092552e-02, -3.964672e-02, 1.113617e-01, -3.852285e-02, -8.208770e-03, -3.747753e-03, -2.201976e-03, -1.469882e-03, -1.059658e-03, -8.042428e-04, -6.333129e-04, -5.127560e-04, -4.242641e-04, -3.572369e-04, -3.051635e-04, -2.638512e-04, -2.304942e-04, -2.031530e-04, -1.804499e-04;
  1.106616e-02, -5.689504e-03, -9.141723e-03, -3.870415e-02, 1.119020e-01, -3.819137e-02, -7.993646e-03, -3.601510e-03, -2.098656e-03, -1.394494e-03, -1.003134e-03, -7.608677e-04, -5.993568e-04, -4.857092e-04, -4.023922e-04, -3.393124e-04, -2.902992e-04, -2.513942e-04, -2.199553e-04, -1.941606e-04;
  9.857291e-03, -3.653371e-03, -4.523662e-03, -8.460997e-03, -3.828409e-02, 1.121741e-01, -3.800754e-02, -7.864837e-03, -3.508382e-03, -2.029479e-03, -1.341892e-03, -9.623134e-04, -7.286212e-04, -5.734815e-04, -4.646569e-04, -3.850517e-04, -3.248711e-04, -2.781530e-04, -2.410867e-04, -2.111373e-04;
  8.817641e-03, -2.593658e-03, -2.852732e-03, -4.020630e-03, -8.132094e-03, -3.806116e-02, 1.123302e-01, -3.789509e-02, -7.781723e-03, -3.445543e-03, -1.981011e-03, -1.303841e-03, -9.319654e-04, -7.040754e-04, -5.533779e-04, -4.480048e-04, -3.711177e-04, -3.131038e-04, -2.681321e-04, -2.324878e-04;
  7.949472e-03, -1.954543e-03, -2.021266e-03, -2.472451e-03, -3.760251e-03, -7.948818e-03, -3.792885e-02, 1.124279e-01, -3.782134e-02, -7.725016e-03, -3.401192e-03, -1.945786e-03, -1.275474e-03, -9.088347e-04, -6.849993e-04, -5.374833e-04, -4.346370e-04, -3.597790e-04, -3.034111e-04, -2.597871e-04;
  7.224547e-03, -1.533255e-03, -1.531651e-03, -1.727702e-03, -2.263791e-03, -3.608664e-03, -7.836435e-03, -3.784395e-02, 1.124932e-01, -3.777036e-02, -7.684619e-03, -3.368746e-03, -1.919407e-03, -1.253788e-03, -8.908241e-04, -6.699016e-04, -5.247190e-04, -4.237606e-04, -3.504442e-04, -2.953460e-04;
  6.614403e-03, -1.238430e-03, -1.212192e-03, -1.300749e-03, -1.558447e-03, -2.137507e-03, -3.512864e-03, -7.762621e-03, -3.778624e-02, 1.125389e-01, -3.773367e-02, -7.654831e-03, -3.344304e-03, -1.899152e-03, -1.236849e-03, -8.765389e-04, -6.577600e-04, -5.143250e-04, -4.148031e-04, -3.426769e-04;
  6.095721e-03, -1.022967e-03, -9.890436e-04, -1.027541e-03, -1.161862e-03, -1.452439e-03, -2.055469e-03, -3.448542e-03, -7.711564e-03, -3.774524e-02, 1.125722e-01, -3.770638e-02, -7.632241e-03, -3.325439e-03, -1.883269e-03, -1.223374e-03, -8.650252e-04, -6.478574e-04, -5.057555e-04, -4.073447e-04;
  5.650343e-03, -8.602040e-04, -8.254576e-04, -8.391960e-04, -9.123401e-04, -1.072197e-03, -1.381829e-03, -1.999245e-03, -3.403299e-03, -7.674793e-03, -3.771508e-02, 1.125972e-01, -3.768554e-02, -7.614705e-03, -3.310578e-03, -1.870587e-03, -1.212482e-03, -8.556140e-04, -6.396794e-04, -4.986114e-04;
  5.264282e-03, -7.339833e-04, -7.011496e-04, -7.022610e-04, -7.426905e-04, -8.359406e-04, -1.011107e-03, -1.332512e-03, -1.959068e-03, -3.370284e-03, -7.647438e-03, -3.769223e-02, 1.126164e-01, -3.766926e-02, -7.600821e-03, -3.298663e-03, -1.860303e-03, -1.203555e-03, -8.478254e-04, -6.328504e-04;
  4.926731e-03, -6.339821e-04, -6.040283e-04, -5.986842e-04, -6.206785e-04, -6.771386e-04, -7.828106e-04, -9.676865e-04, -1.296744e-03, -1.929380e-03, -3.345462e-03, -7.626540e-03, -3.767452e-02, 1.126315e-01, -3.765630e-02, -7.589641e-03, -3.288966e-03, -1.851849e-03, -1.196150e-03, -8.413083e-04;
  4.629272e-03, -5.533260e-04, -5.264478e-04, -5.179188e-04, -5.291408e-04, -5.640634e-04, -6.306970e-04, -7.444365e-04, -9.357565e-04, -1.269997e-03, -1.906830e-03, -3.326333e-03, -7.610217e-03, -3.766052e-02, 1.126436e-01, -3.764582e-02, -7.580507e-03, -3.280969e-03, -1.844816e-03, -1.189939e-03;
  4.365276e-03, -4.872784e-04, -4.633426e-04, -4.534076e-04, -4.581844e-04, -4.799423e-04, -5.232697e-04, -5.966541e-04, -7.158509e-04, -9.116100e-04, -1.249483e-03, -1.889306e-03, -3.311283e-03, -7.597225e-03, -3.764925e-02, 1.126534e-01, -3.763722e-02, -7.572948e-03, -3.274296e-03, -1.838903e-03;
  4.129474e-03, -4.324821e-04, -4.112283e-04, -4.008666e-04, -4.017391e-04, -4.151845e-04, -4.439422e-04, -4.929566e-04, -5.709884e-04, -6.940041e-04, -8.929177e-04, -1.233410e-03, -1.875419e-03, -3.299229e-03, -7.586716e-03, -3.764004e-02, 1.126615e-01, -3.763008e-02, -7.566622e-03, -3.268672e-03;
  3.917628e-03, -3.864997e-04, -3.676330e-04, -3.573814e-04, -3.558872e-04, -3.639547e-04, -3.832737e-04, -4.168529e-04, -4.698461e-04, -5.511775e-04, -6.769427e-04, -8.781582e-04, -1.220587e-03, -1.864230e-03, -3.289427e-03, -7.578096e-03, -3.763243e-02, 1.126682e-01, -3.762408e-02, -7.561275e-03;
  3.726299e-03, -3.475246e-04, -3.307570e-04, -3.209016e-04, -3.179931e-04, -3.225191e-04, -3.355497e-04, -3.589811e-04, -3.959840e-04, -4.518405e-04, -5.355769e-04, -6.633707e-04, -8.663042e-04, -1.210193e-03, -1.855084e-03, -3.281350e-03, -7.570937e-03, -3.762607e-02, 1.126739e-01, -3.761900e-02;
  3.552668e-03, -3.141934e-04, -2.992609e-04, -2.899444e-04, -2.862211e-04, -2.883873e-04, -2.971344e-04, -3.136923e-04, -3.400841e-04, -3.795820e-04, -4.375494e-04, -5.230788e-04, -6.524010e-04, -8.566423e-04, -1.201654e-03, -1.847512e-03, -3.274615e-03, -7.564928e-03, -3.762069e-02, 1.126787e-01;
];
