function K = massModel(p)
% Auto-generated constant matrix
K = zeros(12,12);
K = [
  6.512480e+08, -2.661444e+08, -2.386762e+08, 2.456959e+08, 0.000000e+00, 0.000000e+00, 0.000000e+00, 0.000000e+00, -2.863216e+06, -1.145286e+06, 1.946987e+06, 2.702876e+06;
  -2.661444e+08, 2.062859e+08, -1.022428e+07, -1.712321e+08, 0.000000e+00, 0.000000e+00, 0.000000e+00, 0.000000e+00, -1.145286e+06, -4.581146e+05, 7.787948e+05, 1.081150e+06;
  -2.386762e+08, -1.022428e+07, 2.737300e+08, -1.195420e+08, 0.000000e+00, 0.000000e+00, 0.000000e+00, 0.000000e+00, 1.946987e+06, 7.787948e+05, -1.323951e+06, -1.837956e+06;
  2.456959e+08, -1.712321e+08, -1.195420e+08, 3.530012e+08, 0.000000e+00, 0.000000e+00, 0.000000e+00, 0.000000e+00, 2.702876e+06, 1.081150e+06, -1.837956e+06, -2.551515e+06;
  0.000000e+00, 0.000000e+00, 0.000000e+00, 0.000000e+00, 6.752319e+08, -2.774507e+08, -2.483967e+08, 2.564760e+08, 0.000000e+00, 0.000000e+00, 0.000000e+00, 0.000000e+00;
  0.000000e+00, 0.000000e+00, 0.000000e+00, 0.000000e+00, -2.774507e+08, 2.201336e+08, -1.765625e+07, -1.801345e+08, 0.000000e+00, 0.000000e+00, 0.000000e+00, 0.000000e+00;
  0.000000e+00, 0.000000e+00, 0.000000e+00, 0.000000e+00, -2.483967e+08, -1.765625e+07, 3.070792e+08, -1.394830e+08, 0.000000e+00, 0.000000e+00, 0.000000e+00, 0.000000e+00;
  0.000000e+00, 0.000000e+00, 0.000000e+00, 0.000000e+00, 2.564760e+08, -1.801345e+08, -1.394830e+08, 4.132211e+08, 0.000000e+00, 0.000000e+00, 0.000000e+00, 0.000000e+00;
  -2.863216e+06, -1.145286e+06, 1.946987e+06, 2.702876e+06, 0.000000e+00, 0.000000e+00, 0.000000e+00, 0.000000e+00, 5.995978e+06, 1.142820e+05, -4.098774e+06, -3.800670e+05;
  -1.145286e+06, -4.581146e+05, 7.787948e+05, 1.081150e+06, 0.000000e+00, 0.000000e+00, 0.000000e+00, 0.000000e+00, 1.142820e+05, 9.486016e+05, -1.328925e+05, -1.463376e+06;
  1.946987e+06, 7.787948e+05, -1.323951e+06, -1.837956e+06, 0.000000e+00, 0.000000e+00, 0.000000e+00, 0.000000e+00, -4.098774e+06, -1.328925e+05, 3.584000e+06, 2.307947e+05;
  2.702876e+06, 1.081150e+06, -1.837956e+06, -2.551515e+06, 0.000000e+00, 0.000000e+00, 0.000000e+00, 0.000000e+00, -3.800670e+05, -1.463376e+06, 2.307947e+05, 3.017295e+06;
];
