function K = Lif_proj1(p)
% Auto-generated constant matrix
K = zeros(20,14);
K = [
  4.515625e-04, 4.222626e-04, 3.381653e-04, 2.101840e-04, 5.492686e-05, -1.074582e-04, 0.000000e+00, 0.000000e+00, 0.000000e+00, 0.000000e+00, 7.968750e-04, 7.451694e-04, 5.967624e-04, 3.709129e-04;
  2.889063e-03, 2.414903e-03, 1.148066e-03, -4.956174e-04, -1.976617e-03, -2.808804e-03, 0.000000e+00, 0.000000e+00, 0.000000e+00, 0.000000e+00, 2.015625e-03, 1.684816e-03, 8.009763e-04, -3.457796e-04;
  7.439063e-03, 5.479920e-03, 6.344076e-04, -4.545259e-03, -7.330857e-03, -6.255165e-03, 0.000000e+00, 0.000000e+00, 0.000000e+00, 0.000000e+00, 3.234375e-03, 2.382574e-03, 2.758294e-04, -1.976199e-03;
  1.410156e-02, 8.988401e-03, -2.643067e-03, -1.235781e-02, -1.311078e-02, -4.355933e-03, 0.000000e+00, 0.000000e+00, 0.000000e+00, 0.000000e+00, 4.453125e-03, 2.838442e-03, -8.346528e-04, -3.902465e-03;
  2.287656e-02, 1.231143e-02, -9.625326e-03, -2.267152e-02, -1.477684e-02, 6.766673e-03, 0.000000e+00, 0.000000e+00, 0.000000e+00, 0.000000e+00, 5.671875e-03, 3.052421e-03, -2.386444e-03, -5.621037e-03;
  3.376406e-02, 1.482010e-02, -2.075405e-02, -3.303931e-02, -8.249923e-03, 2.579701e-02, 0.000000e+00, 0.000000e+00, 0.000000e+00, 0.000000e+00, 6.890625e-03, 3.024511e-03, -4.235520e-03, -6.742716e-03;
  4.676406e-02, 1.588550e-02, -3.597162e-02, -4.032424e-02, 8.575766e-03, 4.615052e-02, 0.000000e+00, 0.000000e+00, 0.000000e+00, 0.000000e+00, 8.109375e-03, 2.754711e-03, -6.237854e-03, -6.992642e-03;
  6.187656e-02, 1.487872e-02, -5.472115e-02, -4.119499e-02, 3.490982e-02, 5.798368e-02, 0.000000e+00, 0.000000e+00, 0.000000e+00, 0.000000e+00, 9.328125e-03, 2.243022e-03, -8.249420e-03, -6.210301e-03;
  7.910156e-02, 1.117083e-02, -7.594644e-02, -3.262135e-02, 6.673278e-02, 5.146954e-02, 0.000000e+00, 0.000000e+00, 0.000000e+00, 0.000000e+00, 1.054687e-02, 1.489444e-03, -1.012619e-02, -4.349514e-03;
  9.843906e-02, 4.132938e-03, -9.809202e-02, -1.236967e-02, 9.705335e-02, 2.051919e-02, 0.000000e+00, 0.000000e+00, 0.000000e+00, 0.000000e+00, 1.176563e-02, 4.939766e-04, -1.172415e-02, -1.478447e-03;
  1.198891e-01, -6.863878e-03, -1.191031e-01, 2.050164e-02, 1.167556e-01, -3.387060e-02, 0.000000e+00, 0.000000e+00, 0.000000e+00, 0.000000e+00, 1.298438e-02, -7.433802e-04, -1.289926e-02, 2.220394e-03;
  1.434516e-01, -2.244853e-02, -1.364257e-01, 6.514664e-02, 1.160363e-01, -1.014633e-01, 0.000000e+00, 0.000000e+00, 0.000000e+00, 0.000000e+00, 1.420313e-02, -2.222626e-03, -1.350749e-02, 6.450163e-03;
  1.691266e-01, -4.324992e-02, -1.470064e-01, 1.184364e-01, 8.643204e-02, -1.626421e-01, 0.000000e+00, 0.000000e+00, 0.000000e+00, 0.000000e+00, 1.542187e-02, -3.943762e-03, -1.340484e-02, 1.079967e-02;
  1.969141e-01, -6.989698e-02, -1.472925e-01, 1.744634e-01, 2.343682e-02, -1.911018e-01, 0.000000e+00, 0.000000e+00, 0.000000e+00, 0.000000e+00, 1.664062e-02, -5.906787e-03, -1.244726e-02, 1.474339e-02;
  2.268141e-01, -1.030186e-01, -1.332323e-01, 2.240464e-01, -7.029078e-02, -1.601945e-01, 0.000000e+00, 0.000000e+00, 0.000000e+00, 0.000000e+00, 1.785937e-02, -8.111701e-03, -1.049073e-02, 1.764145e-02;
  2.588266e-01, -1.432437e-01, -1.002744e-01, 2.542344e-01, -1.811301e-01, -5.374686e-02, 0.000000e+00, 0.000000e+00, 0.000000e+00, 0.000000e+00, 1.907813e-02, -1.055850e-02, -7.391231e-03, 1.873964e-02;
  2.929516e-01, -1.912012e-01, -4.336830e-02, 2.478117e-01, -2.801111e-01, 1.178295e-01, 0.000000e+00, 0.000000e+00, 0.000000e+00, 0.000000e+00, 2.029687e-02, -1.324720e-02, -3.004732e-03, 1.716940e-02;
  3.291891e-01, -2.475200e-01, 4.303570e-02, 1.828022e-01, -3.179367e-01, 2.953164e-01, 0.000000e+00, 0.000000e+00, 0.000000e+00, 0.000000e+00, 2.151563e-02, -1.617778e-02, 2.812791e-03, 1.194786e-02;
  3.675391e-01, -3.128290e-01, 1.649867e-01, 3.197379e-02, -2.194154e-01, 3.415348e-01, 0.000000e+00, 0.000000e+00, 0.000000e+00, 0.000000e+00, 2.273437e-02, -1.935025e-02, 1.020536e-02, 1.977760e-03;
  4.080016e-01, -3.877572e-01, 3.290331e-01, -2.376569e-01, 1.226964e-01, 4.440050e-03, 0.000000e+00, 0.000000e+00, 0.000000e+00, 0.000000e+00, 2.395312e-02, -2.276461e-02, 1.931701e-02, -1.395246e-02;
];
