function K = Drg_proj2(p)
% Auto-generated constant matrix
K = zeros(19,12);
K = [
  2.123425e-01, 2.011666e-01, 1.688152e-01, 1.186939e-01, 0.000000e+00, 0.000000e+00, 0.000000e+00, 0.000000e+00, 0.000000e+00, 0.000000e+00, 0.000000e+00, 0.000000e+00;
  1.911083e+00, 1.609333e+00, 7.993725e-01, -2.630211e-01, 0.000000e+00, 0.000000e+00, 0.000000e+00, 0.000000e+00, 0.000000e+00, 0.000000e+00, 0.000000e+00, 0.000000e+00;
  5.308563e+00, 3.911573e+00, 4.558600e-01, -3.239779e+00, 0.000000e+00, 0.000000e+00, 0.000000e+00, 0.000000e+00, 0.000000e+00, 0.000000e+00, 0.000000e+00, 0.000000e+00;
  1.040478e+01, 6.571442e+00, -2.104014e+00, -9.229144e+00, 0.000000e+00, 0.000000e+00, 0.000000e+00, 0.000000e+00, 0.000000e+00, 0.000000e+00, 0.000000e+00, 0.000000e+00;
  1.719974e+01, 9.052497e+00, -7.670800e+00, -1.712702e+01, 0.000000e+00, 0.000000e+00, 0.000000e+00, 0.000000e+00, 0.000000e+00, 0.000000e+00, 0.000000e+00, 0.000000e+00;
  2.569344e+01, 1.081829e+01, -1.658330e+01, -2.478318e+01, 0.000000e+00, 0.000000e+00, 0.000000e+00, 0.000000e+00, 0.000000e+00, 0.000000e+00, 0.000000e+00, 0.000000e+00;
  3.588588e+01, 1.133238e+01, -2.872859e+01, -2.947676e+01, 0.000000e+00, 0.000000e+00, 0.000000e+00, 0.000000e+00, 0.000000e+00, 0.000000e+00, 0.000000e+00, 0.000000e+00;
  4.777707e+01, 1.005833e+01, -4.354198e+01, -2.839179e+01, 0.000000e+00, 0.000000e+00, 0.000000e+00, 0.000000e+00, 0.000000e+00, 0.000000e+00, 0.000000e+00, 0.000000e+00;
  6.136699e+01, 6.459683e+00, -6.000705e+01, -1.909275e+01, 0.000000e+00, 0.000000e+00, 0.000000e+00, 0.000000e+00, 0.000000e+00, 0.000000e+00, 0.000000e+00, 0.000000e+00;
  7.665565e+01, 1.702097e-14, -7.665565e+01, 1.702097e-14, 0.000000e+00, 0.000000e+00, 0.000000e+00, 0.000000e+00, 0.000000e+00, 0.000000e+00, 0.000000e+00, 0.000000e+00;
  9.364305e+01, -9.857163e+00, -9.156786e+01, 2.913461e+01, 0.000000e+00, 0.000000e+00, 0.000000e+00, 0.000000e+00, 0.000000e+00, 0.000000e+00, 0.000000e+00, 0.000000e+00;
  1.123292e+02, -2.364825e+01, -1.023720e+02, 6.675226e+01, 0.000000e+00, 0.000000e+00, 0.000000e+00, 0.000000e+00, 0.000000e+00, 0.000000e+00, 0.000000e+00, 0.000000e+00;
  1.327141e+02, -4.190971e+01, -1.062448e+02, 1.090117e+02, 0.000000e+00, 0.000000e+00, 0.000000e+00, 0.000000e+00, 0.000000e+00, 0.000000e+00, 0.000000e+00, 0.000000e+00;
  1.547977e+02, -6.517798e+01, -9.991098e+01, 1.493135e+02, 0.000000e+00, 0.000000e+00, 0.000000e+00, 0.000000e+00, 0.000000e+00, 0.000000e+00, 0.000000e+00, 0.000000e+00;
  1.785801e+02, -9.398950e+01, -7.964374e+01, 1.778250e+02, 0.000000e+00, 0.000000e+00, 0.000000e+00, 0.000000e+00, 0.000000e+00, 0.000000e+00, 0.000000e+00, 0.000000e+00;
  2.040612e+02, -1.288807e+02, -4.126444e+01, 1.810042e+02, 0.000000e+00, 0.000000e+00, 0.000000e+00, 0.000000e+00, 0.000000e+00, 0.000000e+00, 0.000000e+00, 0.000000e+00;
  2.312410e+02, -1.703881e+02, 1.985726e+01, 1.411248e+02, 0.000000e+00, 0.000000e+00, 0.000000e+00, 0.000000e+00, 0.000000e+00, 0.000000e+00, 0.000000e+00, 0.000000e+00;
  2.601196e+02, -2.190481e+02, 1.088035e+02, 3.580010e+01, 0.000000e+00, 0.000000e+00, 0.000000e+00, 0.000000e+00, 0.000000e+00, 0.000000e+00, 0.000000e+00, 0.000000e+00;
  2.906969e+02, -2.753971e+02, 2.311081e+02, -1.624919e+02, 0.000000e+00, 0.000000e+00, 0.000000e+00, 0.000000e+00, 0.000000e+00, 0.000000e+00, 0.000000e+00, 0.000000e+00;
];
