function K = Lif_proj1(p)
% Auto-generated constant matrix
K = zeros(19,12);
K = [
  2.123425e-01, 2.011666e-01, 1.688152e-01, 1.186939e-01, 0.000000e+00, 0.000000e+00, 0.000000e+00, 0.000000e+00, 6.327171e-01, 5.994162e-01, 5.030188e-01, 3.536721e-01;
  1.911083e+00, 1.609333e+00, 7.993725e-01, -2.630211e-01, 0.000000e+00, 0.000000e+00, 0.000000e+00, 0.000000e+00, 1.042025e+00, 8.774945e-01, 4.358608e-01, -1.434132e-01;
  5.308563e+00, 3.911573e+00, 4.558600e-01, -3.239779e+00, 0.000000e+00, 0.000000e+00, 0.000000e+00, 0.000000e+00, 1.587609e+00, 1.169817e+00, 1.363321e-01, -9.689069e-01;
  1.040478e+01, 6.571442e+00, -2.104014e+00, -9.229144e+00, 0.000000e+00, 0.000000e+00, 0.000000e+00, 0.000000e+00, 2.013915e+00, 1.271946e+00, -4.072459e-01, -1.786362e+00;
  1.719974e+01, 9.052497e+00, -7.670800e+00, -1.712702e+01, 0.000000e+00, 0.000000e+00, 0.000000e+00, 0.000000e+00, 2.320941e+00, 1.221548e+00, -1.035101e+00, -2.311128e+00;
  2.569344e+01, 1.081829e+01, -1.658330e+01, -2.478318e+01, 0.000000e+00, 0.000000e+00, 0.000000e+00, 0.000000e+00, 2.583597e+00, 1.087831e+00, -1.667530e+00, -2.492066e+00;
  3.588588e+01, 1.133238e+01, -2.872859e+01, -2.947676e+01, 0.000000e+00, 0.000000e+00, 0.000000e+00, 0.000000e+00, 2.853143e+00, 9.009927e-01, -2.284095e+00, -2.343579e+00;
  4.777707e+01, 1.005833e+01, -4.354198e+01, -2.839179e+01, 0.000000e+00, 0.000000e+00, 0.000000e+00, 0.000000e+00, 3.113540e+00, 6.554821e-01, -2.837548e+00, -1.850239e+00;
  6.136699e+01, 6.459683e+00, -6.000705e+01, -1.909275e+01, 0.000000e+00, 0.000000e+00, 0.000000e+00, 0.000000e+00, 3.340816e+00, 3.516648e-01, -3.266781e+00, -1.039408e+00;
  7.665565e+01, 1.702097e-14, -7.665565e+01, 1.702097e-14, 0.000000e+00, 0.000000e+00, 0.000000e+00, 0.000000e+00, 3.523889e+00, 7.824604e-16, -3.523889e+00, 7.824604e-16;
  9.364305e+01, -9.857163e+00, -9.156786e+01, 2.913461e+01, 0.000000e+00, 0.000000e+00, 0.000000e+00, 0.000000e+00, 3.662758e+00, -3.855535e-01, -3.581589e+00, 1.139572e+00;
  1.123292e+02, -2.364825e+01, -1.023720e+02, 6.675226e+01, 0.000000e+00, 0.000000e+00, 0.000000e+00, 0.000000e+00, 3.757425e+00, -7.910368e-01, -3.424357e+00, 2.232871e+00;
  1.327141e+02, -4.190971e+01, -1.062448e+02, 1.090117e+02, 0.000000e+00, 0.000000e+00, 0.000000e+00, 0.000000e+00, 3.807888e+00, -1.202491e+00, -3.048420e+00, 3.127809e+00;
  1.547977e+02, -6.517798e+01, -9.991098e+01, 1.493135e+02, 0.000000e+00, 0.000000e+00, 0.000000e+00, 0.000000e+00, 3.814149e+00, -1.605957e+00, -2.461764e+00, 3.679022e+00;
  1.785801e+02, -9.398950e+01, -7.964374e+01, 1.778250e+02, 0.000000e+00, 0.000000e+00, 0.000000e+00, 0.000000e+00, 3.776206e+00, -1.987477e+00, -1.684125e+00, 3.760241e+00;
  2.040612e+02, -1.288807e+02, -4.126444e+01, 1.810042e+02, 0.000000e+00, 0.000000e+00, 0.000000e+00, 0.000000e+00, 3.694061e+00, -2.333091e+00, -7.469985e-01, 3.276668e+00;
  2.312410e+02, -1.703881e+02, 1.985726e+01, 1.411248e+02, 0.000000e+00, 0.000000e+00, 0.000000e+00, 0.000000e+00, 3.567712e+00, -2.628841e+00, 3.063686e-01, 2.177350e+00;
  2.601196e+02, -2.190481e+02, 1.088035e+02, 3.580010e+01, 0.000000e+00, 0.000000e+00, 0.000000e+00, 0.000000e+00, 3.397161e+00, -2.860767e+00, 1.420973e+00, 4.675492e-01;
  2.906969e+02, -2.753971e+02, 2.311081e+02, -1.624919e+02, 0.000000e+00, 0.000000e+00, 0.000000e+00, 0.000000e+00, 3.182406e+00, -3.014911e+00, 2.530057e+00, -1.778881e+00;
];
