function K = baff_struct_dir_1(p)
% Auto-generated constant matrix
K = zeros(12,1);
K = [
  3.042508e+05;
  1.070349e+04;
  -1.789130e+05;
  -6.429612e+04;
  3.033595e+03;
  7.543824e+04;
  0.000000e+00;
  0.000000e+00;
  1.118866e+05;
  4.444383e+04;
  -7.657844e+04;
  -1.052811e+05;
];
