function K = baff_struct_dir_2(p)
% Auto-generated constant matrix
K = zeros(12,1);
K = [
  0.000000e+00;
  0.000000e+00;
  0.000000e+00;
  0.000000e+00;
  0.000000e+00;
  0.000000e+00;
  3.042508e+05;
  1.070349e+04;
  0.000000e+00;
  0.000000e+00;
  0.000000e+00;
  0.000000e+00;
];
