function K = fuel_dir_1(p)
% Auto-generated constant matrix
K = zeros(12,1);
K = [
  3.803324e+05;
  -7.333942e+04;
  -1.913476e+05;
  5.861425e+04;
  9.063198e+03;
  5.636375e+03;
  0.000000e+00;
  0.000000e+00;
  5.765887e-12;
  1.099406e-11;
  -1.150221e-11;
  -1.440226e-11;
];
K=p(1)*K;
