function K = fuel_dir_2(p)
% Auto-generated constant matrix
K = zeros(12,1);
K = [
  0.000000e+00;
  0.000000e+00;
  0.000000e+00;
  0.000000e+00;
  0.000000e+00;
  0.000000e+00;
  3.803324e+05;
  -7.333942e+04;
  0.000000e+00;
  0.000000e+00;
  0.000000e+00;
  0.000000e+00;
];
K=p(1)*K;
