function K = baff_struct(p)
% Auto-generated constant matrix
K = zeros(12,12);
K = [
  1.421139e+10, -1.730421e+09, -5.145808e+09, -2.982114e+09, 0.000000e+00, 0.000000e+00, 0.000000e+00, 0.000000e+00, 0.000000e+00, 0.000000e+00, 0.000000e+00, 0.000000e+00;
  -1.730421e+09, 1.563530e+10, -1.401721e+10, -2.701239e+08, 0.000000e+00, 0.000000e+00, 0.000000e+00, 0.000000e+00, 0.000000e+00, 0.000000e+00, 0.000000e+00, 0.000000e+00;
  -5.145808e+09, -1.401721e+10, 7.015294e+10, -7.097457e+10, 0.000000e+00, 0.000000e+00, 0.000000e+00, 0.000000e+00, 0.000000e+00, 0.000000e+00, 0.000000e+00, 0.000000e+00;
  -2.982114e+09, -2.701239e+08, -7.097457e+10, 2.481521e+11, 0.000000e+00, 0.000000e+00, 0.000000e+00, 0.000000e+00, 0.000000e+00, 0.000000e+00, 0.000000e+00, 0.000000e+00;
  0.000000e+00, 0.000000e+00, 0.000000e+00, 0.000000e+00, 1.936323e+11, -3.663010e+10, -5.153787e+10, -4.927546e+10, 0.000000e+00, 0.000000e+00, 0.000000e+00, 0.000000e+00;
  0.000000e+00, 0.000000e+00, 0.000000e+00, 0.000000e+00, -3.663010e+10, 2.400170e+11, -2.574024e+11, 8.054981e+10, 0.000000e+00, 0.000000e+00, 0.000000e+00, 0.000000e+00;
  0.000000e+00, 0.000000e+00, 0.000000e+00, 0.000000e+00, -5.153787e+10, -2.574024e+11, 1.168734e+12, -1.363827e+12, 0.000000e+00, 0.000000e+00, 0.000000e+00, 0.000000e+00;
  0.000000e+00, 0.000000e+00, 0.000000e+00, 0.000000e+00, -4.927546e+10, 8.054981e+10, -1.363827e+12, 4.374015e+12, 0.000000e+00, 0.000000e+00, 0.000000e+00, 0.000000e+00;
  0.000000e+00, 0.000000e+00, 0.000000e+00, 0.000000e+00, 0.000000e+00, 0.000000e+00, 0.000000e+00, 0.000000e+00, 1.346406e+09, 3.760322e+08, -5.763747e+08, -4.234450e+08;
  0.000000e+00, 0.000000e+00, 0.000000e+00, 0.000000e+00, 0.000000e+00, 0.000000e+00, 0.000000e+00, 0.000000e+00, 3.760322e+08, 7.114683e+08, 8.490969e+07, -6.940429e+08;
  0.000000e+00, 0.000000e+00, 0.000000e+00, 0.000000e+00, 0.000000e+00, 0.000000e+00, 0.000000e+00, 0.000000e+00, -5.763747e+08, 8.490969e+07, 1.470250e+09, 2.777169e+08;
  0.000000e+00, 0.000000e+00, 0.000000e+00, 0.000000e+00, 0.000000e+00, 0.000000e+00, 0.000000e+00, 0.000000e+00, -4.234450e+08, -6.940429e+08, 2.777169e+08, 2.742947e+09;
];
