function K = baff_struct(p)
% Auto-generated constant matrix
K = zeros(12,12);
K = [
  8.272122e+09, -9.678196e+08, -2.774675e+09, -2.065899e+09, 0.000000e+00, 0.000000e+00, 0.000000e+00, 0.000000e+00, 0.000000e+00, 0.000000e+00, 0.000000e+00, 0.000000e+00;
  -9.678196e+08, 9.226966e+09, -8.666435e+09, 7.557071e+08, 0.000000e+00, 0.000000e+00, 0.000000e+00, 0.000000e+00, 0.000000e+00, 0.000000e+00, 0.000000e+00, 0.000000e+00;
  -2.774675e+09, -8.666435e+09, 4.220039e+10, -4.478614e+10, 0.000000e+00, 0.000000e+00, 0.000000e+00, 0.000000e+00, 0.000000e+00, 0.000000e+00, 0.000000e+00, 0.000000e+00;
  -2.065899e+09, 7.557071e+08, -4.478614e+10, 1.544687e+11, 0.000000e+00, 0.000000e+00, 0.000000e+00, 0.000000e+00, 0.000000e+00, 0.000000e+00, 0.000000e+00, 0.000000e+00;
  0.000000e+00, 0.000000e+00, 0.000000e+00, 0.000000e+00, 1.278057e+11, -2.265962e+10, -3.143371e+10, -3.664354e+10, 0.000000e+00, 0.000000e+00, 0.000000e+00, 0.000000e+00;
  0.000000e+00, 0.000000e+00, 0.000000e+00, 0.000000e+00, -2.265962e+10, 1.588415e+11, -1.734268e+11, 5.808798e+10, 0.000000e+00, 0.000000e+00, 0.000000e+00, 0.000000e+00;
  0.000000e+00, 0.000000e+00, 0.000000e+00, 0.000000e+00, -3.143371e+10, -1.734268e+11, 7.742738e+11, -9.124302e+11, 0.000000e+00, 0.000000e+00, 0.000000e+00, 0.000000e+00;
  0.000000e+00, 0.000000e+00, 0.000000e+00, 0.000000e+00, -3.664354e+10, 5.808798e+10, -9.124302e+11, 2.936589e+12, 0.000000e+00, 0.000000e+00, 0.000000e+00, 0.000000e+00;
  0.000000e+00, 0.000000e+00, 0.000000e+00, 0.000000e+00, 0.000000e+00, 0.000000e+00, 0.000000e+00, 0.000000e+00, 6.132779e+08, 1.647897e+08, -2.698781e+08, -1.947047e+08;
  0.000000e+00, 0.000000e+00, 0.000000e+00, 0.000000e+00, 0.000000e+00, 0.000000e+00, 0.000000e+00, 0.000000e+00, 1.647897e+08, 3.234993e+08, 3.314794e+07, -3.064144e+08;
  0.000000e+00, 0.000000e+00, 0.000000e+00, 0.000000e+00, 0.000000e+00, 0.000000e+00, 0.000000e+00, 0.000000e+00, -2.698781e+08, 3.314794e+07, 6.965327e+08, 9.905195e+07;
  0.000000e+00, 0.000000e+00, 0.000000e+00, 0.000000e+00, 0.000000e+00, 0.000000e+00, 0.000000e+00, 0.000000e+00, -1.947047e+08, -3.064144e+08, 9.905195e+07, 1.303531e+09;
];
