function K = baff_struct(p)
% Auto-generated constant matrix
K = zeros(12,12);
K = [
  1.693747e+07, -7.385357e+06, -6.304329e+06, 7.189329e+06, 0.000000e+00, 0.000000e+00, 0.000000e+00, 0.000000e+00, 5.377925e+05, -5.321612e+04, -3.533882e+05, 6.079813e+04;
  -7.385357e+06, 5.318347e+06, -1.000016e+05, -3.898784e+06, 0.000000e+00, 0.000000e+00, 0.000000e+00, 0.000000e+00, -5.321612e+04, 9.220212e+04, 3.791005e+03, -1.219361e+05;
  -6.304329e+06, -1.000016e+05, 7.728941e+06, -4.092158e+06, 0.000000e+00, 0.000000e+00, 0.000000e+00, 0.000000e+00, -3.533882e+05, 3.791005e+03, 3.236543e+05, -4.044318e+04;
  7.189329e+06, -3.898784e+06, -4.092158e+06, 8.615957e+06, 0.000000e+00, 0.000000e+00, 0.000000e+00, 0.000000e+00, 6.079813e+04, -1.219361e+05, -4.044318e+04, 2.625359e+05;
  0.000000e+00, 0.000000e+00, 0.000000e+00, 0.000000e+00, 1.735996e+07, -7.495553e+06, -6.520597e+06, 7.277596e+06, 0.000000e+00, 0.000000e+00, 0.000000e+00, 0.000000e+00;
  0.000000e+00, 0.000000e+00, 0.000000e+00, 0.000000e+00, -7.495553e+06, 5.514701e+06, -1.871637e+05, -4.065635e+06, 0.000000e+00, 0.000000e+00, 0.000000e+00, 0.000000e+00;
  0.000000e+00, 0.000000e+00, 0.000000e+00, 0.000000e+00, -6.520597e+06, -1.871637e+05, 8.228838e+06, -4.328073e+06, 0.000000e+00, 0.000000e+00, 0.000000e+00, 0.000000e+00;
  0.000000e+00, 0.000000e+00, 0.000000e+00, 0.000000e+00, 7.277596e+06, -4.065635e+06, -4.328073e+06, 9.524581e+06, 0.000000e+00, 0.000000e+00, 0.000000e+00, 0.000000e+00;
  5.377925e+05, -5.321612e+04, -3.533882e+05, 6.079813e+04, 0.000000e+00, 0.000000e+00, 0.000000e+00, 0.000000e+00, 1.088638e+05, 1.698048e+04, -6.507767e+04, -2.389175e+04;
  -5.321612e+04, 9.220212e+04, 3.791005e+03, -1.219361e+05, 0.000000e+00, 0.000000e+00, 0.000000e+00, 0.000000e+00, 1.698048e+04, 2.189306e+04, -3.455636e+03, -2.852070e+04;
  -3.533882e+05, 3.791005e+03, 3.236543e+05, -4.044318e+04, 0.000000e+00, 0.000000e+00, 0.000000e+00, 0.000000e+00, -6.507767e+04, -3.455636e+03, 5.845003e+04, 9.911234e+03;
  6.079813e+04, -1.219361e+05, -4.044318e+04, 2.625359e+05, 0.000000e+00, 0.000000e+00, 0.000000e+00, 0.000000e+00, -2.389175e+04, -2.852070e+04, 9.911234e+03, 5.464075e+04;
];
