function K = baff_struct(p)
% Auto-generated constant matrix
K = zeros(12,12);
K = [
  2.652528e+07, -1.032630e+07, -1.020242e+07, 9.845217e+06, 0.000000e+00, 0.000000e+00, 0.000000e+00, 0.000000e+00, -1.077283e+06, -9.671337e+05, 3.707991e+05, 1.813611e+06;
  -1.032630e+07, 8.164406e+06, -2.437361e+05, -6.710133e+06, 0.000000e+00, 0.000000e+00, 0.000000e+00, 0.000000e+00, -9.671337e+05, -3.532421e+05, 4.232384e+05, 7.546295e+05;
  -1.020242e+07, -2.437361e+05, 1.166508e+07, -5.503235e+06, 0.000000e+00, 0.000000e+00, 0.000000e+00, 0.000000e+00, 3.707991e+05, 4.232384e+05, 3.058823e+04, -8.508447e+05;
  9.845217e+06, -6.710133e+06, -5.503235e+06, 1.417910e+07, 0.000000e+00, 0.000000e+00, 0.000000e+00, 0.000000e+00, 1.813611e+06, 7.546295e+05, -8.508447e+05, -1.415434e+06;
  0.000000e+00, 0.000000e+00, 0.000000e+00, 0.000000e+00, 3.760871e+07, -7.506679e+06, -2.053022e+07, -1.144584e+06, 0.000000e+00, 0.000000e+00, 0.000000e+00, 0.000000e+00;
  0.000000e+00, 0.000000e+00, 0.000000e+00, 0.000000e+00, -7.506679e+06, 9.269972e+06, -3.174125e+06, -1.004694e+07, 0.000000e+00, 0.000000e+00, 0.000000e+00, 0.000000e+00;
  0.000000e+00, 0.000000e+00, 0.000000e+00, 0.000000e+00, -2.053022e+07, -3.174125e+06, 2.196193e+07, 4.789690e+06, 0.000000e+00, 0.000000e+00, 0.000000e+00, 0.000000e+00;
  0.000000e+00, 0.000000e+00, 0.000000e+00, 0.000000e+00, -1.144584e+06, -1.004694e+07, 4.789690e+06, 2.709211e+07, 0.000000e+00, 0.000000e+00, 0.000000e+00, 0.000000e+00;
  -1.077283e+06, -9.671337e+05, 3.707991e+05, 1.813611e+06, 0.000000e+00, 0.000000e+00, 0.000000e+00, 0.000000e+00, 2.776417e+06, 1.393851e+06, -1.286432e+06, -2.648706e+06;
  -9.671337e+05, -3.532421e+05, 4.232384e+05, 7.546295e+05, 0.000000e+00, 0.000000e+00, 0.000000e+00, 0.000000e+00, 1.393851e+06, 7.449922e+05, -6.274278e+05, -1.399609e+06;
  3.707991e+05, 4.232384e+05, 3.058823e+04, -8.508447e+05, 0.000000e+00, 0.000000e+00, 0.000000e+00, 0.000000e+00, -1.286432e+06, -6.274278e+05, 6.318148e+05, 1.213031e+06;
  1.813611e+06, 7.546295e+05, -8.508447e+05, -1.415434e+06, 0.000000e+00, 0.000000e+00, 0.000000e+00, 0.000000e+00, -2.648706e+06, -1.399609e+06, 1.213031e+06, 2.681179e+06;
];
