function K = fuel(p)
% Auto-generated constant matrix
K = zeros(12,12);
K = [
  4.383006e+07, -2.163982e+07, -1.197026e+07, 1.799973e+07, 0.000000e+00, 0.000000e+00, 0.000000e+00, 0.000000e+00, 3.072751e+06, -8.060218e+05, -1.598291e+06, 8.016049e+05;
  -2.163982e+07, 1.592990e+07, -1.820044e+06, -9.753020e+06, 0.000000e+00, 0.000000e+00, 0.000000e+00, 0.000000e+00, -8.060218e+05, 7.372296e+05, -2.208459e+03, -7.218301e+05;
  -1.197026e+07, -1.820044e+06, 1.814714e+07, -9.605952e+06, 0.000000e+00, 0.000000e+00, 0.000000e+00, 0.000000e+00, -1.598291e+06, -2.208459e+03, 1.613691e+06, -4.295131e+05;
  1.799973e+07, -9.753020e+06, -9.605952e+06, 2.028801e+07, 0.000000e+00, 0.000000e+00, 0.000000e+00, 0.000000e+00, 8.016049e+05, -7.218301e+05, -4.295131e+05, 1.482234e+06;
  0.000000e+00, 0.000000e+00, 0.000000e+00, 0.000000e+00, 4.523816e+07, -2.217728e+07, -1.242892e+07, 1.823313e+07, 0.000000e+00, 0.000000e+00, 0.000000e+00, 0.000000e+00;
  0.000000e+00, 0.000000e+00, 0.000000e+00, 0.000000e+00, -2.217728e+07, 1.677434e+07, -2.408965e+06, -1.000609e+07, 0.000000e+00, 0.000000e+00, 0.000000e+00, 0.000000e+00;
  0.000000e+00, 0.000000e+00, 0.000000e+00, 0.000000e+00, -1.242892e+07, -2.408965e+06, 2.028258e+07, -1.108563e+07, 0.000000e+00, 0.000000e+00, 0.000000e+00, 0.000000e+00;
  0.000000e+00, 0.000000e+00, 0.000000e+00, 0.000000e+00, 1.823313e+07, -1.000609e+07, -1.108563e+07, 2.436939e+07, 0.000000e+00, 0.000000e+00, 0.000000e+00, 0.000000e+00;
  3.072751e+06, -8.060218e+05, -1.598291e+06, 8.016049e+05, 0.000000e+00, 0.000000e+00, 0.000000e+00, 0.000000e+00, 3.520249e+05, 2.776438e+04, -2.055801e+05, -4.545868e+04;
  -8.060218e+05, 7.372296e+05, -2.208459e+03, -7.218301e+05, 0.000000e+00, 0.000000e+00, 0.000000e+00, 0.000000e+00, 2.776438e+04, 7.322242e+04, -8.847147e+03, -9.091598e+04;
  -1.598291e+06, -2.208459e+03, 1.613691e+06, -4.295131e+05, 0.000000e+00, 0.000000e+00, 0.000000e+00, 0.000000e+00, -2.055801e+05, -8.847147e+03, 1.878865e+05, 1.798768e+04;
  8.016049e+05, -7.218301e+05, -4.295131e+05, 1.482234e+06, 0.000000e+00, 0.000000e+00, 0.000000e+00, 0.000000e+00, -4.545868e+04, -9.091598e+04, 1.798768e+04, 1.778840e+05;
];
K=p(1)*K;
