function K = baff_struct(p)
% Auto-generated constant matrix
K = zeros(12,12);
K = [
  2.983027e+07, -1.059222e+07, -1.191068e+07, 8.717562e+06, -2.889756e+06, 1.593771e+06, 0.000000e+00, 0.000000e+00, 3.508673e+06, 1.393723e+06, -2.401438e+06, -3.301531e+06;
  -1.059222e+07, 8.962367e+06, -9.400462e+05, -7.401604e+06, 5.157191e+06, -1.953021e+05, 0.000000e+00, 0.000000e+00, 1.393723e+06, 5.536174e+05, -9.539043e+05, -1.311441e+06;
  -1.191068e+07, -9.400462e+05, 1.347869e+07, -4.505087e+06, -4.709186e+06, 4.048335e+06, 0.000000e+00, 0.000000e+00, -2.401438e+06, -9.539043e+05, 1.643614e+06, 2.259664e+06;
  8.717562e+06, -7.401604e+06, -4.505087e+06, 1.618405e+07, -5.622294e+06, -7.320112e+06, 0.000000e+00, 0.000000e+00, -3.301531e+06, -1.311441e+06, 2.259664e+06, 3.106619e+06;
  -2.889756e+06, 5.157191e+06, -4.709186e+06, -5.622294e+06, 1.359113e+07, -6.111509e+06, 0.000000e+00, 0.000000e+00, -2.214446e+05, -8.796268e+04, 1.515631e+05, 2.083711e+05;
  1.593771e+06, -1.953021e+05, 4.048335e+06, -7.320112e+06, -6.111509e+06, 1.588203e+07, 0.000000e+00, 0.000000e+00, 3.125606e+06, 1.241560e+06, -2.139256e+06, -2.941079e+06;
  0.000000e+00, 0.000000e+00, 0.000000e+00, 0.000000e+00, 0.000000e+00, 0.000000e+00, 4.805169e+07, -8.925085e+06, 0.000000e+00, 0.000000e+00, 0.000000e+00, 0.000000e+00;
  0.000000e+00, 0.000000e+00, 0.000000e+00, 0.000000e+00, 0.000000e+00, 0.000000e+00, -8.925085e+06, 9.217099e+06, 0.000000e+00, 0.000000e+00, 0.000000e+00, 0.000000e+00;
  3.508673e+06, 1.393723e+06, -2.401438e+06, -3.301531e+06, -2.214446e+05, 3.125606e+06, 0.000000e+00, 0.000000e+00, 4.560179e+06, 1.796663e+06, -3.119025e+06, -4.256140e+06;
  1.393723e+06, 5.536174e+05, -9.539043e+05, -1.311441e+06, -8.796268e+04, 1.241560e+06, 0.000000e+00, 0.000000e+00, 1.796663e+06, 7.205769e+05, -1.229739e+06, -1.699706e+06;
  -2.401438e+06, -9.539043e+05, 1.643614e+06, 2.259664e+06, 1.515631e+05, -2.139256e+06, 0.000000e+00, 0.000000e+00, -3.119025e+06, -1.229739e+06, 2.139897e+06, 2.912249e+06;
  -3.301531e+06, -1.311441e+06, 2.259664e+06, 3.106619e+06, 2.083711e+05, -2.941079e+06, 0.000000e+00, 0.000000e+00, -4.256140e+06, -1.699706e+06, 2.912249e+06, 4.022445e+06;
];
