function K = fuel(p)
% Auto-generated constant matrix
K = zeros(12,12);
K = [
  5.364064e+07, -2.612325e+07, -1.509932e+07, 2.186005e+07, -8.684113e+06, 2.341108e+06, 0.000000e+00, 0.000000e+00, -1.513399e-09, 1.862645e-09, -8.149073e-10, -1.396984e-09;
  -2.612325e+07, 1.927066e+07, -2.131600e+06, -1.189172e+07, 1.210058e+07, -5.977041e+06, 0.000000e+00, 0.000000e+00, 1.833541e-09, -1.193257e-09, 2.037268e-10, 2.619345e-10;
  -1.509932e+07, -2.131600e+06, 2.247826e+07, -1.189107e+07, -9.184645e+06, 1.328269e+07, 0.000000e+00, 0.000000e+00, -8.731149e-10, 2.037268e-10, -5.820766e-11, 1.207809e-09;
  2.186005e+07, -1.189172e+07, -1.189107e+07, 2.518534e+07, -1.070896e+07, -1.006013e+07, 0.000000e+00, 0.000000e+00, -1.455192e-09, 2.328306e-10, 1.222361e-09, -7.566996e-10;
  -8.684113e+06, 1.210058e+07, -9.184645e+06, -1.070896e+07, 2.430985e+07, -1.064649e+07, 0.000000e+00, 0.000000e+00, 1.280569e-09, -4.220055e-10, -3.783498e-10, -7.275958e-11;
  2.341108e+06, -5.977041e+06, 1.328269e+07, -1.006013e+07, -1.064649e+07, 2.465532e+07, 0.000000e+00, 0.000000e+00, 5.675247e-10, 6.766641e-10, -1.717126e-09, 2.037268e-10;
  0.000000e+00, 0.000000e+00, 0.000000e+00, 0.000000e+00, 0.000000e+00, 0.000000e+00, 5.364064e+07, -2.612325e+07, 0.000000e+00, 0.000000e+00, 0.000000e+00, 0.000000e+00;
  0.000000e+00, 0.000000e+00, 0.000000e+00, 0.000000e+00, 0.000000e+00, 0.000000e+00, -2.612325e+07, 1.927066e+07, 0.000000e+00, 0.000000e+00, 0.000000e+00, 0.000000e+00;
  -1.513399e-09, 1.833541e-09, -8.731149e-10, -1.455192e-09, 1.280569e-09, 5.675247e-10, 0.000000e+00, 0.000000e+00, 0.000000e+00, 0.000000e+00, 0.000000e+00, -1.818989e-12;
  1.862645e-09, -1.193257e-09, 2.037268e-10, 2.328306e-10, -4.220055e-10, 6.766641e-10, 0.000000e+00, 0.000000e+00, 0.000000e+00, 1.818989e-12, -6.821210e-13, 0.000000e+00;
  -8.149073e-10, 2.037268e-10, -5.820766e-11, 1.222361e-09, -3.783498e-10, -1.717126e-09, 0.000000e+00, 0.000000e+00, 0.000000e+00, -6.821210e-13, 0.000000e+00, 1.364242e-12;
  -1.396984e-09, 2.619345e-10, 1.207809e-09, -7.566996e-10, -7.275958e-11, 2.037268e-10, 0.000000e+00, 0.000000e+00, -1.818989e-12, 0.000000e+00, 1.364242e-12, -3.637979e-12;
];
K=p(1)*K;
