function K = baff_struct(p)
% Auto-generated constant matrix
K = zeros(12,12);
K = [
  1.116346e+10, -1.581898e+09, -4.993544e+09, -2.890083e+09, 2.181378e+09, 2.644301e+08, 0.000000e+00, 0.000000e+00, 0.000000e+00, 0.000000e+00, 0.000000e+00, 0.000000e+00;
  -1.581898e+09, 1.179107e+10, -1.072832e+10, -5.565555e+08, -7.002201e+09, 1.199795e+10, 0.000000e+00, 0.000000e+00, 0.000000e+00, 0.000000e+00, 0.000000e+00, 0.000000e+00;
  -4.993544e+09, -1.072832e+10, 5.478923e+10, -5.393834e+10, 2.670386e+10, -5.254906e+10, 0.000000e+00, 0.000000e+00, 0.000000e+00, 0.000000e+00, 0.000000e+00, 0.000000e+00;
  -2.890083e+09, -5.565555e+08, -5.393834e+10, 1.935861e+11, -2.175015e+11, 1.594025e+11, 0.000000e+00, 0.000000e+00, 0.000000e+00, 0.000000e+00, 0.000000e+00, 0.000000e+00;
  2.181378e+09, -7.002201e+09, 2.670386e+10, -2.175015e+11, 5.848208e+11, -6.680253e+11, 0.000000e+00, 0.000000e+00, 0.000000e+00, 0.000000e+00, 0.000000e+00, 0.000000e+00;
  2.644301e+08, 1.199795e+10, -5.254906e+10, 1.594025e+11, -6.680253e+11, 1.508630e+12, 0.000000e+00, 0.000000e+00, 0.000000e+00, 0.000000e+00, 0.000000e+00, 0.000000e+00;
  0.000000e+00, 0.000000e+00, 0.000000e+00, 0.000000e+00, 0.000000e+00, 0.000000e+00, 1.522443e+11, -3.111214e+10, 0.000000e+00, 0.000000e+00, 0.000000e+00, 0.000000e+00;
  0.000000e+00, 0.000000e+00, 0.000000e+00, 0.000000e+00, 0.000000e+00, 0.000000e+00, -3.111214e+10, 1.820270e+11, 0.000000e+00, 0.000000e+00, 0.000000e+00, 0.000000e+00;
  0.000000e+00, 0.000000e+00, 0.000000e+00, 0.000000e+00, 0.000000e+00, 0.000000e+00, 0.000000e+00, 0.000000e+00, 9.570016e+08, 2.408507e+08, -4.868819e+08, -3.593787e+08;
  0.000000e+00, 0.000000e+00, 0.000000e+00, 0.000000e+00, 0.000000e+00, 0.000000e+00, 0.000000e+00, 0.000000e+00, 2.408507e+08, 4.718466e+08, 3.904690e+07, -5.046765e+08;
  0.000000e+00, 0.000000e+00, 0.000000e+00, 0.000000e+00, 0.000000e+00, 0.000000e+00, 0.000000e+00, 0.000000e+00, -4.868819e+08, 3.904690e+07, 1.092798e+09, 2.311203e+08;
  0.000000e+00, 0.000000e+00, 0.000000e+00, 0.000000e+00, 0.000000e+00, 0.000000e+00, 0.000000e+00, 0.000000e+00, -3.593787e+08, -5.046765e+08, 2.311203e+08, 1.989337e+09;
];
