function K = u_ind(p)
% Auto-generated constant matrix
K = zeros(20,20);
K = [
  6.243910e+00, -3.753810e+00, -8.886634e-01, -4.203104e-01, -2.499252e-01, -1.676882e-01, -1.214542e-01, -9.281258e-02, -7.383036e-02, -6.060998e-02, -5.104795e-02, -4.392562e-02, -3.849671e-02, -3.428337e-02, -3.096832e-02, -2.833449e-02, -2.622975e-02, -2.454534e-02, -2.320242e-02, -2.214332e-02;
  -4.032683e+00, 9.558441e+00, -3.405173e+00, -7.473729e-01, -3.485460e-01, -2.083703e-01, -1.414488e-01, -1.038315e-01, -8.041958e-02, -6.480104e-02, -5.384653e-02, -4.587004e-02, -3.989352e-02, -3.531621e-02, -3.175197e-02, -2.894337e-02, -2.671364e-02, -2.493858e-02, -2.352932e-02, -2.242161e-02;
  -9.970251e-01, -3.405173e+00, 9.699732e+00, -3.333408e+00, -7.058181e-01, -3.223065e-01, -1.907477e-01, -1.290558e-01, -9.480222e-02, -7.365613e-02, -5.962313e-02, -4.981443e-02, -4.268954e-02, -3.736212e-02, -3.329126e-02, -3.013112e-02, -2.765219e-02, -2.569762e-02, -2.415776e-02, -2.295479e-02;
  -4.778762e-01, -7.473729e-01, -3.333408e+00, 9.741287e+00, -3.307169e+00, -6.881954e-01, -3.099135e-01, -1.817183e-01, -1.222923e-01, -8.962431e-02, -6.962403e-02, -5.644263e-02, -4.728303e-02, -4.066459e-02, -3.574127e-02, -3.200009e-02, -2.911510e-02, -2.687138e-02, -2.512309e-02, -2.376921e-02;
  -2.857898e-01, -3.485460e-01, -7.058181e-01, -3.307169e+00, 9.758909e+00, -3.294776e+00, -6.791661e-01, -3.031501e-01, -1.765404e-01, -1.182602e-01, -8.644381e-02, -6.709263e-02, -5.441768e-02, -4.566218e-02, -3.937341e-02, -3.472525e-02, -3.121928e-02, -2.854057e-02, -2.648282e-02, -2.490724e-02;
  -1.923242e-01, -2.083703e-01, -3.223065e-01, -6.881954e-01, -3.294776e+00, 9.767938e+00, -3.288012e+00, -6.739882e-01, -2.991180e-01, -1.733599e-01, -1.157288e-01, -8.441886e-02, -6.547178e-02, -5.312650e-02, -4.464616e-02, -3.859260e-02, -3.415072e-02, -3.083072e-02, -2.832472e-02, -2.643248e-02;
  -1.395407e-01, -1.414488e-01, -1.907477e-01, -3.099135e-01, -6.791661e-01, -3.288012e+00, 9.773116e+00, -3.283980e+00, -6.708077e-01, -2.965866e-01, -1.713350e-01, -1.141080e-01, -8.312769e-02, -6.445576e-02, -5.234569e-02, -4.407163e-02, -3.820404e-02, -3.393487e-02, -3.078038e-02, -2.843823e-02;
  -1.067518e-01, -1.038315e-01, -1.290558e-01, -1.817183e-01, -3.031501e-01, -6.739882e-01, -3.283980e+00, 9.776297e+00, -3.281449e+00, -6.687827e-01, -2.949657e-01, -1.700438e-01, -1.130920e-01, -8.234688e-02, -6.388122e-02, -5.195713e-02, -4.385578e-02, -3.815370e-02, -3.404837e-02, -3.106149e-02;
  -8.498190e-02, -8.041958e-02, -9.480222e-02, -1.222923e-01, -1.765404e-01, -2.991180e-01, -6.708077e-01, -3.281449e+00, 9.778322e+00, -3.279828e+00, -6.674915e-01, -2.939497e-01, -1.692630e-01, -1.125174e-01, -8.195832e-02, -6.366538e-02, -5.190679e-02, -4.396928e-02, -3.843481e-02, -3.450653e-02;
  -6.980119e-02, -6.480104e-02, -7.365613e-02, -8.962431e-02, -1.182602e-01, -1.733599e-01, -2.965866e-01, -6.687827e-01, -3.279828e+00, 9.779613e+00, -3.278812e+00, -6.667107e-01, -2.933752e-01, -1.688744e-01, -1.123016e-01, -8.190798e-02, -6.377888e-02, -5.218790e-02, -4.442744e-02, -3.908585e-02;
  -5.881154e-02, -5.384653e-02, -5.962313e-02, -6.962403e-02, -8.644381e-02, -1.157288e-01, -1.713350e-01, -2.949657e-01, -6.674915e-01, -3.278812e+00, 9.780394e+00, -3.278237e+00, -6.663222e-01, -2.931593e-01, -1.688241e-01, -1.124151e-01, -8.218909e-02, -6.423704e-02, -5.283894e-02, -4.529476e-02;
  -5.062047e-02, -4.587004e-02, -4.981443e-02, -5.644263e-02, -6.709263e-02, -8.441886e-02, -1.141080e-01, -1.700438e-01, -2.939497e-01, -6.667107e-01, -3.278237e+00, 9.780782e+00, -3.278021e+00, -6.662718e-01, -2.932728e-01, -1.691052e-01, -1.128732e-01, -8.284013e-02, -6.510436e-02, -5.395536e-02;
  -4.437382e-02, -3.989352e-02, -4.268954e-02, -4.728303e-02, -5.441768e-02, -6.547178e-02, -8.312769e-02, -1.130920e-01, -1.692630e-01, -2.933752e-01, -6.663222e-01, -3.278021e+00, 9.780833e+00, -3.278135e+00, -6.665529e-01, -2.937310e-01, -1.697562e-01, -1.137406e-01, -8.395654e-02, -6.651493e-02;
  -3.952397e-02, -3.531621e-02, -3.736212e-02, -4.066459e-02, -4.566218e-02, -5.312650e-02, -6.445576e-02, -8.234688e-02, -1.125174e-01, -1.688744e-01, -2.931593e-01, -6.662718e-01, -3.278135e+00, 9.780552e+00, -3.278593e+00, -6.672040e-01, -2.945983e-01, -1.708727e-01, -1.151511e-01, -8.572270e-02;
  -3.570696e-02, -3.175197e-02, -3.329126e-02, -3.574127e-02, -3.937341e-02, -4.464616e-02, -5.234569e-02, -6.388122e-02, -8.195832e-02, -1.123016e-01, -1.688241e-01, -2.932728e-01, -6.665529e-01, -3.278593e+00, 9.779901e+00, -3.279460e+00, -6.683204e-01, -2.960089e-01, -1.726388e-01, -1.173569e-01;
  -3.267361e-02, -2.894337e-02, -3.013112e-02, -3.200009e-02, -3.472525e-02, -3.859260e-02, -4.407163e-02, -5.195713e-02, -6.366538e-02, -8.190798e-02, -1.124151e-01, -1.691052e-01, -2.937310e-01, -6.672040e-01, -3.279460e+00, 9.778784e+00, -3.280871e+00, -6.700866e-01, -2.982146e-01, -1.754003e-01;
  -3.024913e-02, -2.671364e-02, -2.765219e-02, -2.911510e-02, -3.121928e-02, -3.415072e-02, -3.820404e-02, -4.385578e-02, -5.190679e-02, -6.377888e-02, -8.218909e-02, -1.128732e-01, -1.697562e-01, -2.945983e-01, -6.683204e-01, -3.280871e+00, 9.777018e+00, -3.283077e+00, -6.728480e-01, -3.016946e-01;
  -2.830855e-02, -2.493858e-02, -2.569762e-02, -2.687138e-02, -2.854057e-02, -3.083072e-02, -3.393487e-02, -3.815370e-02, -4.396928e-02, -5.218790e-02, -6.423704e-02, -8.284013e-02, -1.137406e-01, -1.708727e-01, -2.960089e-01, -6.700866e-01, -3.283077e+00, 9.774257e+00, -3.286557e+00, -6.772795e-01;
  -2.676120e-02, -2.352932e-02, -2.415776e-02, -2.512309e-02, -2.648282e-02, -2.832472e-02, -3.078038e-02, -3.404837e-02, -3.843481e-02, -4.442744e-02, -5.283894e-02, -6.510436e-02, -8.395654e-02, -1.151511e-01, -1.726388e-01, -2.982146e-01, -6.728480e-01, -3.286557e+00, 9.769825e+00, -3.292282e+00;
  -2.554075e-02, -2.242161e-02, -2.295479e-02, -2.376921e-02, -2.490724e-02, -2.643248e-02, -2.843823e-02, -3.106149e-02, -3.450653e-02, -3.908585e-02, -4.529476e-02, -5.395536e-02, -6.651493e-02, -8.572270e-02, -1.173569e-01, -1.754003e-01, -3.016946e-01, -6.772795e-01, -3.292282e+00, 9.762288e+00;
];
