function K = u_ind(p)
% Auto-generated constant matrix
K = zeros(20,20);
K = [
  6.472889e+00, -3.894467e+00, -9.323908e-01, -4.387414e-01, -2.592656e-01, -1.730148e-01, -1.247520e-01, -9.498241e-02, -7.532708e-02, -6.168252e-02, -5.184143e-02, -4.452909e-02, -3.896714e-02, -3.465857e-02, -3.127416e-02, -2.858922e-02, -2.644654e-02, -2.473399e-02, -2.337041e-02, -2.229651e-02;
  -3.894467e+00, 9.434965e+00, -3.400818e+00, -7.529150e-01, -3.524906e-01, -2.110029e-01, -1.432452e-01, -1.050967e-01, -8.133785e-02, -6.548599e-02, -5.437017e-02, -4.627949e-02, -4.022051e-02, -3.558274e-02, -3.197362e-02, -2.913148e-02, -2.687667e-02, -2.508295e-02, -2.366010e-02, -2.254285e-02;
  -9.323908e-01, -3.400818e+00, 9.614441e+00, -3.314567e+00, -7.046523e-01, -3.227210e-01, -1.913475e-01, -1.296006e-01, -9.525558e-02, -7.402551e-02, -5.992405e-02, -5.006160e-02, -4.289508e-02, -3.753557e-02, -3.344006e-02, -3.026108e-02, -2.776790e-02, -2.580277e-02, -2.425540e-02, -2.304748e-02;
  -4.387414e-01, -7.529150e-01, -3.314567e+00, 9.662704e+00, -3.284797e+00, -6.849969e-01, -3.090764e-01, -1.815065e-01, -1.222883e-01, -8.969363e-02, -6.971694e-02, -5.653964e-02, -4.737666e-02, -4.075240e-02, -3.582302e-02, -3.207647e-02, -2.918718e-02, -2.694034e-02, -2.519016e-02, -2.383560e-02;
  -2.592656e-01, -3.524906e-01, -7.046523e-01, -3.284797e+00, 9.682359e+00, -3.271153e+00, -6.751559e-01, -3.017641e-01, -1.759445e-01, -1.179797e-01, -8.630922e-02, -6.703199e-02, -5.439696e-02, -4.566411e-02, -3.938882e-02, -3.474913e-02, -3.124892e-02, -2.857456e-02, -2.652054e-02, -2.494856e-02;
  -1.730148e-01, -2.110029e-01, -3.227210e-01, -6.849969e-01, -3.271153e+00, 9.692200e+00, -3.263840e+00, -6.695939e-01, -2.974555e-01, -1.725601e-01, -1.152948e-01, -8.416655e-02, -6.531944e-02, -5.303338e-02, -4.459021e-02, -3.856126e-02, -3.413651e-02, -3.082912e-02, -2.833296e-02, -2.644894e-02;
  -1.247520e-01, -1.432452e-01, -1.913475e-01, -3.090764e-01, -6.751559e-01, -3.263840e+00, 9.697762e+00, -3.259532e+00, -6.662095e-01, -2.947705e-01, -1.704174e-01, -1.135822e-01, -8.280296e-02, -6.424555e-02, -5.220582e-02, -4.397760e-02, -3.814146e-02, -3.389491e-02, -3.075751e-02, -2.842895e-02;
  -9.498241e-02, -1.050967e-01, -1.296006e-01, -1.815065e-01, -3.017641e-01, -6.695939e-01, -3.259532e+00, 9.701147e+00, -3.256847e+00, -6.640668e-01, -2.930580e-01, -1.690538e-01, -1.125083e-01, -8.197541e-02, -6.363293e-02, -5.178602e-02, -4.373600e-02, -3.806985e-02, -3.399089e-02, -3.102430e-02;
  -7.532708e-02, -8.133785e-02, -9.525558e-02, -1.222883e-01, -1.759445e-01, -2.974555e-01, -6.662095e-01, -3.256847e+00, 9.703289e+00, -3.255134e+00, -6.627032e-01, -2.919841e-01, -1.682263e-01, -1.118957e-01, -8.155560e-02, -6.339133e-02, -5.171441e-02, -4.383198e-02, -3.833665e-02, -3.443759e-02;
  -6.168252e-02, -6.548599e-02, -7.402551e-02, -8.969363e-02, -1.179797e-01, -1.725601e-01, -2.947705e-01, -6.640668e-01, -3.255134e+00, 9.704653e+00, -3.254060e+00, -6.618757e-01, -2.913715e-01, -1.678065e-01, -1.116541e-01, -8.148400e-02, -6.348731e-02, -5.198121e-02, -4.427867e-02, -3.897887e-02;
  -5.184143e-02, -5.437017e-02, -5.992405e-02, -6.971694e-02, -8.630922e-02, -1.152948e-01, -1.704174e-01, -2.930580e-01, -6.627032e-01, -3.254060e+00, 9.705480e+00, -3.253448e+00, -6.614559e-01, -2.911299e-01, -1.677349e-01, -1.117501e-01, -8.175079e-02, -6.393401e-02, -5.262343e-02, -4.513976e-02;
  -4.452909e-02, -4.627949e-02, -5.006160e-02, -5.653964e-02, -6.703199e-02, -8.416655e-02, -1.135822e-01, -1.690538e-01, -2.919841e-01, -6.618757e-01, -3.253448e+00, 9.705900e+00, -3.253206e+00, -6.613843e-01, -2.912259e-01, -1.680017e-01, -1.121968e-01, -8.239301e-02, -6.479510e-02, -5.373633e-02;
  -3.896714e-02, -4.022051e-02, -4.289508e-02, -4.737666e-02, -5.439696e-02, -6.531944e-02, -8.280296e-02, -1.125083e-01, -1.682263e-01, -2.913715e-01, -6.614559e-01, -3.253206e+00, 9.705972e+00, -3.253302e+00, -6.616511e-01, -2.916726e-01, -1.686439e-01, -1.130579e-01, -8.350591e-02, -6.620518e-02;
  -3.465857e-02, -3.558274e-02, -3.753557e-02, -4.075240e-02, -4.566411e-02, -5.303338e-02, -6.424555e-02, -8.197541e-02, -1.118957e-01, -1.678065e-01, -2.911299e-01, -6.613843e-01, -3.253302e+00, 9.705705e+00, -3.253749e+00, -6.622933e-01, -2.925337e-01, -1.697568e-01, -1.144680e-01, -8.527520e-02;
  -3.127416e-02, -3.197362e-02, -3.344006e-02, -3.582302e-02, -3.938882e-02, -4.459021e-02, -5.220582e-02, -6.363293e-02, -8.155560e-02, -1.116541e-01, -1.677349e-01, -2.912259e-01, -6.616511e-01, -3.253749e+00, 9.705063e+00, -3.254610e+00, -6.634062e-01, -2.939437e-01, -1.715261e-01, -1.166814e-01;
  -2.858922e-02, -2.913148e-02, -3.026108e-02, -3.207647e-02, -3.474913e-02, -3.856126e-02, -4.397760e-02, -5.178602e-02, -6.339133e-02, -8.148400e-02, -1.117501e-01, -1.680017e-01, -2.916726e-01, -6.622933e-01, -3.254610e+00, 9.703950e+00, -3.256020e+00, -6.651755e-01, -2.961572e-01, -1.743014e-01;
  -2.644654e-02, -2.687667e-02, -2.776790e-02, -2.918718e-02, -3.124892e-02, -3.413651e-02, -3.814146e-02, -4.373600e-02, -5.171441e-02, -6.348731e-02, -8.175079e-02, -1.121968e-01, -1.686439e-01, -2.925337e-01, -6.634062e-01, -3.256020e+00, 9.702181e+00, -3.258233e+00, -6.679508e-01, -2.996598e-01;
  -2.473399e-02, -2.508295e-02, -2.580277e-02, -2.694034e-02, -2.857456e-02, -3.082912e-02, -3.389491e-02, -3.806985e-02, -4.383198e-02, -5.198121e-02, -6.393401e-02, -8.239301e-02, -1.130579e-01, -1.697568e-01, -2.939437e-01, -6.651755e-01, -3.258233e+00, 9.699405e+00, -3.261736e+00, -6.724177e-01;
  -2.337041e-02, -2.366010e-02, -2.425540e-02, -2.519016e-02, -2.652054e-02, -2.833296e-02, -3.075751e-02, -3.399089e-02, -3.833665e-02, -4.427867e-02, -5.262343e-02, -6.479510e-02, -8.350591e-02, -1.144680e-01, -1.715261e-01, -2.961572e-01, -6.679508e-01, -3.261736e+00, 9.694938e+00, -3.267516e+00;
  -2.229651e-02, -2.254285e-02, -2.304748e-02, -2.383560e-02, -2.494856e-02, -2.644894e-02, -2.842895e-02, -3.102430e-02, -3.443759e-02, -3.897887e-02, -4.513976e-02, -5.373633e-02, -6.620518e-02, -8.527520e-02, -1.166814e-01, -1.743014e-01, -2.996598e-01, -6.724177e-01, -3.267516e+00, 9.687316e+00;
];
