function K = baff_struct(p)
% Auto-generated constant matrix
K = zeros(12,12,12,12);
K(:,:,1,1) = [
  9.202849e+09, -7.067920e+09, 7.948111e+08, 4.716469e+09, -4.477272e+09, 1.490820e+09, 0.000000e+00, 0.000000e+00, -2.934110e+08, -1.165494e+08, 2.008191e+08, 2.760889e+08;
  -7.067920e+09, 6.549403e+09, -2.902789e+09, -2.720336e+09, 4.584377e+09, -2.558831e+09, 0.000000e+00, 0.000000e+00, 1.045277e+08, 4.152073e+07, -7.154183e+07, -9.835673e+07;
  7.948111e+08, -2.902789e+09, 5.648885e+09, -3.562494e+09, -1.675187e+09, 4.107818e+09, 0.000000e+00, 0.000000e+00, 5.307643e+08, 2.108313e+08, -3.632705e+08, -4.994295e+08;
  4.716469e+09, -2.720336e+09, -3.562494e+09, 8.794259e+09, -5.590918e+09, -1.648819e+09, 0.000000e+00, 0.000000e+00, -3.221829e+07, -1.279782e+07, 2.205114e+07, 3.031622e+07;
  -4.477272e+09, 4.584377e+09, -1.675187e+09, -5.590918e+09, 9.890912e+09, -5.859505e+09, 0.000000e+00, 0.000000e+00, -9.883015e+08, -3.925752e+08, 6.764224e+08, 9.299551e+08;
  1.490820e+09, -2.558831e+09, 4.107818e+09, -1.648819e+09, -5.859505e+09, 1.040671e+10, 0.000000e+00, 0.000000e+00, -7.201573e+08, -2.860624e+08, 4.928967e+08, 6.776413e+08;
  0.000000e+00, 0.000000e+00, 0.000000e+00, 0.000000e+00, 0.000000e+00, 0.000000e+00, 0.000000e+00, 0.000000e+00, 0.000000e+00, 0.000000e+00, 0.000000e+00, 0.000000e+00;
  0.000000e+00, 0.000000e+00, 0.000000e+00, 0.000000e+00, 0.000000e+00, 0.000000e+00, 0.000000e+00, 0.000000e+00, 0.000000e+00, 0.000000e+00, 0.000000e+00, 0.000000e+00;
  0.000000e+00, 0.000000e+00, 0.000000e+00, 0.000000e+00, 0.000000e+00, 0.000000e+00, 0.000000e+00, 0.000000e+00, 5.807789e+08, 2.210618e+08, -3.956626e+08, -5.283466e+08;
  0.000000e+00, 0.000000e+00, 0.000000e+00, 0.000000e+00, 0.000000e+00, 0.000000e+00, 0.000000e+00, 0.000000e+00, 2.210618e+08, 9.255814e+07, -1.536424e+08, -2.153358e+08;
  0.000000e+00, 0.000000e+00, 0.000000e+00, 0.000000e+00, 0.000000e+00, 0.000000e+00, 0.000000e+00, 0.000000e+00, -3.956626e+08, -1.536424e+08, 2.728850e+08, 3.624536e+08;
  0.000000e+00, 0.000000e+00, 0.000000e+00, 0.000000e+00, 0.000000e+00, 0.000000e+00, 0.000000e+00, 0.000000e+00, -5.283466e+08, -2.153358e+08, 3.624536e+08, 5.089112e+08;
];
K(:,:,1,2) = [
  -7.067580e+09, 7.544758e+09, -4.859257e+09, -2.149583e+09, 5.864165e+09, -3.772688e+09, 0.000000e+00, 0.000000e+00, -9.444165e+07, -3.751431e+07, 6.463862e+07, 8.886610e+07;
  7.544758e+09, -8.128765e+09, 6.074103e+09, 5.002677e+08, -5.444231e+09, 4.982334e+09, 0.000000e+00, 0.000000e+00, 2.764814e+07, 1.098245e+07, -1.892319e+07, -2.601587e+07;
  -4.859257e+09, 6.074103e+09, -7.215072e+09, 4.606273e+09, 1.090153e+09, -5.181595e+09, 0.000000e+00, 0.000000e+00, 1.661312e+08, 6.599098e+07, -1.137050e+08, -1.563233e+08;
  -2.149583e+09, 5.002677e+08, 4.606273e+09, -9.465221e+09, 7.694990e+09, -2.639692e+08, 0.000000e+00, 0.000000e+00, 9.827331e+06, 3.903634e+06, -6.726112e+06, -9.247155e+06;
  5.864165e+09, -5.444231e+09, 1.090153e+09, 7.694990e+09, -1.295767e+10, 9.132049e+09, 0.000000e+00, 0.000000e+00, -2.854566e+08, -1.133897e+08, 1.953748e+08, 2.686041e+08;
  -3.772688e+09, 4.982334e+09, -5.181595e+09, -2.639692e+08, 9.132049e+09, -1.375280e+10, 0.000000e+00, 0.000000e+00, -2.430250e+08, -9.653490e+07, 1.663334e+08, 2.286775e+08;
  0.000000e+00, 0.000000e+00, 0.000000e+00, 0.000000e+00, 0.000000e+00, 0.000000e+00, 0.000000e+00, 0.000000e+00, 0.000000e+00, 0.000000e+00, 0.000000e+00, 0.000000e+00;
  0.000000e+00, 0.000000e+00, 0.000000e+00, 0.000000e+00, 0.000000e+00, 0.000000e+00, 0.000000e+00, 0.000000e+00, 0.000000e+00, 0.000000e+00, 0.000000e+00, 0.000000e+00;
  0.000000e+00, 0.000000e+00, 0.000000e+00, 0.000000e+00, 0.000000e+00, 0.000000e+00, 0.000000e+00, 0.000000e+00, 4.120320e+07, 2.830632e+07, -3.263233e+07, -5.883035e+07;
  0.000000e+00, 0.000000e+00, 0.000000e+00, 0.000000e+00, 0.000000e+00, 0.000000e+00, 0.000000e+00, 0.000000e+00, 2.830632e+07, 4.285435e+06, -1.526201e+07, -1.675185e+07;
  0.000000e+00, 0.000000e+00, 0.000000e+00, 0.000000e+00, 0.000000e+00, 0.000000e+00, 0.000000e+00, 0.000000e+00, -3.263233e+07, -1.526201e+07, 2.016592e+07, 3.895474e+07;
  0.000000e+00, 0.000000e+00, 0.000000e+00, 0.000000e+00, 0.000000e+00, 0.000000e+00, 0.000000e+00, 0.000000e+00, -5.883035e+07, -1.675185e+07, 3.895474e+07, 4.118051e+07;
];
K(:,:,1,3) = [
  7.944203e+08, -4.859257e+09, 1.126489e+10, -8.606482e+09, -2.522132e+09, 8.707125e+09, 0.000000e+00, 0.000000e+00, 2.252849e+08, 8.948816e+07, -1.541916e+08, -2.119848e+08;
  -4.859257e+09, 7.699269e+09, -1.168920e+10, 8.675437e+09, 1.260858e+09, -8.389322e+09, 0.000000e+00, 0.000000e+00, -9.460550e+07, -3.757940e+07, 6.475076e+07, 8.902027e+07;
  1.126489e+10, -1.168920e+10, 1.060700e+10, -7.238195e+09, 2.659597e+09, 3.549535e+09, 0.000000e+00, 0.000000e+00, -4.196789e+08, -1.667057e+08, 2.872405e+08, 3.949023e+08;
  -8.606482e+09, 8.675437e+09, -7.238195e+09, 6.232001e+09, -8.166840e+09, 6.309889e+09, 0.000000e+00, 0.000000e+00, 7.108551e+07, 2.823674e+07, -4.865300e+07, -6.688883e+07;
  -2.522132e+09, 1.260858e+09, 2.659597e+09, -8.166840e+09, 1.293760e+10, -1.379260e+10, 0.000000e+00, 0.000000e+00, 8.378905e+08, 3.328287e+08, -5.734767e+08, -7.884239e+08;
  8.707125e+09, -8.389322e+09, 3.549535e+09, 6.309889e+09, -1.379260e+10, 1.656050e+10, 0.000000e+00, 0.000000e+00, 5.339784e+08, 2.121080e+08, -3.654704e+08, -5.024539e+08;
  0.000000e+00, 0.000000e+00, 0.000000e+00, 0.000000e+00, 0.000000e+00, 0.000000e+00, 0.000000e+00, 0.000000e+00, 0.000000e+00, 0.000000e+00, 0.000000e+00, 0.000000e+00;
  0.000000e+00, 0.000000e+00, 0.000000e+00, 0.000000e+00, 0.000000e+00, 0.000000e+00, 0.000000e+00, 0.000000e+00, 0.000000e+00, 0.000000e+00, 0.000000e+00, 0.000000e+00;
  0.000000e+00, 0.000000e+00, 0.000000e+00, 0.000000e+00, 0.000000e+00, 0.000000e+00, 0.000000e+00, 0.000000e+00, -6.526699e+08, -2.713394e+08, 4.573922e+08, 6.272322e+08;
  0.000000e+00, 0.000000e+00, 0.000000e+00, 0.000000e+00, 0.000000e+00, 0.000000e+00, 0.000000e+00, 0.000000e+00, -2.713394e+08, -9.763884e+07, 1.779464e+08, 2.441326e+08;
  0.000000e+00, 0.000000e+00, 0.000000e+00, 0.000000e+00, 0.000000e+00, 0.000000e+00, 0.000000e+00, 0.000000e+00, 4.573922e+08, 1.779464e+08, -3.108984e+08, -4.277406e+08;
  0.000000e+00, 0.000000e+00, 0.000000e+00, 0.000000e+00, 0.000000e+00, 0.000000e+00, 0.000000e+00, 0.000000e+00, 6.272322e+08, 2.441326e+08, -4.277406e+08, -5.797074e+08;
];
K(:,:,1,4) = [
  4.716651e+09, -2.149344e+09, -8.606975e+09, 2.051165e+10, -1.490597e+10, -4.151074e+09, 0.000000e+00, 0.000000e+00, 2.197907e+08, 8.730572e+07, -1.504311e+08, -2.068149e+08;
  -2.149344e+09, -9.191631e+08, 1.065928e+10, -2.008368e+10, 1.564384e+10, 9.559627e+08, 0.000000e+00, 0.000000e+00, -8.688650e+07, -3.451324e+07, 5.946766e+07, 8.175698e+07;
  -8.606975e+09, 1.065928e+10, -1.288989e+10, 1.255875e+10, -1.152441e+10, 6.512967e+09, 0.000000e+00, 0.000000e+00, -4.076417e+08, -1.619243e+08, 2.790018e+08, 3.835757e+08;
  2.051165e+10, -2.008368e+10, 1.255875e+10, -8.885269e+08, 1.480151e+09, -1.108755e+10, 0.000000e+00, 0.000000e+00, 4.554123e+07, 1.808998e+07, -3.116974e+07, -4.285261e+07;
  -1.490597e+10, 1.564384e+10, -1.152441e+10, 1.480151e+09, 7.386450e+08, 9.437025e+09, 0.000000e+00, 0.000000e+00, 7.901329e+08, 3.138583e+08, -5.407900e+08, -7.434858e+08;
  -4.151074e+09, 9.559627e+08, 6.512967e+09, -1.108755e+10, 9.437025e+09, -9.060298e+09, 0.000000e+00, 0.000000e+00, 5.524963e+08, 2.194638e+08, -3.781446e+08, -5.198786e+08;
  0.000000e+00, 0.000000e+00, 0.000000e+00, 0.000000e+00, 0.000000e+00, 0.000000e+00, 0.000000e+00, 0.000000e+00, 0.000000e+00, 0.000000e+00, 0.000000e+00, 0.000000e+00;
  0.000000e+00, 0.000000e+00, 0.000000e+00, 0.000000e+00, 0.000000e+00, 0.000000e+00, 0.000000e+00, 0.000000e+00, 0.000000e+00, 0.000000e+00, 0.000000e+00, 0.000000e+00;
  0.000000e+00, 0.000000e+00, 0.000000e+00, 0.000000e+00, 0.000000e+00, 0.000000e+00, 0.000000e+00, 0.000000e+00, -3.418617e+08, -1.313304e+08, 2.200458e+08, 3.314297e+08;
  0.000000e+00, 0.000000e+00, 0.000000e+00, 0.000000e+00, 0.000000e+00, 0.000000e+00, 0.000000e+00, 0.000000e+00, -1.313304e+08, -6.090797e+07, 1.000496e+08, 1.265279e+08;
  0.000000e+00, 0.000000e+00, 0.000000e+00, 0.000000e+00, 0.000000e+00, 0.000000e+00, 0.000000e+00, 0.000000e+00, 2.200458e+08, 1.000496e+08, -1.544259e+08, -2.264355e+08;
  0.000000e+00, 0.000000e+00, 0.000000e+00, 0.000000e+00, 0.000000e+00, 0.000000e+00, 0.000000e+00, 0.000000e+00, 3.314297e+08, 1.265279e+08, -2.264355e+08, -3.017417e+08;
];
K(:,:,1,5) = [
  -4.477462e+09, 5.864165e+09, -2.522133e+09, -1.490518e+10, 3.182417e+10, -2.194571e+10, 0.000000e+00, 0.000000e+00, -1.002240e+08, -3.981119e+07, 6.859623e+07, 9.430707e+07;
  5.864165e+09, -5.721611e+09, -5.849603e+08, 1.795843e+10, -3.249670e+10, 2.420793e+10, 0.000000e+00, 0.000000e+00, 4.794585e+07, 1.904515e+07, -3.281554e+07, -4.511527e+07;
  -2.522133e+09, -5.849603e+08, 9.278479e+09, -1.852058e+10, 2.287280e+10, -2.132610e+10, 0.000000e+00, 0.000000e+00, 1.859972e+08, 7.388221e+07, -1.273019e+08, -1.750165e+08;
  -1.490518e+10, 1.795843e+10, -1.852058e+10, 8.427550e+09, 3.881345e+08, 7.174601e+09, 0.000000e+00, 0.000000e+00, -6.381643e+07, -2.534930e+07, 4.367782e+07, 6.004889e+07;
  3.182417e+10, -3.249670e+10, 2.287280e+10, 3.881345e+08, -1.477905e+10, 5.630699e+09, 0.000000e+00, 0.000000e+00, -4.013062e+08, -1.594077e+08, 2.746656e+08, 3.776142e+08;
  -2.194571e+10, 2.420793e+10, -2.132610e+10, 7.174601e+09, 5.630699e+09, -6.155312e+09, 0.000000e+00, 0.000000e+00, -1.813705e+08, -7.204438e+07, 1.241353e+08, 1.706629e+08;
  0.000000e+00, 0.000000e+00, 0.000000e+00, 0.000000e+00, 0.000000e+00, 0.000000e+00, 0.000000e+00, 0.000000e+00, 0.000000e+00, 0.000000e+00, 0.000000e+00, 0.000000e+00;
  0.000000e+00, 0.000000e+00, 0.000000e+00, 0.000000e+00, 0.000000e+00, 0.000000e+00, 0.000000e+00, 0.000000e+00, 0.000000e+00, 0.000000e+00, 0.000000e+00, 0.000000e+00;
  0.000000e+00, 0.000000e+00, 0.000000e+00, 0.000000e+00, 0.000000e+00, 0.000000e+00, 0.000000e+00, 0.000000e+00, 7.030187e+08, 2.819139e+08, -4.729597e+08, -6.859963e+08;
  0.000000e+00, 0.000000e+00, 0.000000e+00, 0.000000e+00, 0.000000e+00, 0.000000e+00, 0.000000e+00, 0.000000e+00, 2.819139e+08, 1.150295e+08, -2.020412e+08, -2.553836e+08;
  0.000000e+00, 0.000000e+00, 0.000000e+00, 0.000000e+00, 0.000000e+00, 0.000000e+00, 0.000000e+00, 0.000000e+00, -4.729597e+08, -2.020412e+08, 3.326056e+08, 4.640312e+08;
  0.000000e+00, 0.000000e+00, 0.000000e+00, 0.000000e+00, 0.000000e+00, 0.000000e+00, 0.000000e+00, 0.000000e+00, -6.859963e+08, -2.553836e+08, 4.640312e+08, 6.150534e+08;
];
K(:,:,1,6) = [
  1.490908e+09, -3.772725e+09, 8.707169e+09, -4.151645e+09, -2.194581e+10, 4.618101e+10, 0.000000e+00, 0.000000e+00, -2.718632e+08, -1.079901e+08, 1.860711e+08, 2.558132e+08;
  -3.772725e+09, 5.989307e+09, -8.212230e+09, -9.914762e+08, 2.625690e+10, -4.669901e+10, 0.000000e+00, 0.000000e+00, 1.256273e+08, 4.990194e+07, -8.598297e+07, -1.182106e+08;
  8.707169e+09, -8.212230e+09, 1.166090e+09, 1.460604e+10, -2.845545e+10, 3.399771e+10, 0.000000e+00, 0.000000e+00, 5.125125e+08, 2.035813e+08, -3.507785e+08, -4.822553e+08;
  -4.151645e+09, -9.914762e+08, 1.460604e+10, -2.406512e+10, 1.641548e+10, -5.558568e+09, 0.000000e+00, 0.000000e+00, -1.323322e+08, -5.256526e+07, 9.057199e+07, 1.245197e+08;
  -2.194581e+10, 2.625690e+10, -2.845545e+10, 1.641548e+10, 3.689488e+09, -1.439001e+10, 0.000000e+00, 0.000000e+00, -1.075626e+09, -4.272624e+08, 7.361896e+08, 1.012124e+09;
  4.618101e+10, -4.669901e+10, 3.399771e+10, -5.558568e+09, -1.439001e+10, 1.647872e+10, 0.000000e+00, 0.000000e+00, -6.017963e+08, -2.390468e+08, 4.118869e+08, 5.662680e+08;
  0.000000e+00, 0.000000e+00, 0.000000e+00, 0.000000e+00, 0.000000e+00, 0.000000e+00, 0.000000e+00, 0.000000e+00, 0.000000e+00, 0.000000e+00, 0.000000e+00, 0.000000e+00;
  0.000000e+00, 0.000000e+00, 0.000000e+00, 0.000000e+00, 0.000000e+00, 0.000000e+00, 0.000000e+00, 0.000000e+00, 0.000000e+00, 0.000000e+00, 0.000000e+00, 0.000000e+00;
  0.000000e+00, 0.000000e+00, 0.000000e+00, 0.000000e+00, 0.000000e+00, 0.000000e+00, 0.000000e+00, 0.000000e+00, 9.284475e+08, 3.664814e+08, -6.350814e+08, -8.590183e+08;
  0.000000e+00, 0.000000e+00, 0.000000e+00, 0.000000e+00, 0.000000e+00, 0.000000e+00, 0.000000e+00, 0.000000e+00, 3.664814e+08, 1.466830e+08, -2.462684e+08, -3.590959e+08;
  0.000000e+00, 0.000000e+00, 0.000000e+00, 0.000000e+00, 0.000000e+00, 0.000000e+00, 0.000000e+00, 0.000000e+00, -6.350814e+08, -2.462684e+08, 4.226686e+08, 6.000769e+08;
  0.000000e+00, 0.000000e+00, 0.000000e+00, 0.000000e+00, 0.000000e+00, 0.000000e+00, 0.000000e+00, 0.000000e+00, -8.590183e+08, -3.590959e+08, 6.000769e+08, 8.321746e+08;
];
K(:,:,1,7) = [
  0.000000e+00, 0.000000e+00, 0.000000e+00, 0.000000e+00, 0.000000e+00, 0.000000e+00, 6.926316e+09, -3.370739e+09, 0.000000e+00, 0.000000e+00, 0.000000e+00, 0.000000e+00;
  0.000000e+00, 0.000000e+00, 0.000000e+00, 0.000000e+00, 0.000000e+00, 0.000000e+00, -3.370739e+09, 3.364100e+09, 0.000000e+00, 0.000000e+00, 0.000000e+00, 0.000000e+00;
  0.000000e+00, 0.000000e+00, 0.000000e+00, 0.000000e+00, 0.000000e+00, 0.000000e+00, -2.212656e+09, -1.775998e+09, 0.000000e+00, 0.000000e+00, 0.000000e+00, 0.000000e+00;
  0.000000e+00, 0.000000e+00, 0.000000e+00, 0.000000e+00, 0.000000e+00, 0.000000e+00, 9.913620e+08, -1.463924e+09, 0.000000e+00, 0.000000e+00, 0.000000e+00, 0.000000e+00;
  0.000000e+00, 0.000000e+00, 0.000000e+00, 0.000000e+00, 0.000000e+00, 0.000000e+00, 5.728503e+08, 2.578274e+09, 0.000000e+00, 0.000000e+00, 0.000000e+00, 0.000000e+00;
  0.000000e+00, 0.000000e+00, 0.000000e+00, 0.000000e+00, 0.000000e+00, 0.000000e+00, 4.459114e+09, -9.377858e+08, 0.000000e+00, 0.000000e+00, 0.000000e+00, 0.000000e+00;
  4.599650e+09, -3.532369e+09, 3.967875e+08, 2.357661e+09, -2.238046e+09, 7.454958e+08, 0.000000e+00, 0.000000e+00, -1.467055e+08, -5.827468e+07, 1.004095e+08, 1.380445e+08;
  -3.532369e+09, 3.272736e+09, -1.449488e+09, -1.360673e+09, 2.291546e+09, -1.279052e+09, 0.000000e+00, 0.000000e+00, 5.226387e+07, 2.076037e+07, -3.577092e+07, -4.917837e+07;
  0.000000e+00, 0.000000e+00, 0.000000e+00, 0.000000e+00, 0.000000e+00, 0.000000e+00, 0.000000e+00, 0.000000e+00, 0.000000e+00, 0.000000e+00, 0.000000e+00, 0.000000e+00;
  0.000000e+00, 0.000000e+00, 0.000000e+00, 0.000000e+00, 0.000000e+00, 0.000000e+00, 0.000000e+00, 0.000000e+00, 0.000000e+00, 0.000000e+00, 0.000000e+00, 0.000000e+00;
  0.000000e+00, 0.000000e+00, 0.000000e+00, 0.000000e+00, 0.000000e+00, 0.000000e+00, 0.000000e+00, 0.000000e+00, 0.000000e+00, 0.000000e+00, 0.000000e+00, 0.000000e+00;
  0.000000e+00, 0.000000e+00, 0.000000e+00, 0.000000e+00, 0.000000e+00, 0.000000e+00, 0.000000e+00, 0.000000e+00, 0.000000e+00, 0.000000e+00, 0.000000e+00, 0.000000e+00;
];
K(:,:,1,8) = [
  0.000000e+00, 0.000000e+00, 0.000000e+00, 0.000000e+00, 0.000000e+00, 0.000000e+00, -3.370738e+09, 4.359907e+09, 0.000000e+00, 0.000000e+00, 0.000000e+00, 0.000000e+00;
  0.000000e+00, 0.000000e+00, 0.000000e+00, 0.000000e+00, 0.000000e+00, 0.000000e+00, 3.364099e+09, -4.157405e+09, 0.000000e+00, 0.000000e+00, 0.000000e+00, 0.000000e+00;
  0.000000e+00, 0.000000e+00, 0.000000e+00, 0.000000e+00, 0.000000e+00, 0.000000e+00, -1.775996e+09, 2.324761e+09, 0.000000e+00, 0.000000e+00, 0.000000e+00, 0.000000e+00;
  0.000000e+00, 0.000000e+00, 0.000000e+00, 0.000000e+00, 0.000000e+00, 0.000000e+00, -1.463926e+09, 8.551083e+08, 0.000000e+00, 0.000000e+00, 0.000000e+00, 0.000000e+00;
  0.000000e+00, 0.000000e+00, 0.000000e+00, 0.000000e+00, 0.000000e+00, 0.000000e+00, 2.578276e+09, -2.536222e+09, 0.000000e+00, 0.000000e+00, 0.000000e+00, 0.000000e+00;
  0.000000e+00, 0.000000e+00, 0.000000e+00, 0.000000e+00, 0.000000e+00, 0.000000e+00, -9.377876e+08, 2.037920e+09, 0.000000e+00, 0.000000e+00, 0.000000e+00, 0.000000e+00;
  -3.532369e+09, 3.272736e+09, -1.449488e+09, -1.360673e+09, 2.291546e+09, -1.279052e+09, 0.000000e+00, 0.000000e+00, -8.038239e+07, -3.192967e+07, 5.501605e+07, 7.563685e+07;
  4.268544e+09, -4.062025e+09, 2.221480e+09, 9.616031e+08, -2.583488e+09, 1.987086e+09, 0.000000e+00, 0.000000e+00, 2.263953e+07, 8.992921e+06, -1.549515e+07, -2.130295e+07;
  0.000000e+00, 0.000000e+00, 0.000000e+00, 0.000000e+00, 0.000000e+00, 0.000000e+00, 0.000000e+00, 0.000000e+00, 0.000000e+00, 0.000000e+00, 0.000000e+00, 0.000000e+00;
  0.000000e+00, 0.000000e+00, 0.000000e+00, 0.000000e+00, 0.000000e+00, 0.000000e+00, 0.000000e+00, 0.000000e+00, 0.000000e+00, 0.000000e+00, 0.000000e+00, 0.000000e+00;
  0.000000e+00, 0.000000e+00, 0.000000e+00, 0.000000e+00, 0.000000e+00, 0.000000e+00, 0.000000e+00, 0.000000e+00, 0.000000e+00, 0.000000e+00, 0.000000e+00, 0.000000e+00;
  0.000000e+00, 0.000000e+00, 0.000000e+00, 0.000000e+00, 0.000000e+00, 0.000000e+00, 0.000000e+00, 0.000000e+00, 0.000000e+00, 0.000000e+00, 0.000000e+00, 0.000000e+00;
];
K(:,:,1,9) = [
  7.335276e+07, 7.029630e+06, -8.533146e+07, -4.455839e+07, 9.153737e+07, 1.200703e+08, 0.000000e+00, 0.000000e+00, 0.000000e+00, 0.000000e+00, 0.000000e+00, 0.000000e+00;
  7.335276e+07, 7.029630e+06, -8.533146e+07, -4.455839e+07, 9.153737e+07, 1.200703e+08, 0.000000e+00, 0.000000e+00, 0.000000e+00, 0.000000e+00, 0.000000e+00, 0.000000e+00;
  9.387777e+06, 8.996607e+05, -1.092082e+07, -5.702638e+06, 1.171507e+07, 1.536675e+07, 0.000000e+00, 0.000000e+00, 0.000000e+00, 0.000000e+00, 0.000000e+00, 0.000000e+00;
  -1.497843e+08, -1.435431e+07, 1.742445e+08, 9.098702e+07, -1.869168e+08, -2.451803e+08, 0.000000e+00, 0.000000e+00, 0.000000e+00, 0.000000e+00, 0.000000e+00, 0.000000e+00;
  -2.195387e+08, -2.103909e+07, 2.553899e+08, 1.333595e+08, -2.739637e+08, -3.593604e+08, 0.000000e+00, 0.000000e+00, 0.000000e+00, 0.000000e+00, 0.000000e+00, 0.000000e+00;
  1.323097e+05, 1.267966e+04, -1.539162e+05, -8.037197e+04, 1.651101e+05, 2.165762e+05, 0.000000e+00, 0.000000e+00, 0.000000e+00, 0.000000e+00, 0.000000e+00, 0.000000e+00;
  0.000000e+00, 0.000000e+00, 0.000000e+00, 0.000000e+00, 0.000000e+00, 0.000000e+00, 0.000000e+00, 0.000000e+00, 0.000000e+00, 0.000000e+00, 0.000000e+00, 0.000000e+00;
  0.000000e+00, 0.000000e+00, 0.000000e+00, 0.000000e+00, 0.000000e+00, 0.000000e+00, 0.000000e+00, 0.000000e+00, 0.000000e+00, 0.000000e+00, 0.000000e+00, 0.000000e+00;
  0.000000e+00, 0.000000e+00, 0.000000e+00, 0.000000e+00, 0.000000e+00, 0.000000e+00, 0.000000e+00, 0.000000e+00, -5.501457e+07, -2.185301e+07, 3.765358e+07, 5.176667e+07;
  0.000000e+00, 0.000000e+00, 0.000000e+00, 0.000000e+00, 0.000000e+00, 0.000000e+00, 0.000000e+00, 0.000000e+00, -2.185301e+07, -8.680498e+06, 1.495683e+07, 2.056287e+07;
  0.000000e+00, 0.000000e+00, 0.000000e+00, 0.000000e+00, 0.000000e+00, 0.000000e+00, 0.000000e+00, 0.000000e+00, 3.765358e+07, 1.495683e+07, -2.577120e+07, -3.543062e+07;
  0.000000e+00, 0.000000e+00, 0.000000e+00, 0.000000e+00, 0.000000e+00, 0.000000e+00, 0.000000e+00, 0.000000e+00, 5.176667e+07, 2.056287e+07, -3.543062e+07, -4.871052e+07;
];
K(:,:,1,10) = [
  2.913734e+07, 2.792325e+06, -3.389554e+07, -1.769958e+07, 3.636067e+07, 4.769459e+07, 0.000000e+00, 0.000000e+00, 0.000000e+00, 0.000000e+00, 0.000000e+00, 0.000000e+00;
  2.913734e+07, 2.792325e+06, -3.389554e+07, -1.769958e+07, 3.636067e+07, 4.769459e+07, 0.000000e+00, 0.000000e+00, 0.000000e+00, 0.000000e+00, 0.000000e+00, 0.000000e+00;
  3.729033e+06, 3.573652e+05, -4.337993e+06, -2.265214e+06, 4.653483e+06, 6.104012e+06, 0.000000e+00, 0.000000e+00, 0.000000e+00, 0.000000e+00, 0.000000e+00, 0.000000e+00;
  -5.949765e+07, -5.701850e+06, 6.921377e+07, 3.614206e+07, -7.424749e+07, -9.739104e+07, 0.000000e+00, 0.000000e+00, 0.000000e+00, 0.000000e+00, 0.000000e+00, 0.000000e+00;
  -8.720562e+07, -8.357194e+06, 1.014465e+08, 5.297336e+07, -1.088244e+08, -1.427459e+08, 0.000000e+00, 0.000000e+00, 0.000000e+00, 0.000000e+00, 0.000000e+00, 0.000000e+00;
  5.255633e+04, 5.036641e+03, -6.113891e+04, -3.192553e+04, 6.558537e+04, 8.602887e+04, 0.000000e+00, 0.000000e+00, 0.000000e+00, 0.000000e+00, 0.000000e+00, 0.000000e+00;
  0.000000e+00, 0.000000e+00, 0.000000e+00, 0.000000e+00, 0.000000e+00, 0.000000e+00, 0.000000e+00, 0.000000e+00, 0.000000e+00, 0.000000e+00, 0.000000e+00, 0.000000e+00;
  0.000000e+00, 0.000000e+00, 0.000000e+00, 0.000000e+00, 0.000000e+00, 0.000000e+00, 0.000000e+00, 0.000000e+00, 0.000000e+00, 0.000000e+00, 0.000000e+00, 0.000000e+00;
  0.000000e+00, 0.000000e+00, 0.000000e+00, 0.000000e+00, 0.000000e+00, 0.000000e+00, 0.000000e+00, 0.000000e+00, -2.185301e+07, -8.680498e+06, 1.495683e+07, 2.056287e+07;
  0.000000e+00, 0.000000e+00, 0.000000e+00, 0.000000e+00, 0.000000e+00, 0.000000e+00, 0.000000e+00, 0.000000e+00, -8.680498e+06, -3.448086e+06, 5.941186e+06, 8.168027e+06;
  0.000000e+00, 0.000000e+00, 0.000000e+00, 0.000000e+00, 0.000000e+00, 0.000000e+00, 0.000000e+00, 0.000000e+00, 1.495683e+07, 5.941186e+06, -1.023689e+07, -1.407383e+07;
  0.000000e+00, 0.000000e+00, 0.000000e+00, 0.000000e+00, 0.000000e+00, 0.000000e+00, 0.000000e+00, 0.000000e+00, 2.056287e+07, 8.168027e+06, -1.407383e+07, -1.934890e+07;
];
K(:,:,1,11) = [
  -5.020477e+07, -4.811284e+06, 5.840334e+07, 3.049706e+07, -6.265084e+07, -8.217963e+07, 0.000000e+00, 0.000000e+00, 0.000000e+00, 0.000000e+00, 0.000000e+00, 0.000000e+00;
  -5.020477e+07, -4.811284e+06, 5.840334e+07, 3.049706e+07, -6.265084e+07, -8.217963e+07, 0.000000e+00, 0.000000e+00, 0.000000e+00, 0.000000e+00, 0.000000e+00, 0.000000e+00;
  -6.425268e+06, -6.157540e+05, 7.474531e+06, 3.903052e+06, -8.018132e+06, -1.051745e+07, 0.000000e+00, 0.000000e+00, 0.000000e+00, 0.000000e+00, 0.000000e+00, 0.000000e+00;
  1.025168e+08, 9.824510e+06, -1.192580e+08, -6.227417e+07, 1.279313e+08, 1.678085e+08, 0.000000e+00, 0.000000e+00, 0.000000e+00, 0.000000e+00, 0.000000e+00, 0.000000e+00;
  1.502587e+08, 1.439977e+07, -1.747963e+08, -9.127515e+07, 1.875087e+08, 2.459567e+08, 0.000000e+00, 0.000000e+00, 0.000000e+00, 0.000000e+00, 0.000000e+00, 0.000000e+00;
  -9.055659e+04, -8.678328e+03, 1.053447e+05, 5.500892e+04, -1.130061e+05, -1.482311e+05, 0.000000e+00, 0.000000e+00, 0.000000e+00, 0.000000e+00, 0.000000e+00, 0.000000e+00;
  0.000000e+00, 0.000000e+00, 0.000000e+00, 0.000000e+00, 0.000000e+00, 0.000000e+00, 0.000000e+00, 0.000000e+00, 0.000000e+00, 0.000000e+00, 0.000000e+00, 0.000000e+00;
  0.000000e+00, 0.000000e+00, 0.000000e+00, 0.000000e+00, 0.000000e+00, 0.000000e+00, 0.000000e+00, 0.000000e+00, 0.000000e+00, 0.000000e+00, 0.000000e+00, 0.000000e+00;
  0.000000e+00, 0.000000e+00, 0.000000e+00, 0.000000e+00, 0.000000e+00, 0.000000e+00, 0.000000e+00, 0.000000e+00, 3.765358e+07, 1.495683e+07, -2.577120e+07, -3.543062e+07;
  0.000000e+00, 0.000000e+00, 0.000000e+00, 0.000000e+00, 0.000000e+00, 0.000000e+00, 0.000000e+00, 0.000000e+00, 1.495683e+07, 5.941186e+06, -1.023689e+07, -1.407383e+07;
  0.000000e+00, 0.000000e+00, 0.000000e+00, 0.000000e+00, 0.000000e+00, 0.000000e+00, 0.000000e+00, 0.000000e+00, -2.577120e+07, -1.023689e+07, 1.763856e+07, 2.424975e+07;
  0.000000e+00, 0.000000e+00, 0.000000e+00, 0.000000e+00, 0.000000e+00, 0.000000e+00, 0.000000e+00, 0.000000e+00, -3.543062e+07, -1.407383e+07, 2.424975e+07, 3.333890e+07;
];
K(:,:,1,12) = [
  -6.902223e+07, -6.614622e+06, 8.029374e+07, 4.192780e+07, -8.613327e+07, -1.129817e+08, 0.000000e+00, 0.000000e+00, 0.000000e+00, 0.000000e+00, 0.000000e+00, 0.000000e+00;
  -6.902223e+07, -6.614622e+06, 8.029374e+07, 4.192780e+07, -8.613327e+07, -1.129817e+08, 0.000000e+00, 0.000000e+00, 0.000000e+00, 0.000000e+00, 0.000000e+00, 0.000000e+00;
  -8.833550e+06, -8.465474e+05, 1.027609e+07, 5.365971e+06, -1.102344e+07, -1.445954e+07, 0.000000e+00, 0.000000e+00, 0.000000e+00, 0.000000e+00, 0.000000e+00, 0.000000e+00;
  1.409415e+08, 1.350688e+07, -1.639576e+08, -8.561541e+07, 1.758818e+08, 2.307056e+08, 0.000000e+00, 0.000000e+00, 0.000000e+00, 0.000000e+00, 0.000000e+00, 0.000000e+00;
  2.065777e+08, 1.979701e+07, -2.403124e+08, -1.254864e+08, 2.577897e+08, 3.381448e+08, 0.000000e+00, 0.000000e+00, 0.000000e+00, 0.000000e+00, 0.000000e+00, 0.000000e+00;
  -1.244985e+05, -1.193109e+04, 1.448294e+05, 7.562705e+04, -1.553624e+05, -2.037902e+05, 0.000000e+00, 0.000000e+00, 0.000000e+00, 0.000000e+00, 0.000000e+00, 0.000000e+00;
  0.000000e+00, 0.000000e+00, 0.000000e+00, 0.000000e+00, 0.000000e+00, 0.000000e+00, 0.000000e+00, 0.000000e+00, 0.000000e+00, 0.000000e+00, 0.000000e+00, 0.000000e+00;
  0.000000e+00, 0.000000e+00, 0.000000e+00, 0.000000e+00, 0.000000e+00, 0.000000e+00, 0.000000e+00, 0.000000e+00, 0.000000e+00, 0.000000e+00, 0.000000e+00, 0.000000e+00;
  0.000000e+00, 0.000000e+00, 0.000000e+00, 0.000000e+00, 0.000000e+00, 0.000000e+00, 0.000000e+00, 0.000000e+00, 5.176667e+07, 2.056287e+07, -3.543062e+07, -4.871052e+07;
  0.000000e+00, 0.000000e+00, 0.000000e+00, 0.000000e+00, 0.000000e+00, 0.000000e+00, 0.000000e+00, 0.000000e+00, 2.056287e+07, 8.168027e+06, -1.407383e+07, -1.934890e+07;
  0.000000e+00, 0.000000e+00, 0.000000e+00, 0.000000e+00, 0.000000e+00, 0.000000e+00, 0.000000e+00, 0.000000e+00, -3.543062e+07, -1.407383e+07, 2.424975e+07, 3.333890e+07;
  0.000000e+00, 0.000000e+00, 0.000000e+00, 0.000000e+00, 0.000000e+00, 0.000000e+00, 0.000000e+00, 0.000000e+00, -4.871052e+07, -1.934890e+07, 3.333890e+07, 4.583480e+07;
];
K(:,:,2,1) = [
  -7.067580e+09, 7.544758e+09, -4.859257e+09, -2.149583e+09, 5.864165e+09, -3.772688e+09, 0.000000e+00, 0.000000e+00, -9.444165e+07, -3.751431e+07, 6.463862e+07, 8.886610e+07;
  7.544758e+09, -8.128765e+09, 6.074103e+09, 5.002677e+08, -5.444231e+09, 4.982334e+09, 0.000000e+00, 0.000000e+00, 2.764814e+07, 1.098245e+07, -1.892319e+07, -2.601587e+07;
  -4.859257e+09, 6.074103e+09, -7.215072e+09, 4.606273e+09, 1.090153e+09, -5.181595e+09, 0.000000e+00, 0.000000e+00, 1.661312e+08, 6.599098e+07, -1.137050e+08, -1.563233e+08;
  -2.149583e+09, 5.002677e+08, 4.606273e+09, -9.465221e+09, 7.694990e+09, -2.639692e+08, 0.000000e+00, 0.000000e+00, 9.827331e+06, 3.903634e+06, -6.726112e+06, -9.247155e+06;
  5.864165e+09, -5.444231e+09, 1.090153e+09, 7.694990e+09, -1.295767e+10, 9.132049e+09, 0.000000e+00, 0.000000e+00, -2.854566e+08, -1.133897e+08, 1.953748e+08, 2.686041e+08;
  -3.772688e+09, 4.982334e+09, -5.181595e+09, -2.639692e+08, 9.132049e+09, -1.375280e+10, 0.000000e+00, 0.000000e+00, -2.430250e+08, -9.653490e+07, 1.663334e+08, 2.286775e+08;
  0.000000e+00, 0.000000e+00, 0.000000e+00, 0.000000e+00, 0.000000e+00, 0.000000e+00, 0.000000e+00, 0.000000e+00, 0.000000e+00, 0.000000e+00, 0.000000e+00, 0.000000e+00;
  0.000000e+00, 0.000000e+00, 0.000000e+00, 0.000000e+00, 0.000000e+00, 0.000000e+00, 0.000000e+00, 0.000000e+00, 0.000000e+00, 0.000000e+00, 0.000000e+00, 0.000000e+00;
  0.000000e+00, 0.000000e+00, 0.000000e+00, 0.000000e+00, 0.000000e+00, 0.000000e+00, 0.000000e+00, 0.000000e+00, 4.120320e+07, 2.830632e+07, -3.263233e+07, -5.883035e+07;
  0.000000e+00, 0.000000e+00, 0.000000e+00, 0.000000e+00, 0.000000e+00, 0.000000e+00, 0.000000e+00, 0.000000e+00, 2.830632e+07, 4.285435e+06, -1.526201e+07, -1.675185e+07;
  0.000000e+00, 0.000000e+00, 0.000000e+00, 0.000000e+00, 0.000000e+00, 0.000000e+00, 0.000000e+00, 0.000000e+00, -3.263233e+07, -1.526201e+07, 2.016592e+07, 3.895474e+07;
  0.000000e+00, 0.000000e+00, 0.000000e+00, 0.000000e+00, 0.000000e+00, 0.000000e+00, 0.000000e+00, 0.000000e+00, -5.883035e+07, -1.675185e+07, 3.895474e+07, 4.118051e+07;
];
K(:,:,2,2) = [
  6.549002e+09, -8.128771e+09, 7.699268e+09, -9.187750e+08, -5.721621e+09, 5.989251e+09, 0.000000e+00, 0.000000e+00, -1.540660e+07, -6.119844e+06, 1.054473e+07, 1.449704e+07;
  -8.128771e+09, 1.040633e+10, -1.066943e+10, 2.851054e+09, 5.916659e+09, -7.740507e+09, 0.000000e+00, 0.000000e+00, 4.339237e+06, 1.723641e+06, -2.969900e+06, -4.083061e+06;
  7.699268e+09, -1.066943e+10, 1.350247e+10, -8.509608e+09, -1.236693e+09, 7.660153e+09, 0.000000e+00, 0.000000e+00, 2.696722e+07, 1.071198e+07, -1.845715e+07, -2.537516e+07;
  -9.187750e+08, 2.851054e+09, -8.509608e+09, 1.362158e+10, -1.095325e+10, 1.247154e+09, 0.000000e+00, 0.000000e+00, 2.179462e+06, 8.657306e+05, -1.491687e+06, -2.050793e+06;
  -5.721621e+09, 5.916659e+09, -1.236693e+09, -1.095325e+10, 1.951031e+10, -1.497210e+10, 0.000000e+00, 0.000000e+00, -4.563588e+07, -1.812758e+07, 3.123453e+07, 4.294167e+07;
  5.989251e+09, -7.740507e+09, 7.660153e+09, 1.247154e+09, -1.497210e+10, 2.174429e+10, 0.000000e+00, 0.000000e+00, -3.996580e+07, -1.587530e+07, 2.735376e+07, 3.760633e+07;
  0.000000e+00, 0.000000e+00, 0.000000e+00, 0.000000e+00, 0.000000e+00, 0.000000e+00, 0.000000e+00, 0.000000e+00, 0.000000e+00, 0.000000e+00, 0.000000e+00, 0.000000e+00;
  0.000000e+00, 0.000000e+00, 0.000000e+00, 0.000000e+00, 0.000000e+00, 0.000000e+00, 0.000000e+00, 0.000000e+00, 0.000000e+00, 0.000000e+00, 0.000000e+00, 0.000000e+00;
  0.000000e+00, 0.000000e+00, 0.000000e+00, 0.000000e+00, 0.000000e+00, 0.000000e+00, 0.000000e+00, 0.000000e+00, 2.185769e+07, -7.724802e+06, -6.577082e+06, 4.287654e+06;
  0.000000e+00, 0.000000e+00, 0.000000e+00, 0.000000e+00, 0.000000e+00, 0.000000e+00, 0.000000e+00, 0.000000e+00, -7.724802e+06, 7.640302e+06, -1.718574e+06, -6.531030e+06;
  0.000000e+00, 0.000000e+00, 0.000000e+00, 0.000000e+00, 0.000000e+00, 0.000000e+00, 0.000000e+00, 0.000000e+00, -6.577082e+06, -1.718574e+06, 7.686354e+06, -1.155641e+06;
  0.000000e+00, 0.000000e+00, 0.000000e+00, 0.000000e+00, 0.000000e+00, 0.000000e+00, 0.000000e+00, 0.000000e+00, 4.287654e+06, -6.531030e+06, -1.155641e+06, 1.349572e+07;
];
K(:,:,2,3) = [
  -2.902319e+09, 6.074103e+09, -1.168920e+10, 1.065858e+10, -5.849606e+08, -8.212173e+09, 0.000000e+00, 0.000000e+00, 9.874365e+07, 3.922316e+07, -6.758303e+07, -9.291411e+07;
  6.074103e+09, -1.066943e+10, 1.755786e+10, -1.441324e+10, 8.849794e+08, 1.015956e+10, 0.000000e+00, 0.000000e+00, -2.957643e+07, -1.174841e+07, 2.024297e+07, 2.783033e+07;
  -1.168920e+10, 1.755786e+10, -2.504870e+10, 1.992820e+10, -4.698359e+09, -8.425001e+09, 0.000000e+00, 0.000000e+00, -1.743088e+08, -6.923931e+07, 1.193020e+08, 1.640181e+08;
  1.065858e+10, -1.441324e+10, 1.992820e+10, -2.016417e+10, 1.497880e+10, -5.540113e+09, 0.000000e+00, 0.000000e+00, -8.211600e+06, -3.261829e+06, 5.620258e+06, 7.726811e+06;
  -5.849606e+08, 8.849794e+08, -4.698359e+09, 1.497880e+10, -2.523500e+10, 2.443625e+10, 0.000000e+00, 0.000000e+00, 3.021913e+08, 1.200371e+08, -2.068285e+08, -2.843508e+08;
  -8.212173e+09, 1.015956e+10, -8.425001e+09, -5.540113e+09, 2.443625e+10, -3.384248e+10, 0.000000e+00, 0.000000e+00, 2.535991e+08, 1.007352e+08, -1.735706e+08, -2.386274e+08;
  0.000000e+00, 0.000000e+00, 0.000000e+00, 0.000000e+00, 0.000000e+00, 0.000000e+00, 0.000000e+00, 0.000000e+00, 0.000000e+00, 0.000000e+00, 0.000000e+00, 0.000000e+00;
  0.000000e+00, 0.000000e+00, 0.000000e+00, 0.000000e+00, 0.000000e+00, 0.000000e+00, 0.000000e+00, 0.000000e+00, 0.000000e+00, 0.000000e+00, 0.000000e+00, 0.000000e+00;
  0.000000e+00, 0.000000e+00, 0.000000e+00, 0.000000e+00, 0.000000e+00, 0.000000e+00, 0.000000e+00, 0.000000e+00, -8.067411e+07, -1.078857e+07, 3.822353e+07, 5.258283e+07;
  0.000000e+00, 0.000000e+00, 0.000000e+00, 0.000000e+00, 0.000000e+00, 0.000000e+00, 0.000000e+00, 0.000000e+00, -1.078857e+07, -2.122529e+07, 2.089713e+07, 2.755242e+07;
  0.000000e+00, 0.000000e+00, 0.000000e+00, 0.000000e+00, 0.000000e+00, 0.000000e+00, 0.000000e+00, 0.000000e+00, 3.822353e+07, 2.089713e+07, -3.189640e+07, -3.781076e+07;
  0.000000e+00, 0.000000e+00, 0.000000e+00, 0.000000e+00, 0.000000e+00, 0.000000e+00, 0.000000e+00, 0.000000e+00, 5.258283e+07, 2.755242e+07, -3.781076e+07, -6.419474e+07;
];
K(:,:,2,4) = [
  -2.720590e+09, 5.000176e+08, 8.675980e+09, -2.008351e+10, 1.795927e+10, -9.920509e+08, 0.000000e+00, 0.000000e+00, 6.135146e+07, 2.437016e+07, -4.199073e+07, -5.772945e+07;
  5.000176e+08, 2.851513e+09, -1.441415e+10, 2.703871e+10, -2.319457e+10, 2.473203e+09, 0.000000e+00, 0.000000e+00, -1.903657e+07, -7.561747e+06, 1.302918e+07, 1.791271e+07;
  8.675980e+09, -1.441415e+10, 2.639246e+10, -3.303350e+10, 2.583068e+10, -7.391856e+09, 0.000000e+00, 0.000000e+00, -1.090845e+08, -4.333080e+07, 7.466064e+07, 1.026445e+08;
  -2.008351e+10, 2.703871e+10, -3.303350e+10, 2.480265e+10, -1.596058e+10, 1.413016e+10, 0.000000e+00, 0.000000e+00, -3.480848e+06, -1.382670e+06, 2.382394e+06, 3.275349e+06;
  1.795927e+10, -2.319457e+10, 2.583068e+10, -1.596058e+10, 1.076177e+10, -2.000915e+10, 0.000000e+00, 0.000000e+00, 1.915894e+08, 7.610355e+07, -1.311294e+08, -1.802785e+08;
  -9.920509e+08, 2.473203e+09, -7.391856e+09, 1.413016e+10, -2.000915e+10, 2.658772e+10, 0.000000e+00, 0.000000e+00, 1.586505e+08, 6.301948e+07, -1.085850e+08, -1.492842e+08;
  0.000000e+00, 0.000000e+00, 0.000000e+00, 0.000000e+00, 0.000000e+00, 0.000000e+00, 0.000000e+00, 0.000000e+00, 0.000000e+00, 0.000000e+00, 0.000000e+00, 0.000000e+00;
  0.000000e+00, 0.000000e+00, 0.000000e+00, 0.000000e+00, 0.000000e+00, 0.000000e+00, 0.000000e+00, 0.000000e+00, 0.000000e+00, 0.000000e+00, 0.000000e+00, 0.000000e+00;
  0.000000e+00, 0.000000e+00, 0.000000e+00, 0.000000e+00, 0.000000e+00, 0.000000e+00, 0.000000e+00, 0.000000e+00, -2.606472e+07, -2.569676e+07, 4.005156e+07, 2.407702e+07;
  0.000000e+00, 0.000000e+00, 0.000000e+00, 0.000000e+00, 0.000000e+00, 0.000000e+00, 0.000000e+00, 0.000000e+00, -2.569676e+07, 6.993423e+06, -8.098717e+05, 1.548168e+07;
  0.000000e+00, 0.000000e+00, 0.000000e+00, 0.000000e+00, 0.000000e+00, 0.000000e+00, 0.000000e+00, 0.000000e+00, 4.005156e+07, -8.098717e+05, -1.757646e+07, -1.819260e+07;
  0.000000e+00, 0.000000e+00, 0.000000e+00, 0.000000e+00, 0.000000e+00, 0.000000e+00, 0.000000e+00, 0.000000e+00, 2.407702e+07, 1.548168e+07, -1.819260e+07, -3.135089e+07;
];
K(:,:,2,5) = [
  4.584607e+09, -5.444231e+09, 1.260859e+09, 1.564282e+10, -3.249670e+10, 2.625677e+10, 0.000000e+00, 0.000000e+00, -9.236984e+07, -3.669134e+07, 6.322061e+07, 8.691659e+07;
  -5.444231e+09, 5.916651e+09, 8.849789e+08, -2.319325e+10, 4.396603e+10, -3.584798e+10, 0.000000e+00, 0.000000e+00, 2.659653e+07, 1.056473e+07, -1.820344e+07, -2.502635e+07;
  1.260859e+09, 8.849789e+08, -1.191815e+10, 3.382494e+10, -5.108555e+10, 4.399024e+10, 0.000000e+00, 0.000000e+00, 1.616663e+08, 6.421743e+07, -1.106491e+08, -1.521220e+08;
  1.564282e+10, -2.319325e+10, 3.382494e+10, -3.195528e+10, 2.472720e+10, -2.621498e+10, 0.000000e+00, 0.000000e+00, 1.000087e+07, 3.972566e+06, -6.844886e+06, -9.410446e+06;
  -3.249670e+10, 4.396603e+10, -5.108555e+10, 2.472720e+10, 6.548480e+09, -1.232471e+09, 0.000000e+00, 0.000000e+00, -2.764897e+08, -1.098278e+08, 1.892376e+08, 2.601666e+08;
  2.625677e+10, -3.584798e+10, 4.399024e+10, -2.621498e+10, -1.232471e+09, 5.296036e+09, 0.000000e+00, 0.000000e+00, -2.345295e+08, -9.316029e+07, 1.605188e+08, 2.206835e+08;
  0.000000e+00, 0.000000e+00, 0.000000e+00, 0.000000e+00, 0.000000e+00, 0.000000e+00, 0.000000e+00, 0.000000e+00, 0.000000e+00, 0.000000e+00, 0.000000e+00, 0.000000e+00;
  0.000000e+00, 0.000000e+00, 0.000000e+00, 0.000000e+00, 0.000000e+00, 0.000000e+00, 0.000000e+00, 0.000000e+00, 0.000000e+00, 0.000000e+00, 0.000000e+00, 0.000000e+00;
  0.000000e+00, 0.000000e+00, 0.000000e+00, 0.000000e+00, 0.000000e+00, 0.000000e+00, 0.000000e+00, 0.000000e+00, 7.136104e+07, 3.158751e+07, -6.658176e+07, -4.007770e+07;
  0.000000e+00, 0.000000e+00, 0.000000e+00, 0.000000e+00, 0.000000e+00, 0.000000e+00, 0.000000e+00, 0.000000e+00, 3.158751e+07, 2.389640e+06, -4.245092e+06, -3.878185e+07;
  0.000000e+00, 0.000000e+00, 0.000000e+00, 0.000000e+00, 0.000000e+00, 0.000000e+00, 0.000000e+00, 0.000000e+00, -6.658176e+07, -4.245092e+06, 3.018955e+07, 3.773693e+07;
  0.000000e+00, 0.000000e+00, 0.000000e+00, 0.000000e+00, 0.000000e+00, 0.000000e+00, 0.000000e+00, 0.000000e+00, -4.007770e+07, -3.878185e+07, 3.773693e+07, 7.400171e+07;
];
K(:,:,2,6) = [
  -2.558834e+09, 4.982210e+09, -8.389052e+09, 9.561152e+08, 2.420898e+10, -4.670023e+10, 0.000000e+00, 0.000000e+00, -1.346171e+08, -5.347290e+07, 9.213588e+07, 1.266697e+08;
  4.982210e+09, -7.740306e+09, 1.015911e+10, 2.473198e+09, -3.584958e+10, 6.346785e+10, 0.000000e+00, 0.000000e+00, 4.089911e+07, 1.624603e+07, -2.799254e+07, -3.848454e+07;
  -8.389052e+09, 1.015911e+10, -6.511336e+09, -1.588060e+10, 5.237764e+10, -7.660953e+10, 0.000000e+00, 0.000000e+00, 2.377939e+08, 9.445700e+07, -1.627531e+08, -2.237552e+08;
  9.561152e+08, 2.473198e+09, -1.588060e+10, 3.508132e+10, -4.450092e+10, 4.390801e+10, 0.000000e+00, 0.000000e+00, 8.458464e+06, 3.359889e+06, -5.789219e+06, -7.959101e+06;
  2.420898e+10, -3.584958e+10, 5.237764e+10, -4.450092e+10, 1.274953e+10, 8.160175e+09, 0.000000e+00, 0.000000e+00, -4.153082e+08, -1.649696e+08, 2.842491e+08, 3.907897e+08;
  -4.670023e+10, 6.346785e+10, -7.660953e+10, 4.390801e+10, 8.160175e+09, -3.071622e+10, 0.000000e+00, 0.000000e+00, -3.425071e+08, -1.360514e+08, 2.344218e+08, 3.222865e+08;
  0.000000e+00, 0.000000e+00, 0.000000e+00, 0.000000e+00, 0.000000e+00, 0.000000e+00, 0.000000e+00, 0.000000e+00, 0.000000e+00, 0.000000e+00, 0.000000e+00, 0.000000e+00;
  0.000000e+00, 0.000000e+00, 0.000000e+00, 0.000000e+00, 0.000000e+00, 0.000000e+00, 0.000000e+00, 0.000000e+00, 0.000000e+00, 0.000000e+00, 0.000000e+00, 0.000000e+00;
  0.000000e+00, 0.000000e+00, 0.000000e+00, 0.000000e+00, 0.000000e+00, 0.000000e+00, 0.000000e+00, 0.000000e+00, 8.549794e+07, 3.678468e+07, -5.186344e+07, -1.091329e+08;
  0.000000e+00, 0.000000e+00, 0.000000e+00, 0.000000e+00, 0.000000e+00, 0.000000e+00, 0.000000e+00, 0.000000e+00, 3.678468e+07, 1.681725e+07, -3.617412e+07, -1.465951e+07;
  0.000000e+00, 0.000000e+00, 0.000000e+00, 0.000000e+00, 0.000000e+00, 0.000000e+00, 0.000000e+00, 0.000000e+00, -5.186344e+07, -3.617412e+07, 5.402117e+07, 5.477122e+07;
  0.000000e+00, 0.000000e+00, 0.000000e+00, 0.000000e+00, 0.000000e+00, 0.000000e+00, 0.000000e+00, 0.000000e+00, -1.091329e+08, -1.465951e+07, 5.477122e+07, 6.621449e+07;
];
K(:,:,2,7) = [
  0.000000e+00, 0.000000e+00, 0.000000e+00, 0.000000e+00, 0.000000e+00, 0.000000e+00, -3.370585e+09, 3.363915e+09, 0.000000e+00, 0.000000e+00, 0.000000e+00, 0.000000e+00;
  0.000000e+00, 0.000000e+00, 0.000000e+00, 0.000000e+00, 0.000000e+00, 0.000000e+00, 4.359682e+09, -4.157133e+09, 0.000000e+00, 0.000000e+00, 0.000000e+00, 0.000000e+00;
  0.000000e+00, 0.000000e+00, 0.000000e+00, 0.000000e+00, 0.000000e+00, 0.000000e+00, -3.732731e+09, 3.949618e+09, 0.000000e+00, 0.000000e+00, 0.000000e+00, 0.000000e+00;
  0.000000e+00, 0.000000e+00, 0.000000e+00, 0.000000e+00, 0.000000e+00, 0.000000e+00, -8.929574e+08, -5.636884e+08, 0.000000e+00, 0.000000e+00, 0.000000e+00, 0.000000e+00;
  0.000000e+00, 0.000000e+00, 0.000000e+00, 0.000000e+00, 0.000000e+00, 0.000000e+00, 3.857949e+09, -2.813771e+09, 0.000000e+00, 0.000000e+00, 0.000000e+00, 0.000000e+00;
  0.000000e+00, 0.000000e+00, 0.000000e+00, 0.000000e+00, 0.000000e+00, 0.000000e+00, -2.151628e+09, 3.044927e+09, 0.000000e+00, 0.000000e+00, 0.000000e+00, 0.000000e+00;
  -3.532217e+09, 4.268319e+09, -3.406224e+09, -7.897040e+08, 3.571219e+09, -2.492892e+09, 0.000000e+00, 0.000000e+00, -1.405926e+07, -5.584649e+06, 9.622568e+06, 1.322924e+07;
  3.272552e+09, -4.061753e+09, 3.846338e+09, -4.571937e+08, -2.861037e+09, 2.994092e+09, 0.000000e+00, 0.000000e+00, 5.008614e+06, 1.989532e+06, -3.428042e+06, -4.712920e+06;
  0.000000e+00, 0.000000e+00, 0.000000e+00, 0.000000e+00, 0.000000e+00, 0.000000e+00, 0.000000e+00, 0.000000e+00, 0.000000e+00, 0.000000e+00, 0.000000e+00, 0.000000e+00;
  0.000000e+00, 0.000000e+00, 0.000000e+00, 0.000000e+00, 0.000000e+00, 0.000000e+00, 0.000000e+00, 0.000000e+00, 0.000000e+00, 0.000000e+00, 0.000000e+00, 0.000000e+00;
  0.000000e+00, 0.000000e+00, 0.000000e+00, 0.000000e+00, 0.000000e+00, 0.000000e+00, 0.000000e+00, 0.000000e+00, 0.000000e+00, 0.000000e+00, 0.000000e+00, 0.000000e+00;
  0.000000e+00, 0.000000e+00, 0.000000e+00, 0.000000e+00, 0.000000e+00, 0.000000e+00, 0.000000e+00, 0.000000e+00, 0.000000e+00, 0.000000e+00, 0.000000e+00, 0.000000e+00;
];
K(:,:,2,8) = [
  0.000000e+00, 0.000000e+00, 0.000000e+00, 0.000000e+00, 0.000000e+00, 0.000000e+00, 3.363915e+09, -4.157133e+09, 0.000000e+00, 0.000000e+00, 0.000000e+00, 0.000000e+00;
