function K = fuel(p)
% Auto-generated constant matrix
K = zeros(12,12,12,12);
K(:,:,1,1) = [
  1.920373e+10, -1.600120e+10, 4.231370e+09, 8.652360e+09, -1.046945e+10, 5.823986e+09, 0.000000e+00, 0.000000e+00, 1.430511e-06, -1.192093e-06, 3.576279e-07, 4.768372e-07;
  -1.600120e+10, 1.515869e+10, -7.861512e+09, -4.531117e+09, 1.058737e+10, -8.700086e+09, 0.000000e+00, 0.000000e+00, -4.768372e-06, 3.814697e-06, -1.341105e-06, -7.152557e-07;
  4.231370e+09, -7.861512e+09, 1.223146e+10, -7.201255e+09, -4.696348e+09, 1.168537e+10, 0.000000e+00, 0.000000e+00, 1.239777e-05, -9.775162e-06, 4.649162e-06, 1.192093e-07;
  8.652360e+09, -4.531117e+09, -7.201255e+09, 1.599573e+10, -9.435101e+09, -5.094537e+09, 0.000000e+00, 0.000000e+00, -1.835823e-05, 1.645088e-05, -1.096725e-05, 3.337860e-06;
  -1.046945e+10, 1.058737e+10, -4.696348e+09, -9.435101e+09, 1.762948e+10, -9.846230e+09, 0.000000e+00, 0.000000e+00, 1.949072e-05, -1.978874e-05, 1.716614e-05, -8.106232e-06;
  5.823986e+09, -8.700086e+09, 1.168537e+10, -5.094537e+09, -9.846230e+09, 1.848288e+10, 0.000000e+00, 0.000000e+00, -1.752377e-05, 1.758337e-05, -1.633167e-05, 1.001358e-05;
  0.000000e+00, 0.000000e+00, 0.000000e+00, 0.000000e+00, 0.000000e+00, 0.000000e+00, 0.000000e+00, 0.000000e+00, 0.000000e+00, 0.000000e+00, 0.000000e+00, 0.000000e+00;
  0.000000e+00, 0.000000e+00, 0.000000e+00, 0.000000e+00, 0.000000e+00, 0.000000e+00, 0.000000e+00, 0.000000e+00, 0.000000e+00, 0.000000e+00, 0.000000e+00, 0.000000e+00;
  0.000000e+00, 0.000000e+00, 0.000000e+00, 0.000000e+00, 0.000000e+00, 0.000000e+00, 0.000000e+00, 0.000000e+00, 1.862645e-09, 0.000000e+00, -1.862645e-09, 9.313226e-10;
  0.000000e+00, 0.000000e+00, 0.000000e+00, 0.000000e+00, 0.000000e+00, 0.000000e+00, 0.000000e+00, 0.000000e+00, 0.000000e+00, 0.000000e+00, -1.164153e-10, -4.656613e-10;
  0.000000e+00, 0.000000e+00, 0.000000e+00, 0.000000e+00, 0.000000e+00, 0.000000e+00, 0.000000e+00, 0.000000e+00, -1.862645e-09, -1.164153e-10, 0.000000e+00, -4.656613e-10;
  0.000000e+00, 0.000000e+00, 0.000000e+00, 0.000000e+00, 0.000000e+00, 0.000000e+00, 0.000000e+00, 0.000000e+00, 9.313226e-10, -4.656613e-10, -4.656613e-10, -9.313226e-10;
];
K(:,:,1,2) = [
  -1.600120e+10, 1.737085e+10, -1.247660e+10, -2.631120e+09, 1.312406e+10, -1.199461e+10, 0.000000e+00, 0.000000e+00, -1.788139e-06, 1.281500e-06, -4.470348e-07, -1.788139e-07;
  1.737085e+10, -1.921260e+10, 1.547324e+10, -4.481648e+08, -1.285052e+10, 1.528696e+10, 0.000000e+00, 0.000000e+00, 5.185604e-06, -4.053116e-06, 1.803041e-06, 2.682209e-07;
  -1.247660e+10, 1.547324e+10, -1.752112e+10, 9.685785e+09, 5.138954e+09, -1.667078e+10, 0.000000e+00, 0.000000e+00, -1.430511e-05, 1.209974e-05, -6.705523e-06, 4.917383e-07;
  -2.631120e+09, -4.481648e+08, 9.685785e+09, -1.755289e+10, 1.181076e+10, 5.155997e+09, 0.000000e+00, 0.000000e+00, 2.503395e-05, -2.229214e-05, 1.442432e-05, -3.874302e-06;
  1.312406e+10, -1.285052e+10, 5.138954e+09, 1.181076e+10, -2.197547e+10, 1.403298e+10, 0.000000e+00, 0.000000e+00, -3.004074e-05, 2.813339e-05, -2.181530e-05, 9.536743e-06;
  -1.199461e+10, 1.528696e+10, -1.667078e+10, 5.155997e+09, 1.403298e+10, -2.453957e+10, 0.000000e+00, 0.000000e+00, 2.765656e-05, -2.634525e-05, 2.169609e-05, -1.263618e-05;
  0.000000e+00, 0.000000e+00, 0.000000e+00, 0.000000e+00, 0.000000e+00, 0.000000e+00, 0.000000e+00, 0.000000e+00, 0.000000e+00, 0.000000e+00, 0.000000e+00, 0.000000e+00;
  0.000000e+00, 0.000000e+00, 0.000000e+00, 0.000000e+00, 0.000000e+00, 0.000000e+00, 0.000000e+00, 0.000000e+00, 0.000000e+00, 0.000000e+00, 0.000000e+00, 0.000000e+00;
  0.000000e+00, 0.000000e+00, 0.000000e+00, 0.000000e+00, 0.000000e+00, 0.000000e+00, 0.000000e+00, 0.000000e+00, -1.862645e-09, 9.313226e-10, 0.000000e+00, 0.000000e+00;
  0.000000e+00, 0.000000e+00, 0.000000e+00, 0.000000e+00, 0.000000e+00, 0.000000e+00, 0.000000e+00, 0.000000e+00, 9.313226e-10, -9.313226e-10, 5.820766e-10, 4.656613e-10;
  0.000000e+00, 0.000000e+00, 0.000000e+00, 0.000000e+00, 0.000000e+00, 0.000000e+00, 0.000000e+00, 0.000000e+00, 0.000000e+00, 5.820766e-10, 0.000000e+00, 0.000000e+00;
  0.000000e+00, 0.000000e+00, 0.000000e+00, 0.000000e+00, 0.000000e+00, 0.000000e+00, 0.000000e+00, 0.000000e+00, 0.000000e+00, 4.656613e-10, 0.000000e+00, 0.000000e+00;
];
K(:,:,1,3) = [
  4.231370e+09, -1.247660e+10, 2.562217e+10, -1.995391e+10, -5.605755e+09, 2.362460e+10, 0.000000e+00, 0.000000e+00, 2.026558e-06, -1.534820e-06, 1.072884e-06, -2.086163e-07;
  -1.247660e+10, 1.919185e+10, -2.820305e+10, 2.019422e+10, 4.726834e+09, -2.534987e+10, 0.000000e+00, 0.000000e+00, -6.139278e-06, 5.520880e-06, -3.755093e-06, 8.344650e-07;
  2.562217e+10, -2.820305e+10, 2.743421e+10, -1.663441e+10, -4.111657e+08, 2.056205e+10, 0.000000e+00, 0.000000e+00, 1.978874e-05, -1.746416e-05, 1.159310e-05, -2.667308e-06;
  -1.995391e+10, 2.019422e+10, -1.663441e+10, 1.106109e+10, -7.835996e+09, -3.160899e+09, 0.000000e+00, 0.000000e+00, -3.850460e-05, 3.445148e-05, -2.300739e-05, 6.273389e-06;
  -5.605755e+09, 4.726834e+09, -4.111657e+08, -7.835996e+09, 1.559139e+10, -1.509906e+10, 0.000000e+00, 0.000000e+00, 5.388260e-05, -4.804134e-05, 3.221631e-05, -1.162291e-05;
  2.362460e+10, -2.534987e+10, 2.056205e+10, -3.160899e+09, -1.509906e+10, 2.551750e+10, 0.000000e+00, 0.000000e+00, -5.286932e-05, 4.827976e-05, -3.558397e-05, 1.651049e-05;
  0.000000e+00, 0.000000e+00, 0.000000e+00, 0.000000e+00, 0.000000e+00, 0.000000e+00, 0.000000e+00, 0.000000e+00, 0.000000e+00, 0.000000e+00, 0.000000e+00, 0.000000e+00;
  0.000000e+00, 0.000000e+00, 0.000000e+00, 0.000000e+00, 0.000000e+00, 0.000000e+00, 0.000000e+00, 0.000000e+00, 0.000000e+00, 0.000000e+00, 0.000000e+00, 0.000000e+00;
  0.000000e+00, 0.000000e+00, 0.000000e+00, 0.000000e+00, 0.000000e+00, 0.000000e+00, 0.000000e+00, 0.000000e+00, 9.313226e-10, -3.725290e-09, 1.862645e-09, 9.313226e-10;
  0.000000e+00, 0.000000e+00, 0.000000e+00, 0.000000e+00, 0.000000e+00, 0.000000e+00, 0.000000e+00, 0.000000e+00, -3.725290e-09, 1.862645e-09, -2.328306e-10, 2.328306e-10;
  0.000000e+00, 0.000000e+00, 0.000000e+00, 0.000000e+00, 0.000000e+00, 0.000000e+00, 0.000000e+00, 0.000000e+00, 1.862645e-09, -2.328306e-10, 0.000000e+00, -9.313226e-10;
  0.000000e+00, 0.000000e+00, 0.000000e+00, 0.000000e+00, 0.000000e+00, 0.000000e+00, 0.000000e+00, 0.000000e+00, 9.313226e-10, 2.328306e-10, -9.313226e-10, -4.656613e-10;
];
K(:,:,1,4) = [
  8.652360e+09, -2.631120e+09, -1.995391e+10, 4.345190e+10, -3.042372e+10, -1.329451e+10, 0.000000e+00, 0.000000e+00, -2.712011e-06, 2.592802e-06, -1.877546e-06, 6.556511e-07;
  -2.631120e+09, -3.926901e+09, 2.445633e+10, -4.336294e+10, 3.048004e+10, 1.132246e+10, 0.000000e+00, 0.000000e+00, 9.000301e-06, -8.016825e-06, 6.228685e-06, -2.563000e-06;
  -1.995391e+10, 2.445633e+10, -2.978459e+10, 2.751203e+10, -1.700960e+10, -5.866489e+09, 0.000000e+00, 0.000000e+00, -2.661347e-05, 2.439320e-05, -1.773238e-05, 6.973743e-06;
  4.345190e+10, -4.336294e+10, 2.751203e+10, 2.050591e+09, -1.149213e+10, 4.215261e+09, 0.000000e+00, 0.000000e+00, 5.435944e-05, -4.741549e-05, 3.248453e-05, -1.151860e-05;
  -3.042372e+10, 3.048004e+10, -1.700960e+10, -1.149213e+10, 2.379453e+10, -8.954565e+09, 0.000000e+00, 0.000000e+00, -7.748604e-05, 6.890297e-05, -4.473329e-05, 1.561642e-05;
  -1.329451e+10, 1.132246e+10, -5.866489e+09, 4.215261e+09, -8.954565e+09, 4.958090e+09, 0.000000e+00, 0.000000e+00, 8.332729e-05, -7.331371e-05, 5.082786e-05, -2.110004e-05;
  0.000000e+00, 0.000000e+00, 0.000000e+00, 0.000000e+00, 0.000000e+00, 0.000000e+00, 0.000000e+00, 0.000000e+00, 0.000000e+00, 0.000000e+00, 0.000000e+00, 0.000000e+00;
  0.000000e+00, 0.000000e+00, 0.000000e+00, 0.000000e+00, 0.000000e+00, 0.000000e+00, 0.000000e+00, 0.000000e+00, 0.000000e+00, 0.000000e+00, 0.000000e+00, 0.000000e+00;
  0.000000e+00, 0.000000e+00, 0.000000e+00, 0.000000e+00, 0.000000e+00, 0.000000e+00, 0.000000e+00, 0.000000e+00, -1.396984e-09, 3.725290e-09, 0.000000e+00, -1.862645e-09;
  0.000000e+00, 0.000000e+00, 0.000000e+00, 0.000000e+00, 0.000000e+00, 0.000000e+00, 0.000000e+00, 0.000000e+00, 3.725290e-09, -1.862645e-09, 9.313226e-10, -4.656613e-10;
  0.000000e+00, 0.000000e+00, 0.000000e+00, 0.000000e+00, 0.000000e+00, 0.000000e+00, 0.000000e+00, 0.000000e+00, 0.000000e+00, 9.313226e-10, 0.000000e+00, -1.396984e-09;
  0.000000e+00, 0.000000e+00, 0.000000e+00, 0.000000e+00, 0.000000e+00, 0.000000e+00, 0.000000e+00, 0.000000e+00, -1.862645e-09, -4.656613e-10, -1.396984e-09, -4.656613e-10;
];
K(:,:,1,5) = [
  -1.046945e+10, 1.312406e+10, -5.605755e+09, -3.042372e+10, 6.402032e+10, -4.028603e+10, 0.000000e+00, 0.000000e+00, 2.935529e-06, -3.248453e-06, 2.741814e-06, -1.251698e-06;
  1.312406e+10, -1.321475e+10, 6.783964e+08, 3.531976e+10, -6.430800e+10, 4.161876e+10, 0.000000e+00, 0.000000e+00, -1.013279e-05, 1.007318e-05, -8.262694e-06, 3.993511e-06;
  -5.605755e+09, 6.783964e+08, 1.453855e+10, -3.254773e+10, 3.925397e+10, -2.636737e+10, 0.000000e+00, 0.000000e+00, 3.194809e-05, -2.998114e-05, 2.249330e-05, -1.072884e-05;
  -3.042372e+10, 3.531976e+10, -3.254773e+10, 5.924951e+09, 2.043205e+10, -1.666384e+10, 0.000000e+00, 0.000000e+00, -6.294250e-05, 5.808473e-05, -4.032254e-05, 1.779199e-05;
  6.402032e+10, -6.430800e+10, 3.925397e+10, 2.043205e+10, -6.487915e+10, 5.661969e+10, 0.000000e+00, 0.000000e+00, 8.997321e-05, -7.936358e-05, 5.379319e-05, -2.068281e-05;
  -4.028603e+10, 4.161876e+10, -2.636737e+10, -1.666384e+10, 5.661969e+10, -6.154433e+10, 0.000000e+00, 0.000000e+00, -9.799004e-05, 8.940697e-05, -6.008148e-05, 2.157688e-05;
  0.000000e+00, 0.000000e+00, 0.000000e+00, 0.000000e+00, 0.000000e+00, 0.000000e+00, 0.000000e+00, 0.000000e+00, 0.000000e+00, 0.000000e+00, 0.000000e+00, 0.000000e+00;
  0.000000e+00, 0.000000e+00, 0.000000e+00, 0.000000e+00, 0.000000e+00, 0.000000e+00, 0.000000e+00, 0.000000e+00, 0.000000e+00, 0.000000e+00, 0.000000e+00, 0.000000e+00;
  0.000000e+00, 0.000000e+00, 0.000000e+00, 0.000000e+00, 0.000000e+00, 0.000000e+00, 0.000000e+00, 0.000000e+00, 2.328306e-09, -2.793968e-09, 3.725290e-09, 3.725290e-09;
  0.000000e+00, 0.000000e+00, 0.000000e+00, 0.000000e+00, 0.000000e+00, 0.000000e+00, 0.000000e+00, 0.000000e+00, -2.793968e-09, 1.862645e-09, -3.725290e-09, 1.862645e-09;
  0.000000e+00, 0.000000e+00, 0.000000e+00, 0.000000e+00, 0.000000e+00, 0.000000e+00, 0.000000e+00, 0.000000e+00, 3.725290e-09, -3.725290e-09, 1.862645e-09, -9.313226e-10;
  0.000000e+00, 0.000000e+00, 0.000000e+00, 0.000000e+00, 0.000000e+00, 0.000000e+00, 0.000000e+00, 0.000000e+00, 3.725290e-09, 1.862645e-09, -9.313226e-10, 0.000000e+00;
];
K(:,:,1,6) = [
  5.823986e+09, -1.199461e+10, 2.362460e+10, -1.329451e+10, -4.028603e+10, 8.766338e+10, 0.000000e+00, 0.000000e+00, -2.898276e-06, 2.630055e-06, -2.324581e-06, 1.564622e-06;
  -1.199461e+10, 1.782188e+10, -2.471796e+10, 6.808343e+09, 4.595005e+10, -8.738935e+10, 0.000000e+00, 0.000000e+00, 9.849668e-06, -8.866191e-06, 7.480383e-06, -4.708767e-06;
  2.362460e+10, -2.471796e+10, 1.547840e+10, 1.278607e+10, -4.273328e+10, 5.525136e+10, 0.000000e+00, 0.000000e+00, -2.992153e-05, 2.825260e-05, -2.184510e-05, 1.238286e-05;
  -1.329451e+10, 6.808343e+09, 1.278607e+10, -2.603396e+10, 7.344422e+09, 1.819514e+10, 0.000000e+00, 0.000000e+00, 5.877018e-05, -5.340576e-05, 4.175305e-05, -2.223253e-05;
  -4.028603e+10, 4.595005e+10, -4.273328e+10, 7.344422e+09, 4.752812e+10, -8.091214e+10, 0.000000e+00, 0.000000e+00, -8.165836e-05, 7.534027e-05, -5.549192e-05, 2.568960e-05;
  8.766338e+10, -8.738935e+10, 5.525136e+10, 1.819514e+10, -8.091214e+10, 1.017690e+11, 0.000000e+00, 0.000000e+00, 9.506941e-05, -8.386374e-05, 5.704165e-05, -1.800060e-05;
  0.000000e+00, 0.000000e+00, 0.000000e+00, 0.000000e+00, 0.000000e+00, 0.000000e+00, 0.000000e+00, 0.000000e+00, 0.000000e+00, 0.000000e+00, 0.000000e+00, 0.000000e+00;
  0.000000e+00, 0.000000e+00, 0.000000e+00, 0.000000e+00, 0.000000e+00, 0.000000e+00, 0.000000e+00, 0.000000e+00, 0.000000e+00, 0.000000e+00, 0.000000e+00, 0.000000e+00;
  0.000000e+00, 0.000000e+00, 0.000000e+00, 0.000000e+00, 0.000000e+00, 0.000000e+00, 0.000000e+00, 0.000000e+00, -9.313226e-10, 9.313226e-10, -4.656613e-10, 9.313226e-10;
  0.000000e+00, 0.000000e+00, 0.000000e+00, 0.000000e+00, 0.000000e+00, 0.000000e+00, 0.000000e+00, 0.000000e+00, 9.313226e-10, -2.328306e-09, 1.396984e-09, -1.862645e-09;
  0.000000e+00, 0.000000e+00, 0.000000e+00, 0.000000e+00, 0.000000e+00, 0.000000e+00, 0.000000e+00, 0.000000e+00, -4.656613e-10, 1.396984e-09, -4.656613e-09, 9.313226e-10;
  0.000000e+00, 0.000000e+00, 0.000000e+00, 0.000000e+00, 0.000000e+00, 0.000000e+00, 0.000000e+00, 0.000000e+00, 9.313226e-10, -1.862645e-09, 9.313226e-10, -1.862645e-09;
];
K(:,:,1,7) = [
  0.000000e+00, 0.000000e+00, 0.000000e+00, 0.000000e+00, 0.000000e+00, 0.000000e+00, 9.601866e+09, -8.000600e+09, 0.000000e+00, 0.000000e+00, 0.000000e+00, 0.000000e+00;
  0.000000e+00, 0.000000e+00, 0.000000e+00, 0.000000e+00, 0.000000e+00, 0.000000e+00, -8.000600e+09, 7.579345e+09, 0.000000e+00, 0.000000e+00, 0.000000e+00, 0.000000e+00;
  0.000000e+00, 0.000000e+00, 0.000000e+00, 0.000000e+00, 0.000000e+00, 0.000000e+00, 2.115685e+09, -3.930756e+09, 0.000000e+00, 0.000000e+00, 0.000000e+00, 0.000000e+00;
  0.000000e+00, 0.000000e+00, 0.000000e+00, 0.000000e+00, 0.000000e+00, 0.000000e+00, 4.326180e+09, -2.265559e+09, 0.000000e+00, 0.000000e+00, 0.000000e+00, 0.000000e+00;
  0.000000e+00, 0.000000e+00, 0.000000e+00, 0.000000e+00, 0.000000e+00, 0.000000e+00, -5.234725e+09, 5.293684e+09, 0.000000e+00, 0.000000e+00, 0.000000e+00, 0.000000e+00;
  0.000000e+00, 0.000000e+00, 0.000000e+00, 0.000000e+00, 0.000000e+00, 0.000000e+00, 2.911993e+09, -4.350043e+09, 0.000000e+00, 0.000000e+00, 0.000000e+00, 0.000000e+00;
  9.601866e+09, -8.000600e+09, 2.115685e+09, 4.326180e+09, -5.234725e+09, 2.911993e+09, 0.000000e+00, 0.000000e+00, 7.152557e-07, -5.960464e-07, 1.788139e-07, 2.384186e-07;
  -8.000600e+09, 7.579345e+09, -3.930756e+09, -2.265559e+09, 5.293684e+09, -4.350043e+09, 0.000000e+00, 0.000000e+00, -2.384186e-06, 1.907349e-06, -6.705523e-07, -3.576279e-07;
  0.000000e+00, 0.000000e+00, 0.000000e+00, 0.000000e+00, 0.000000e+00, 0.000000e+00, 0.000000e+00, 0.000000e+00, 0.000000e+00, 0.000000e+00, 0.000000e+00, 0.000000e+00;
  0.000000e+00, 0.000000e+00, 0.000000e+00, 0.000000e+00, 0.000000e+00, 0.000000e+00, 0.000000e+00, 0.000000e+00, 0.000000e+00, 0.000000e+00, 0.000000e+00, 0.000000e+00;
  0.000000e+00, 0.000000e+00, 0.000000e+00, 0.000000e+00, 0.000000e+00, 0.000000e+00, 0.000000e+00, 0.000000e+00, 0.000000e+00, 0.000000e+00, 0.000000e+00, 0.000000e+00;
  0.000000e+00, 0.000000e+00, 0.000000e+00, 0.000000e+00, 0.000000e+00, 0.000000e+00, 0.000000e+00, 0.000000e+00, 0.000000e+00, 0.000000e+00, 0.000000e+00, 0.000000e+00;
];
K(:,:,1,8) = [
  0.000000e+00, 0.000000e+00, 0.000000e+00, 0.000000e+00, 0.000000e+00, 0.000000e+00, -8.000600e+09, 9.791506e+09, 0.000000e+00, 0.000000e+00, 0.000000e+00, 0.000000e+00;
  0.000000e+00, 0.000000e+00, 0.000000e+00, 0.000000e+00, 0.000000e+00, 0.000000e+00, 7.579345e+09, -9.606299e+09, 0.000000e+00, 0.000000e+00, 0.000000e+00, 0.000000e+00;
  0.000000e+00, 0.000000e+00, 0.000000e+00, 0.000000e+00, 0.000000e+00, 0.000000e+00, -3.930756e+09, 5.877320e+09, 0.000000e+00, 0.000000e+00, 0.000000e+00, 0.000000e+00;
  0.000000e+00, 0.000000e+00, 0.000000e+00, 0.000000e+00, 0.000000e+00, 0.000000e+00, -2.265559e+09, 1.515286e+09, 0.000000e+00, 0.000000e+00, 0.000000e+00, 0.000000e+00;
  0.000000e+00, 0.000000e+00, 0.000000e+00, 0.000000e+00, 0.000000e+00, 0.000000e+00, 5.293684e+09, -6.243142e+09, 0.000000e+00, 0.000000e+00, 0.000000e+00, 0.000000e+00;
  0.000000e+00, 0.000000e+00, 0.000000e+00, 0.000000e+00, 0.000000e+00, 0.000000e+00, -4.350043e+09, 6.376017e+09, 0.000000e+00, 0.000000e+00, 0.000000e+00, 0.000000e+00;
  -8.000600e+09, 7.579345e+09, -3.930756e+09, -2.265559e+09, 5.293684e+09, -4.350043e+09, 0.000000e+00, 0.000000e+00, -2.980232e-07, 2.086163e-07, -8.940697e-08, 2.980232e-08;
  9.791506e+09, -9.606299e+09, 5.877320e+09, 1.515286e+09, -6.243142e+09, 6.376017e+09, 0.000000e+00, 0.000000e+00, 1.072884e-06, -9.536743e-07, 4.470348e-07, -5.960464e-08;
  0.000000e+00, 0.000000e+00, 0.000000e+00, 0.000000e+00, 0.000000e+00, 0.000000e+00, 0.000000e+00, 0.000000e+00, 0.000000e+00, 0.000000e+00, 0.000000e+00, 0.000000e+00;
  0.000000e+00, 0.000000e+00, 0.000000e+00, 0.000000e+00, 0.000000e+00, 0.000000e+00, 0.000000e+00, 0.000000e+00, 0.000000e+00, 0.000000e+00, 0.000000e+00, 0.000000e+00;
  0.000000e+00, 0.000000e+00, 0.000000e+00, 0.000000e+00, 0.000000e+00, 0.000000e+00, 0.000000e+00, 0.000000e+00, 0.000000e+00, 0.000000e+00, 0.000000e+00, 0.000000e+00;
  0.000000e+00, 0.000000e+00, 0.000000e+00, 0.000000e+00, 0.000000e+00, 0.000000e+00, 0.000000e+00, 0.000000e+00, 0.000000e+00, 0.000000e+00, 0.000000e+00, 0.000000e+00;
];
K(:,:,1,9) = [
  -3.576279e-07, 5.364418e-07, -1.192093e-06, 1.430511e-06, -1.490116e-06, 1.311302e-06, 0.000000e+00, 0.000000e+00, 0.000000e+00, 0.000000e+00, 0.000000e+00, 0.000000e+00;
  -4.172325e-07, 6.556511e-07, -1.192093e-06, 1.549721e-06, -1.549721e-06, 1.490116e-06, 0.000000e+00, 0.000000e+00, 0.000000e+00, 0.000000e+00, 0.000000e+00, 0.000000e+00;
  2.637506e-06, -4.276633e-06, 8.344650e-06, -1.168251e-05, 1.287460e-05, -1.150370e-05, 0.000000e+00, 0.000000e+00, 0.000000e+00, 0.000000e+00, 0.000000e+00, 0.000000e+00;
  -4.738569e-06, 8.642673e-06, -1.776218e-05, 2.795458e-05, -3.242493e-05, 2.884865e-05, 0.000000e+00, 0.000000e+00, 0.000000e+00, 0.000000e+00, 0.000000e+00, 0.000000e+00;
  5.334616e-06, -1.043081e-05, 2.419949e-05, -4.053116e-05, 5.131960e-05, -4.816055e-05, 0.000000e+00, 0.000000e+00, 0.000000e+00, 0.000000e+00, 0.000000e+00, 0.000000e+00;
  -4.664063e-06, 9.685755e-06, -2.348423e-05, 4.148483e-05, -5.662441e-05, 5.805492e-05, 0.000000e+00, 0.000000e+00, 0.000000e+00, 0.000000e+00, 0.000000e+00, 0.000000e+00;
  0.000000e+00, 0.000000e+00, 0.000000e+00, 0.000000e+00, 0.000000e+00, 0.000000e+00, 0.000000e+00, 0.000000e+00, 0.000000e+00, 0.000000e+00, 0.000000e+00, 0.000000e+00;
  0.000000e+00, 0.000000e+00, 0.000000e+00, 0.000000e+00, 0.000000e+00, 0.000000e+00, 0.000000e+00, 0.000000e+00, 0.000000e+00, 0.000000e+00, 0.000000e+00, 0.000000e+00;
  0.000000e+00, 0.000000e+00, 0.000000e+00, 0.000000e+00, 0.000000e+00, 0.000000e+00, 0.000000e+00, 0.000000e+00, 2.756715e-07, -2.309680e-07, 7.450581e-08, 8.568168e-08;
  0.000000e+00, 0.000000e+00, 0.000000e+00, 0.000000e+00, 0.000000e+00, 0.000000e+00, 0.000000e+00, 0.000000e+00, -2.309680e-07, 1.788139e-07, -7.171184e-08, -1.862645e-08;
  0.000000e+00, 0.000000e+00, 0.000000e+00, 0.000000e+00, 0.000000e+00, 0.000000e+00, 0.000000e+00, 0.000000e+00, 7.450581e-08, -7.171184e-08, 8.568168e-08, -8.568168e-08;
  0.000000e+00, 0.000000e+00, 0.000000e+00, 0.000000e+00, 0.000000e+00, 0.000000e+00, 0.000000e+00, 0.000000e+00, 8.568168e-08, -1.862645e-08, -8.568168e-08, 9.313226e-08;
];
K(:,:,1,10) = [
  3.576279e-07, -5.066395e-07, 1.072884e-06, -1.370907e-06, 1.549721e-06, -1.370907e-06, 0.000000e+00, 0.000000e+00, 0.000000e+00, 0.000000e+00, 0.000000e+00, 0.000000e+00;
  3.278255e-07, -5.066395e-07, 1.072884e-06, -1.311302e-06, 1.549721e-06, -1.192093e-06, 0.000000e+00, 0.000000e+00, 0.000000e+00, 0.000000e+00, 0.000000e+00, 0.000000e+00;
  -1.989305e-06, 3.650784e-06, -7.331371e-06, 1.037121e-05, -1.227856e-05, 1.072884e-05, 0.000000e+00, 0.000000e+00, 0.000000e+00, 0.000000e+00, 0.000000e+00, 0.000000e+00;
  4.068017e-06, -7.376075e-06, 1.555681e-05, -2.503395e-05, 3.004074e-05, -2.682209e-05, 0.000000e+00, 0.000000e+00, 0.000000e+00, 0.000000e+00, 0.000000e+00, 0.000000e+00;
  -5.170703e-06, 9.745359e-06, -2.181530e-05, 3.641844e-05, -4.546344e-05, 4.339218e-05, 0.000000e+00, 0.000000e+00, 0.000000e+00, 0.000000e+00, 0.000000e+00, 0.000000e+00;
  4.813075e-06, -9.208918e-06, 2.139807e-05, -3.737211e-05, 5.018711e-05, -5.233288e-05, 0.000000e+00, 0.000000e+00, 0.000000e+00, 0.000000e+00, 0.000000e+00, 0.000000e+00;
  0.000000e+00, 0.000000e+00, 0.000000e+00, 0.000000e+00, 0.000000e+00, 0.000000e+00, 0.000000e+00, 0.000000e+00, 0.000000e+00, 0.000000e+00, 0.000000e+00, 0.000000e+00;
  0.000000e+00, 0.000000e+00, 0.000000e+00, 0.000000e+00, 0.000000e+00, 0.000000e+00, 0.000000e+00, 0.000000e+00, 0.000000e+00, 0.000000e+00, 0.000000e+00, 0.000000e+00;
  0.000000e+00, 0.000000e+00, 0.000000e+00, 0.000000e+00, 0.000000e+00, 0.000000e+00, 0.000000e+00, 0.000000e+00, -2.272427e-07, 1.788139e-07, -6.891787e-08, -1.862645e-08;
  0.000000e+00, 0.000000e+00, 0.000000e+00, 0.000000e+00, 0.000000e+00, 0.000000e+00, 0.000000e+00, 0.000000e+00, 1.788139e-07, -1.490116e-07, 7.916242e-08, -9.313226e-10;
  0.000000e+00, 0.000000e+00, 0.000000e+00, 0.000000e+00, 0.000000e+00, 0.000000e+00, 0.000000e+00, 0.000000e+00, -6.891787e-08, 7.916242e-08, -7.823110e-08, 3.911555e-08;
  0.000000e+00, 0.000000e+00, 0.000000e+00, 0.000000e+00, 0.000000e+00, 0.000000e+00, 0.000000e+00, 0.000000e+00, -1.862645e-08, -9.313226e-10, 3.911555e-08, -5.774200e-08;
];
K(:,:,1,11) = [
  -1.639128e-07, 1.862645e-07, -5.066395e-07, 1.132488e-06, -1.430511e-06, 1.251698e-06, 0.000000e+00, 0.000000e+00, 0.000000e+00, 0.000000e+00, 0.000000e+00, 0.000000e+00;
  -9.685755e-08, 2.011657e-07, -5.364418e-07, 1.013279e-06, -1.549721e-06, 1.251698e-06, 0.000000e+00, 0.000000e+00, 0.000000e+00, 0.000000e+00, 0.000000e+00, 0.000000e+00;
  8.642673e-07, -1.728535e-06, 4.351139e-06, -7.748604e-06, 1.019239e-05, -9.059906e-06, 0.000000e+00, 0.000000e+00, 0.000000e+00, 0.000000e+00, 0.000000e+00, 0.000000e+00;
  -2.324581e-06, 4.589558e-06, -1.031160e-05, 1.680851e-05, -2.121925e-05, 2.115965e-05, 0.000000e+00, 0.000000e+00, 0.000000e+00, 0.000000e+00, 0.000000e+00, 0.000000e+00;
  4.269183e-06, -7.497147e-06, 1.530349e-05, -2.388656e-05, 3.057718e-05, -3.153086e-05, 0.000000e+00, 0.000000e+00, 0.000000e+00, 0.000000e+00, 0.000000e+00, 0.000000e+00;
  -4.500151e-06, 7.867813e-06, -1.612306e-05, 2.637506e-05, -3.388524e-05, 3.516674e-05, 0.000000e+00, 0.000000e+00, 0.000000e+00, 0.000000e+00, 0.000000e+00, 0.000000e+00;
  0.000000e+00, 0.000000e+00, 0.000000e+00, 0.000000e+00, 0.000000e+00, 0.000000e+00, 0.000000e+00, 0.000000e+00, 0.000000e+00, 0.000000e+00, 0.000000e+00, 0.000000e+00;
  0.000000e+00, 0.000000e+00, 0.000000e+00, 0.000000e+00, 0.000000e+00, 0.000000e+00, 0.000000e+00, 0.000000e+00, 0.000000e+00, 0.000000e+00, 0.000000e+00, 0.000000e+00;
  0.000000e+00, 0.000000e+00, 0.000000e+00, 0.000000e+00, 0.000000e+00, 0.000000e+00, 0.000000e+00, 0.000000e+00, 7.078052e-08, -7.078052e-08, 8.195639e-08, -8.381903e-08;
  0.000000e+00, 0.000000e+00, 0.000000e+00, 0.000000e+00, 0.000000e+00, 0.000000e+00, 0.000000e+00, 0.000000e+00, -7.078052e-08, 8.009374e-08, -7.823110e-08, 3.911555e-08;
  0.000000e+00, 0.000000e+00, 0.000000e+00, 0.000000e+00, 0.000000e+00, 0.000000e+00, 0.000000e+00, 0.000000e+00, 8.195639e-08, -7.823110e-08, 3.539026e-08, 3.073364e-08;
  0.000000e+00, 0.000000e+00, 0.000000e+00, 0.000000e+00, 0.000000e+00, 0.000000e+00, 0.000000e+00, 0.000000e+00, -8.381903e-08, 3.911555e-08, 3.073364e-08, -2.793968e-08;
];
K(:,:,1,12) = [
  -1.192093e-07, 1.490116e-07, 5.960464e-08, -4.470348e-07, 7.152557e-07, -8.344650e-07, 0.000000e+00, 0.000000e+00, 0.000000e+00, 0.000000e+00, 0.000000e+00, 0.000000e+00;
  -1.043081e-07, 1.192093e-07, 1.043081e-07, -3.874302e-07, 5.960464e-07, -8.344650e-07, 0.000000e+00, 0.000000e+00, 0.000000e+00, 0.000000e+00, 0.000000e+00, 0.000000e+00;
  2.682209e-07, -1.490116e-07, -6.407499e-07, 2.622604e-06, -4.738569e-06, 5.483627e-06, 0.000000e+00, 0.000000e+00, 0.000000e+00, 0.000000e+00, 0.000000e+00, 0.000000e+00;
  4.470348e-07, -8.940697e-07, 2.473593e-06, -5.275011e-06, 8.821487e-06, -1.144409e-05, 0.000000e+00, 0.000000e+00, 0.000000e+00, 0.000000e+00, 0.000000e+00, 0.000000e+00;
  -1.817942e-06, 2.861023e-06, -5.543232e-06, 8.001924e-06, -1.084805e-05, 1.406670e-05, 0.000000e+00, 0.000000e+00, 0.000000e+00, 0.000000e+00, 0.000000e+00, 0.000000e+00;
  2.607703e-06, -4.455447e-06, 8.195639e-06, -1.138449e-05, 1.227856e-05, -1.126528e-05, 0.000000e+00, 0.000000e+00, 0.000000e+00, 0.000000e+00, 0.000000e+00, 0.000000e+00;
  0.000000e+00, 0.000000e+00, 0.000000e+00, 0.000000e+00, 0.000000e+00, 0.000000e+00, 0.000000e+00, 0.000000e+00, 0.000000e+00, 0.000000e+00, 0.000000e+00, 0.000000e+00;
  0.000000e+00, 0.000000e+00, 0.000000e+00, 0.000000e+00, 0.000000e+00, 0.000000e+00, 0.000000e+00, 0.000000e+00, 0.000000e+00, 0.000000e+00, 0.000000e+00, 0.000000e+00;
  0.000000e+00, 0.000000e+00, 0.000000e+00, 0.000000e+00, 0.000000e+00, 0.000000e+00, 0.000000e+00, 0.000000e+00, 8.940697e-08, -2.235174e-08, -8.754432e-08, 9.685755e-08;
  0.000000e+00, 0.000000e+00, 0.000000e+00, 0.000000e+00, 0.000000e+00, 0.000000e+00, 0.000000e+00, 0.000000e+00, -2.235174e-08, 9.313226e-10, 3.911555e-08, -5.587935e-08;
  0.000000e+00, 0.000000e+00, 0.000000e+00, 0.000000e+00, 0.000000e+00, 0.000000e+00, 0.000000e+00, 0.000000e+00, -8.754432e-08, 3.911555e-08, 2.887100e-08, -2.793968e-08;
  0.000000e+00, 0.000000e+00, 0.000000e+00, 0.000000e+00, 0.000000e+00, 0.000000e+00, 0.000000e+00, 0.000000e+00, 9.685755e-08, -5.587935e-08, -2.793968e-08, 7.823110e-08;
];
K(:,:,2,1) = [
  -1.600120e+10, 1.737085e+10, -1.247660e+10, -2.631120e+09, 1.312406e+10, -1.199461e+10, 0.000000e+00, 0.000000e+00, -1.668930e-06, 1.311302e-06, -4.470348e-07, -1.788139e-07;
  1.737085e+10, -1.921260e+10, 1.547324e+10, -4.481648e+08, -1.285052e+10, 1.528696e+10, 0.000000e+00, 0.000000e+00, 5.245209e-06, -4.172325e-06, 1.803041e-06, 2.980232e-07;
  -1.247660e+10, 1.547324e+10, -1.752112e+10, 9.685785e+09, 5.138954e+09, -1.667078e+10, 0.000000e+00, 0.000000e+00, -1.430511e-05, 1.215935e-05, -6.675720e-06, 5.066395e-07;
  -2.631120e+09, -4.481648e+08, 9.685785e+09, -1.755289e+10, 1.181076e+10, 5.155997e+09, 0.000000e+00, 0.000000e+00, 2.503395e-05, -2.217293e-05, 1.430511e-05, -3.814697e-06;
  1.312406e+10, -1.285052e+10, 5.138954e+09, 1.181076e+10, -2.197547e+10, 1.403298e+10, 0.000000e+00, 0.000000e+00, -3.004074e-05, 2.813339e-05, -2.145767e-05, 9.298325e-06;
  -1.199461e+10, 1.528696e+10, -1.667078e+10, 5.155997e+09, 1.403298e+10, -2.453957e+10, 0.000000e+00, 0.000000e+00, 2.765656e-05, -2.634525e-05, 2.193451e-05, -1.239777e-05;
  0.000000e+00, 0.000000e+00, 0.000000e+00, 0.000000e+00, 0.000000e+00, 0.000000e+00, 0.000000e+00, 0.000000e+00, 0.000000e+00, 0.000000e+00, 0.000000e+00, 0.000000e+00;
  0.000000e+00, 0.000000e+00, 0.000000e+00, 0.000000e+00, 0.000000e+00, 0.000000e+00, 0.000000e+00, 0.000000e+00, 0.000000e+00, 0.000000e+00, 0.000000e+00, 0.000000e+00;
  0.000000e+00, 0.000000e+00, 0.000000e+00, 0.000000e+00, 0.000000e+00, 0.000000e+00, 0.000000e+00, 0.000000e+00, -1.862645e-09, 1.862645e-09, 0.000000e+00, 0.000000e+00;
  0.000000e+00, 0.000000e+00, 0.000000e+00, 0.000000e+00, 0.000000e+00, 0.000000e+00, 0.000000e+00, 0.000000e+00, 1.862645e-09, -9.313226e-10, 5.820766e-10, 4.656613e-10;
  0.000000e+00, 0.000000e+00, 0.000000e+00, 0.000000e+00, 0.000000e+00, 0.000000e+00, 0.000000e+00, 0.000000e+00, 0.000000e+00, 5.820766e-10, 0.000000e+00, 0.000000e+00;
  0.000000e+00, 0.000000e+00, 0.000000e+00, 0.000000e+00, 0.000000e+00, 0.000000e+00, 0.000000e+00, 0.000000e+00, 0.000000e+00, 4.656613e-10, 0.000000e+00, 0.000000e+00;
];
K(:,:,2,2) = [
  1.515869e+10, -1.921260e+10, 1.919185e+10, -3.926901e+09, -1.321475e+10, 1.782188e+10, 0.000000e+00, 0.000000e+00, 9.536743e-07, -7.152557e-07, 4.321337e-07, -1.192093e-07;
  -1.921260e+10, 2.487845e+10, -2.640413e+10, 8.324772e+09, 1.468387e+10, -2.398862e+10, 0.000000e+00, 0.000000e+00, -4.053116e-06, 3.218651e-06, -1.788139e-06, 1.788139e-07;
  1.919185e+10, -2.640413e+10, 3.285137e+10, -1.915762e+10, -7.521328e+09, 2.764290e+10, 0.000000e+00, 0.000000e+00, 1.335144e-05, -1.192093e-05, 6.794930e-06, -8.940697e-07;
  -3.926901e+09, 8.324772e+09, -1.915762e+10, 2.573894e+10, -1.506275e+10, -9.627541e+09, 0.000000e+00, 0.000000e+00, -2.765656e-05, 2.431870e-05, -1.573563e-05, 3.874302e-06;
  -1.321475e+10, 1.468387e+10, -7.521328e+09, -1.506275e+10, 3.096023e+10, -2.075854e+10, 0.000000e+00, 0.000000e+00, 3.814697e-05, -3.480911e-05, 2.479553e-05, -9.298325e-06;
  1.782188e+10, -2.398862e+10, 2.764290e+10, -9.627541e+09, -2.075854e+10, 3.726840e+10, 0.000000e+00, 0.000000e+00, -3.743172e-05, 3.457069e-05, -2.717972e-05, 1.430511e-05;
  0.000000e+00, 0.000000e+00, 0.000000e+00, 0.000000e+00, 0.000000e+00, 0.000000e+00, 0.000000e+00, 0.000000e+00, 0.000000e+00, 0.000000e+00, 0.000000e+00, 0.000000e+00;
  0.000000e+00, 0.000000e+00, 0.000000e+00, 0.000000e+00, 0.000000e+00, 0.000000e+00, 0.000000e+00, 0.000000e+00, 0.000000e+00, 0.000000e+00, 0.000000e+00, 0.000000e+00;
  0.000000e+00, 0.000000e+00, 0.000000e+00, 0.000000e+00, 0.000000e+00, 0.000000e+00, 0.000000e+00, 0.000000e+00, 3.725290e-09, -3.725290e-09, 4.656613e-10, 0.000000e+00;
  0.000000e+00, 0.000000e+00, 0.000000e+00, 0.000000e+00, 0.000000e+00, 0.000000e+00, 0.000000e+00, 0.000000e+00, -3.725290e-09, 1.862645e-09, -4.656613e-10, 0.000000e+00;
  0.000000e+00, 0.000000e+00, 0.000000e+00, 0.000000e+00, 0.000000e+00, 0.000000e+00, 0.000000e+00, 0.000000e+00, 4.656613e-10, -4.656613e-10, 1.862645e-09, 0.000000e+00;
  0.000000e+00, 0.000000e+00, 0.000000e+00, 0.000000e+00, 0.000000e+00, 0.000000e+00, 0.000000e+00, 0.000000e+00, 0.000000e+00, 0.000000e+00, 0.000000e+00, 0.000000e+00;
];
K(:,:,2,3) = [
  -7.861512e+09, 1.547324e+10, -2.820305e+10, 2.445633e+10, 6.783964e+08, -2.471796e+10, 0.000000e+00, 0.000000e+00, -4.321337e-07, 4.097819e-07, -5.066395e-07, 2.384186e-07;
  1.547324e+10, -2.640413e+10, 4.241285e+10, -3.356920e+10, -1.944567e+09, 3.457444e+10, 0.000000e+00, 0.000000e+00, 2.175570e-06, -2.294779e-06, 1.847744e-06, -8.642673e-07;
  -2.820305e+10, 4.241285e+10, -6.033072e+10, 4.528040e+10, -6.513469e+08, -4.227916e+10, 0.000000e+00, 0.000000e+00, -1.251698e-05, 1.162291e-05, -8.046627e-06, 2.682209e-06;
  2.445633e+10, -3.356920e+10, 4.528040e+10, -3.906362e+10, 1.490798e+10, 1.913368e+10, 0.000000e+00, 0.000000e+00, 3.314018e-05, -2.956390e-05, 1.943111e-05, -5.543232e-06;
  6.783964e+08, -1.944567e+09, -6.513469e+08, 1.490798e+10, -2.964911e+10, 2.294338e+10, 0.000000e+00, 0.000000e+00, -5.507469e-05, 4.911423e-05, -3.206730e-05, 1.043081e-05;
  -2.471796e+10, 3.457444e+10, -4.227916e+10, 1.913368e+10, 2.294338e+10, -4.945164e+10, 0.000000e+00, 0.000000e+00, 6.115437e-05, -5.590916e-05, 3.957748e-05, -1.674891e-05;
  0.000000e+00, 0.000000e+00, 0.000000e+00, 0.000000e+00, 0.000000e+00, 0.000000e+00, 0.000000e+00, 0.000000e+00, 0.000000e+00, 0.000000e+00, 0.000000e+00, 0.000000e+00;
  0.000000e+00, 0.000000e+00, 0.000000e+00, 0.000000e+00, 0.000000e+00, 0.000000e+00, 0.000000e+00, 0.000000e+00, 0.000000e+00, 0.000000e+00, 0.000000e+00, 0.000000e+00;
  0.000000e+00, 0.000000e+00, 0.000000e+00, 0.000000e+00, 0.000000e+00, 0.000000e+00, 0.000000e+00, 0.000000e+00, -3.725290e-09, 0.000000e+00, -9.313226e-10, -4.656613e-10;
  0.000000e+00, 0.000000e+00, 0.000000e+00, 0.000000e+00, 0.000000e+00, 0.000000e+00, 0.000000e+00, 0.000000e+00, 0.000000e+00, 0.000000e+00, 1.862645e-09, -6.984919e-10;
  0.000000e+00, 0.000000e+00, 0.000000e+00, 0.000000e+00, 0.000000e+00, 0.000000e+00, 0.000000e+00, 0.000000e+00, -9.313226e-10, 1.862645e-09, -4.656613e-10, 4.656613e-10;
  0.000000e+00, 0.000000e+00, 0.000000e+00, 0.000000e+00, 0.000000e+00, 0.000000e+00, 0.000000e+00, 0.000000e+00, -4.656613e-10, -6.984919e-10, 4.656613e-10, -2.793968e-09;
];
K(:,:,2,4) = [
  -4.531117e+09, -4.481648e+08, 2.019422e+10, -4.336294e+10, 3.531976e+10, 6.808343e+09, 0.000000e+00, 0.000000e+00, 1.132488e-06, -7.450581e-07, 5.662441e-07, -4.172325e-07;
  -4.481648e+08, 8.324772e+09, -3.356920e+10, 5.825533e+10, -4.368713e+10, -1.098922e+10, 0.000000e+00, 0.000000e+00, -3.874302e-06, 3.814697e-06, -2.801418e-06, 1.251698e-06;
  2.019422e+10, -3.356920e+10, 6.020267e+10, -7.006016e+10, 4.110083e+10, 1.892977e+10, 0.000000e+00, 0.000000e+00, 1.385808e-05, -1.391768e-05, 1.031160e-05, -4.768372e-06;
  -4.336294e+10, 5.825533e+10, -7.006016e+10, 4.515087e+10, -7.098313e+09, -2.260259e+10, 0.000000e+00, 0.000000e+00, -3.731251e-05, 3.415346e-05, -2.405047e-05, 9.953976e-06;
  3.531976e+10, -4.368713e+10, 4.110083e+10, -7.098313e+09, -1.992611e+10, 1.535202e+10, 0.000000e+00, 0.000000e+00, 6.628036e-05, -6.031990e-05, 4.065037e-05, -1.418591e-05;
  6.808343e+09, -1.098922e+10, 1.892977e+10, -2.260259e+10, 1.535202e+10, 6.066538e+09, 0.000000e+00, 0.000000e+00, -8.368492e-05, 7.462502e-05, -5.054474e-05, 1.847744e-05;
  0.000000e+00, 0.000000e+00, 0.000000e+00, 0.000000e+00, 0.000000e+00, 0.000000e+00, 0.000000e+00, 0.000000e+00, 0.000000e+00, 0.000000e+00, 0.000000e+00, 0.000000e+00;
  0.000000e+00, 0.000000e+00, 0.000000e+00, 0.000000e+00, 0.000000e+00, 0.000000e+00, 0.000000e+00, 0.000000e+00, 0.000000e+00, 0.000000e+00, 0.000000e+00, 0.000000e+00;
  0.000000e+00, 0.000000e+00, 0.000000e+00, 0.000000e+00, 0.000000e+00, 0.000000e+00, 0.000000e+00, 0.000000e+00, 2.793968e-09, -3.725290e-09, 3.725290e-09, -9.313226e-10;
  0.000000e+00, 0.000000e+00, 0.000000e+00, 0.000000e+00, 0.000000e+00, 0.000000e+00, 0.000000e+00, 0.000000e+00, -3.725290e-09, 3.725290e-09, -1.862645e-09, 0.000000e+00;
  0.000000e+00, 0.000000e+00, 0.000000e+00, 0.000000e+00, 0.000000e+00, 0.000000e+00, 0.000000e+00, 0.000000e+00, 3.725290e-09, -1.862645e-09, 9.313226e-10, -9.313226e-10;
  0.000000e+00, 0.000000e+00, 0.000000e+00, 0.000000e+00, 0.000000e+00, 0.000000e+00, 0.000000e+00, 0.000000e+00, -9.313226e-10, 0.000000e+00, -9.313226e-10, -4.656613e-10;
];
K(:,:,2,5) = [
  1.058737e+10, -1.285052e+10, 4.726834e+09, 3.048004e+10, -6.430800e+10, 4.595005e+10, 0.000000e+00, 0.000000e+00, -1.728535e-06, 1.311302e-06, -9.834766e-07, 4.172325e-07;
  -1.285052e+10, 1.468387e+10, -1.944567e+09, -4.368713e+10, 8.445930e+10, -5.907120e+10, 0.000000e+00, 0.000000e+00, 5.960464e-06, -5.185604e-06, 3.702939e-06, -1.966953e-06;
  4.726834e+09, -1.944567e+09, -1.721790e+10, 5.880671e+10, -8.783574e+10, 5.686134e+10, 0.000000e+00, 0.000000e+00, -1.955032e-05, 1.829863e-05, -1.350045e-05, 6.735325e-06;
  3.048004e+10, -4.368713e+10, 5.880671e+10, -4.436572e+10, 1.340730e+10, 7.326455e+09, 0.000000e+00, 0.000000e+00, 4.220009e-05, -3.838539e-05, 2.922118e-05, -1.445413e-05;
  -6.430800e+10, 8.445930e+10, -8.783574e+10, 1.340730e+10, 7.691054e+10, -8.905925e+10, 0.000000e+00, 0.000000e+00, -6.765127e-05, 6.172061e-05, -4.464388e-05, 2.074242e-05;
  4.595005e+10, -5.907120e+10, 5.686134e+10, 7.326455e+09, -8.905925e+10, 1.054452e+11, 0.000000e+00, 0.000000e+00, 8.773804e-05, -7.891655e-05, 5.370378e-05, -1.955032e-05;
  0.000000e+00, 0.000000e+00, 0.000000e+00, 0.000000e+00, 0.000000e+00, 0.000000e+00, 0.000000e+00, 0.000000e+00, 0.000000e+00, 0.000000e+00, 0.000000e+00, 0.000000e+00;
  0.000000e+00, 0.000000e+00, 0.000000e+00, 0.000000e+00, 0.000000e+00, 0.000000e+00, 0.000000e+00, 0.000000e+00, 0.000000e+00, 0.000000e+00, 0.000000e+00, 0.000000e+00;
  0.000000e+00, 0.000000e+00, 0.000000e+00, 0.000000e+00, 0.000000e+00, 0.000000e+00, 0.000000e+00, 0.000000e+00, -5.587935e-09, 0.000000e+00, -7.450581e-09, 0.000000e+00;
  0.000000e+00, 0.000000e+00, 0.000000e+00, 0.000000e+00, 0.000000e+00, 0.000000e+00, 0.000000e+00, 0.000000e+00, 0.000000e+00, -1.862645e-09, 0.000000e+00, 0.000000e+00;
  0.000000e+00, 0.000000e+00, 0.000000e+00, 0.000000e+00, 0.000000e+00, 0.000000e+00, 0.000000e+00, 0.000000e+00, -7.450581e-09, 0.000000e+00, -9.313226e-10, 0.000000e+00;
  0.000000e+00, 0.000000e+00, 0.000000e+00, 0.000000e+00, 0.000000e+00, 0.000000e+00, 0.000000e+00, 0.000000e+00, 0.000000e+00, 0.000000e+00, 0.000000e+00, -3.725290e-09;
];
K(:,:,2,6) = [
  -8.700086e+09, 1.528696e+10, -2.534987e+10, 1.132246e+10, 4.161876e+10, -8.738935e+10, 0.000000e+00, 0.000000e+00, 1.430511e-06, -1.221895e-06, 8.642673e-07, -5.364418e-07;
  1.528696e+10, -2.398862e+10, 3.457444e+10, -1.098922e+10, -5.907120e+10, 1.152313e+11, 0.000000e+00, 0.000000e+00, -5.453825e-06, 5.006790e-06, -3.635883e-06, 2.019107e-06;
  -2.534987e+10, 3.457444e+10, -3.841045e+10, -5.962113e+08, 7.598097e+10, -1.248936e+11, 0.000000e+00, 0.000000e+00, 2.026558e-05, -1.859665e-05, 1.430511e-05, -7.569790e-06;
  1.132246e+10, -1.098922e+10, -5.962113e+08, 2.493750e+10, -3.690427e+10, 2.998975e+10, 0.000000e+00, 0.000000e+00, -4.053116e-05, 3.778934e-05, -2.953410e-05, 1.609325e-05;
  4.161876e+10, -5.907120e+10, 7.598097e+10, -3.690427e+10, -5.255769e+10, 1.154457e+11, 0.000000e+00, 0.000000e+00, 5.936623e-05, -5.245209e-05, 4.315376e-05, -2.172589e-05;
  -8.738935e+10, 1.152313e+11, -1.248936e+11, 2.998975e+10, 1.154457e+11, -1.938979e+11, 0.000000e+00, 0.000000e+00, -6.830692e-05, 6.306171e-05, -4.410744e-05, 1.704693e-05;
  0.000000e+00, 0.000000e+00, 0.000000e+00, 0.000000e+00, 0.000000e+00, 0.000000e+00, 0.000000e+00, 0.000000e+00, 0.000000e+00, 0.000000e+00, 0.000000e+00, 0.000000e+00;
  0.000000e+00, 0.000000e+00, 0.000000e+00, 0.000000e+00, 0.000000e+00, 0.000000e+00, 0.000000e+00, 0.000000e+00, 0.000000e+00, 0.000000e+00, 0.000000e+00, 0.000000e+00;
  0.000000e+00, 0.000000e+00, 0.000000e+00, 0.000000e+00, 0.000000e+00, 0.000000e+00, 0.000000e+00, 0.000000e+00, 4.656613e-09, -6.519258e-09, 3.725290e-09, 0.000000e+00;
  0.000000e+00, 0.000000e+00, 0.000000e+00, 0.000000e+00, 0.000000e+00, 0.000000e+00, 0.000000e+00, 0.000000e+00, -6.519258e-09, 8.381903e-09, -3.725290e-09, 0.000000e+00;
  0.000000e+00, 0.000000e+00, 0.000000e+00, 0.000000e+00, 0.000000e+00, 0.000000e+00, 0.000000e+00, 0.000000e+00, 3.725290e-09, -3.725290e-09, 1.862645e-09, -1.629815e-09;
  0.000000e+00, 0.000000e+00, 0.000000e+00, 0.000000e+00, 0.000000e+00, 0.000000e+00, 0.000000e+00, 0.000000e+00, 0.000000e+00, 0.000000e+00, -1.629815e-09, 0.000000e+00;
];
K(:,:,2,7) = [
  0.000000e+00, 0.000000e+00, 0.000000e+00, 0.000000e+00, 0.000000e+00, 0.000000e+00, -8.000600e+09, 7.579345e+09, 0.000000e+00, 0.000000e+00, 0.000000e+00, 0.000000e+00;
  0.000000e+00, 0.000000e+00, 0.000000e+00, 0.000000e+00, 0.000000e+00, 0.000000e+00, 9.791506e+09, -9.606299e+09, 0.000000e+00, 0.000000e+00, 0.000000e+00, 0.000000e+00;
  0.000000e+00, 0.000000e+00, 0.000000e+00, 0.000000e+00, 0.000000e+00, 0.000000e+00, -8.545848e+09, 9.595924e+09, 0.000000e+00, 0.000000e+00, 0.000000e+00, 0.000000e+00;
  0.000000e+00, 0.000000e+00, 0.000000e+00, 0.000000e+00, 0.000000e+00, 0.000000e+00, -3.655615e+08, -1.963450e+09, 0.000000e+00, 0.000000e+00, 0.000000e+00, 0.000000e+00;
  0.000000e+00, 0.000000e+00, 0.000000e+00, 0.000000e+00, 0.000000e+00, 0.000000e+00, 7.830376e+09, -6.607374e+09, 0.000000e+00, 0.000000e+00, 0.000000e+00, 0.000000e+00;
  0.000000e+00, 0.000000e+00, 0.000000e+00, 0.000000e+00, 0.000000e+00, 0.000000e+00, -7.644570e+09, 8.910938e+09, 0.000000e+00, 0.000000e+00, 0.000000e+00, 0.000000e+00;
  -8.000600e+09, 9.791506e+09, -8.545848e+09, -3.655615e+08, 7.830376e+09, -7.644570e+09, 0.000000e+00, 0.000000e+00, -1.311302e-06, 1.072884e-06, -3.576279e-07, -1.788139e-07;
  7.579345e+09, -9.606299e+09, 9.595924e+09, -1.963450e+09, -6.607374e+09, 8.910938e+09, 0.000000e+00, 0.000000e+00, 4.053116e-06, -3.218651e-06, 1.363456e-06, 2.980232e-07;
  0.000000e+00, 0.000000e+00, 0.000000e+00, 0.000000e+00, 0.000000e+00, 0.000000e+00, 0.000000e+00, 0.000000e+00, 0.000000e+00, 0.000000e+00, 0.000000e+00, 0.000000e+00;
  0.000000e+00, 0.000000e+00, 0.000000e+00, 0.000000e+00, 0.000000e+00, 0.000000e+00, 0.000000e+00, 0.000000e+00, 0.000000e+00, 0.000000e+00, 0.000000e+00, 0.000000e+00;
  0.000000e+00, 0.000000e+00, 0.000000e+00, 0.000000e+00, 0.000000e+00, 0.000000e+00, 0.000000e+00, 0.000000e+00, 0.000000e+00, 0.000000e+00, 0.000000e+00, 0.000000e+00;
  0.000000e+00, 0.000000e+00, 0.000000e+00, 0.000000e+00, 0.000000e+00, 0.000000e+00, 0.000000e+00, 0.000000e+00, 0.000000e+00, 0.000000e+00, 0.000000e+00, 0.000000e+00;
];
K(:,:,2,8) = [
  0.000000e+00, 0.000000e+00, 0.000000e+00, 0.000000e+00, 0.000000e+00, 0.000000e+00, 7.579345e+09, -9.606299e+09, 0.000000e+00, 0.000000e+00, 0.000000e+00, 0.000000e+00;
