function K = gyr_fuel(p)
% Auto-generated constant matrix
K = zeros(12,12,12,12);
K(:,:,1,1) = [
  1.920373e+10, -1.600120e+10, 4.231370e+09, 8.652360e+09, -1.046945e+10, 5.823986e+09, 0.000000e+00, 0.000000e+00, 1.430511e-06, -1.192093e-06, 3.576279e-07, 4.768372e-07;
  -1.600120e+10, 1.294653e+10, -3.246419e+09, -6.431114e+09, 8.050676e+09, -5.405559e+09, 0.000000e+00, 0.000000e+00, -4.768372e-06, 3.814697e-06, -1.341105e-06, -7.152557e-07;
  4.231370e+09, -3.246419e+09, -1.159249e+09, 5.551403e+09, -3.786942e+09, -2.538483e+08, 0.000000e+00, 0.000000e+00, 1.239777e-05, -9.775162e-06, 4.649162e-06, 1.192093e-07;
  8.652360e+09, -6.431114e+09, 5.551403e+09, -1.146044e+10, 1.155352e+10, 3.105440e+09, 0.000000e+00, 0.000000e+00, -1.835823e-05, 1.645088e-05, -1.096725e-05, 3.337860e-06;
  -1.046945e+10, 8.050676e+09, -3.786942e+09, 1.155352e+10, -2.876137e+10, 2.059357e+10, 0.000000e+00, 0.000000e+00, 1.949072e-05, -1.978874e-05, 1.716614e-05, -8.106232e-06;
  5.823986e+09, -5.405559e+09, -2.538483e+08, 3.105440e+09, 2.059357e+10, -5.069763e+10, 0.000000e+00, 0.000000e+00, -1.752377e-05, 1.758337e-05, -1.633167e-05, 1.001358e-05;
  0.000000e+00, 0.000000e+00, 0.000000e+00, 0.000000e+00, 0.000000e+00, 0.000000e+00, -9.601866e+09, 8.000600e+09, 0.000000e+00, 0.000000e+00, 0.000000e+00, 0.000000e+00;
  0.000000e+00, 0.000000e+00, 0.000000e+00, 0.000000e+00, 0.000000e+00, 0.000000e+00, 8.000600e+09, -9.791506e+09, 0.000000e+00, 0.000000e+00, 0.000000e+00, 0.000000e+00;
  6.556511e-07, -4.529953e-06, 1.287460e-05, -1.874566e-05, 1.944602e-05, -1.739711e-05, 0.000000e+00, 0.000000e+00, 0.000000e+00, -9.313226e-10, -3.725290e-09, 9.313226e-10;
  -5.960464e-07, 3.606081e-06, -1.014769e-05, 1.689792e-05, -1.975894e-05, 1.763552e-05, 0.000000e+00, 0.000000e+00, -9.313226e-10, 4.656613e-10, -2.328306e-10, -4.656613e-10;
  1.788139e-07, -1.251698e-06, 4.708767e-06, -1.099706e-05, 1.728535e-05, -1.633167e-05, 0.000000e+00, 0.000000e+00, -3.725290e-09, -2.328306e-10, -1.862645e-09, -1.396984e-09;
  2.086163e-07, -7.152557e-07, 3.576279e-07, 3.278255e-06, -8.046627e-06, 9.998679e-06, 0.000000e+00, 0.000000e+00, 9.313226e-10, -4.656613e-10, -1.396984e-09, -9.313226e-10;
];
K(:,:,1,2) = [
  -1.600120e+10, 1.958301e+10, -1.709170e+10, -7.311230e+08, 1.566075e+10, -1.528914e+10, 0.000000e+00, 0.000000e+00, -1.788139e-06, 1.281500e-06, -4.470348e-07, -1.788139e-07;
  1.737085e+10, -1.921260e+10, 1.547324e+10, -4.481648e+08, -1.285052e+10, 1.528696e+10, 0.000000e+00, 0.000000e+00, 5.185604e-06, -4.053116e-06, 1.803041e-06, 2.682209e-07;
  -1.247660e+10, 1.175464e+10, -6.839181e+09, -8.226488e+08, 5.551073e+09, -7.991695e+09, 0.000000e+00, 0.000000e+00, -1.430511e-05, 1.209974e-05, -6.705523e-06, 4.917383e-07;
  -2.631120e+09, 3.030571e+09, -5.084765e+09, 8.257175e+09, -6.858511e+09, -1.010465e+09, 0.000000e+00, 0.000000e+00, 2.503395e-05, -2.229214e-05, 1.442432e-05, -3.874302e-06;
  1.312406e+10, -1.248628e+10, 9.599511e+09, -1.169823e+10, 2.035706e+10, -1.355280e+10, 0.000000e+00, 0.000000e+00, -3.004074e-05, 2.813339e-05, -2.181530e-05, 9.536743e-06;
  -1.199461e+10, 1.275203e+10, -8.623599e+09, 3.503651e+09, -1.788410e+10, 3.831020e+10, 0.000000e+00, 0.000000e+00, 2.765656e-05, -2.634525e-05, 2.169609e-05, -1.263618e-05;
  0.000000e+00, 0.000000e+00, 0.000000e+00, 0.000000e+00, 0.000000e+00, 0.000000e+00, 8.000600e+09, -7.579345e+09, 0.000000e+00, 0.000000e+00, 0.000000e+00, 0.000000e+00;
  0.000000e+00, 0.000000e+00, 0.000000e+00, 0.000000e+00, 0.000000e+00, 0.000000e+00, -7.579345e+09, 9.606299e+09, 0.000000e+00, 0.000000e+00, 0.000000e+00, 0.000000e+00;
  -2.384186e-07, 4.708767e-06, -1.482666e-05, 2.533197e-05, -3.042817e-05, 2.771616e-05, 0.000000e+00, 0.000000e+00, -1.303852e-08, 2.793968e-09, 0.000000e+00, -1.862645e-09;
  2.384186e-07, -3.755093e-06, 1.252443e-05, -2.238154e-05, 2.819300e-05, -2.628565e-05, 0.000000e+00, 0.000000e+00, 2.793968e-09, -3.725290e-09, 1.164153e-09, 1.396984e-09;
  -8.940697e-08, 1.594424e-06, -6.854534e-06, 1.463294e-05, -2.166629e-05, 2.184510e-05, 0.000000e+00, 0.000000e+00, 0.000000e+00, 1.164153e-09, 2.793968e-09, 1.862645e-09;
  0.000000e+00, 2.980232e-07, 3.278255e-07, -3.755093e-06, 9.596348e-06, -1.293421e-05, 0.000000e+00, 0.000000e+00, -1.862645e-09, 1.396984e-09, 1.862645e-09, -9.313226e-10;
];
K(:,:,1,3) = [
  4.231370e+09, -1.709170e+10, 3.901287e+10, -3.270657e+10, -6.515161e+09, 3.556382e+10, 0.000000e+00, 0.000000e+00, 2.026558e-06, -1.534820e-06, 1.072884e-06, -2.086163e-07;
  -1.247660e+10, 2.291045e+10, -3.888499e+10, 3.070265e+10, 4.314715e+09, -3.402896e+10, 0.000000e+00, 0.000000e+00, -6.139278e-06, 5.520880e-06, -3.755093e-06, 8.344650e-07;
  2.562217e+10, -2.820305e+10, 2.743421e+10, -1.663441e+10, -4.111657e+08, 2.056205e+10, 0.000000e+00, 0.000000e+00, 1.978874e-05, -1.746416e-05, 1.159310e-05, -2.667308e-06;
  -1.995391e+10, 1.593210e+10, -3.484240e+09, -5.389846e+09, 1.337609e+09, -4.553095e+08, 0.000000e+00, 0.000000e+00, -3.850460e-05, 3.445148e-05, -2.300739e-05, 6.273389e-06;
  -5.605755e+09, 8.775272e+09, -1.536088e+10, 1.687574e+10, -8.071180e+09, -3.830755e+09, 0.000000e+00, 0.000000e+00, 5.388260e-05, -4.804134e-05, 3.221631e-05, -1.162291e-05;
  2.362460e+10, -2.598177e+10, 2.564569e+10, -1.910787e+10, 1.253516e+10, -4.216368e+09, 0.000000e+00, 0.000000e+00, -5.286932e-05, 4.827976e-05, -3.558397e-05, 1.651049e-05;
  0.000000e+00, 0.000000e+00, 0.000000e+00, 0.000000e+00, 0.000000e+00, 0.000000e+00, -2.115685e+09, 3.930756e+09, 0.000000e+00, 0.000000e+00, 0.000000e+00, 0.000000e+00;
  0.000000e+00, 0.000000e+00, 0.000000e+00, 0.000000e+00, 0.000000e+00, 0.000000e+00, 3.930756e+09, -5.877320e+09, 0.000000e+00, 0.000000e+00, 0.000000e+00, 0.000000e+00;
  -3.576279e-07, -5.245209e-06, 2.050400e-05, -3.907084e-05, 5.400181e-05, -5.275011e-05, 0.000000e+00, 0.000000e+00, 2.793968e-09, -5.587935e-09, 2.793968e-09, -9.313226e-10;
  3.576279e-07, 4.708767e-06, -1.811981e-05, 3.485382e-05, -4.804134e-05, 4.792213e-05, 0.000000e+00, 0.000000e+00, -5.587935e-09, 4.656613e-09, -6.984919e-10, -4.656613e-10;
  0.000000e+00, -3.159046e-06, 1.180172e-05, -2.363324e-05, 3.264099e-05, -3.567338e-05, 0.000000e+00, 0.000000e+00, 2.793968e-09, -6.984919e-10, -4.656613e-10, -2.328306e-09;
  -2.384186e-07, 7.748604e-07, -2.622604e-06, 6.139278e-06, -1.171231e-05, 1.699477e-05, 0.000000e+00, 0.000000e+00, -9.313226e-10, -4.656613e-10, -2.328306e-09, -1.396984e-09;
];
K(:,:,1,4) = [
  8.652360e+09, -7.311230e+08, -3.270657e+10, 7.090807e+10, -5.141235e+10, -2.149449e+10, 0.000000e+00, 0.000000e+00, -2.712011e-06, 2.592802e-06, -1.877546e-06, 6.556511e-07;
  -2.631120e+09, -7.405637e+09, 3.922688e+10, -6.917300e+10, 4.914931e+10, 1.748892e+10, 0.000000e+00, 0.000000e+00, 9.000301e-06, -8.016825e-06, 6.228685e-06, -2.563000e-06;
  -1.995391e+10, 2.871845e+10, -4.293476e+10, 4.396297e+10, -2.618321e+10, -8.572078e+09, 0.000000e+00, 0.000000e+00, -2.661347e-05, 2.439320e-05, -1.773238e-05, 6.973743e-06;
  4.345190e+10, -4.336294e+10, 2.751203e+10, 2.050591e+09, -1.149213e+10, 4.215261e+09, 0.000000e+00, 0.000000e+00, 5.435944e-05, -4.741549e-05, 3.248453e-05, -1.151860e-05;
  -3.042372e+10, 2.564032e+10, -1.471466e+09, -2.890921e+10, 2.715700e+10, -1.245287e+09, 0.000000e+00, 0.000000e+00, -7.748604e-05, 6.890297e-05, -4.473329e-05, 1.561642e-05;
  -1.329451e+10, 1.583658e+10, -2.451905e+10, 3.446448e+10, -2.525355e+10, -8.278960e+09, 0.000000e+00, 0.000000e+00, 8.332729e-05, -7.331371e-05, 5.082786e-05, -2.110004e-05;
  0.000000e+00, 0.000000e+00, 0.000000e+00, 0.000000e+00, 0.000000e+00, 0.000000e+00, -4.326180e+09, 2.265559e+09, 0.000000e+00, 0.000000e+00, 0.000000e+00, 0.000000e+00;
  0.000000e+00, 0.000000e+00, 0.000000e+00, 0.000000e+00, 0.000000e+00, 0.000000e+00, 2.265559e+09, -1.515286e+09, 0.000000e+00, 0.000000e+00, 0.000000e+00, 0.000000e+00;
  4.172325e-07, 7.390976e-06, -2.753735e-05, 5.626678e-05, -7.855892e-05, 8.428097e-05, 0.000000e+00, 0.000000e+00, -2.793968e-09, 9.313226e-09, -7.450581e-09, -3.725290e-09;
  -2.384186e-07, -6.794930e-06, 2.515316e-05, -4.860759e-05, 6.997585e-05, -7.426739e-05, 0.000000e+00, 0.000000e+00, 9.313226e-09, -5.587935e-09, 2.793968e-09, -9.313226e-10;
  0.000000e+00, 5.424023e-06, -1.856685e-05, 3.337860e-05, -4.537404e-05, 5.103648e-05, 0.000000e+00, 0.000000e+00, -7.450581e-09, 2.793968e-09, 0.000000e+00, -2.793968e-09;
  0.000000e+00, -2.354383e-06, 7.271767e-06, -1.169741e-05, 1.549721e-05, -2.121925e-05, 0.000000e+00, 0.000000e+00, -3.725290e-09, -9.313226e-10, -2.793968e-09, -4.656613e-10;
];
K(:,:,1,5) = [
  -1.046945e+10, 1.566075e+10, -6.515161e+09, -5.141235e+10, 1.104112e+11, -7.072582e+10, 0.000000e+00, 0.000000e+00, 2.935529e-06, -3.248453e-06, 2.741814e-06, -1.251698e-06;
  1.312406e+10, -1.357898e+10, -3.782161e+09, 5.882875e+10, -1.066405e+11, 6.920454e+10, 0.000000e+00, 0.000000e+00, -1.013279e-05, 1.007318e-05, -8.262694e-06, 3.993511e-06;
  -5.605755e+09, -3.370041e+09, 2.948827e+10, -5.725947e+10, 6.291654e+10, -3.763567e+10, 0.000000e+00, 0.000000e+00, 3.194809e-05, -2.998114e-05, 2.249330e-05, -1.072884e-05;
  -3.042372e+10, 4.015948e+10, -4.808587e+10, 2.334203e+10, 1.706957e+10, -2.437312e+10, 0.000000e+00, 0.000000e+00, -6.294250e-05, 5.808473e-05, -4.032254e-05, 1.779199e-05;
  6.402032e+10, -6.430800e+10, 3.925397e+10, 2.043205e+10, -6.487915e+10, 5.661969e+10, 0.000000e+00, 0.000000e+00, 8.997321e-05, -7.936358e-05, 5.379319e-05, -2.068281e-05;
  -4.028603e+10, 3.728746e+10, -1.000145e+10, -4.067211e+10, 6.571127e+10, -4.217652e+10, 0.000000e+00, 0.000000e+00, -9.799004e-05, 8.940697e-05, -6.008148e-05, 2.157688e-05;
  0.000000e+00, 0.000000e+00, 0.000000e+00, 0.000000e+00, 0.000000e+00, 0.000000e+00, 5.234725e+09, -5.293684e+09, 0.000000e+00, 0.000000e+00, 0.000000e+00, 0.000000e+00;
  0.000000e+00, 0.000000e+00, 0.000000e+00, 0.000000e+00, 0.000000e+00, 0.000000e+00, -5.293684e+09, 6.243142e+09, 0.000000e+00, 0.000000e+00, 0.000000e+00, 0.000000e+00;
  5.960464e-08, -8.285046e-06, 3.278255e-05, -6.461143e-05, 8.964539e-05, -9.834766e-05, 0.000000e+00, 0.000000e+00, 4.656613e-09, -5.587935e-09, 7.450581e-09, 7.450581e-09;
  0.000000e+00, 8.761883e-06, -3.087521e-05, 5.966425e-05, -8.109212e-05, 9.036064e-05, 0.000000e+00, 0.000000e+00, -5.587935e-09, 1.862645e-09, -7.450581e-09, 3.725290e-09;
  -2.384186e-07, -6.914139e-06, 2.413988e-05, -4.136562e-05, 5.432963e-05, -6.031990e-05, 0.000000e+00, 0.000000e+00, 7.450581e-09, -7.450581e-09, 3.725290e-09, -3.725290e-09;
  1.192093e-07, 3.516674e-06, -1.177192e-05, 1.853704e-05, -2.071261e-05, 2.169609e-05, 0.000000e+00, 0.000000e+00, 7.450581e-09, 3.725290e-09, -3.725290e-09, 3.725290e-09;
];
K(:,:,1,6) = [
  5.823986e+09, -1.528914e+10, 3.556382e+10, -2.149449e+10, -7.072582e+10, 1.568439e+11, 0.000000e+00, 0.000000e+00, -2.898276e-06, 2.630055e-06, -2.324581e-06, 1.564622e-06;
  -1.199461e+10, 2.035680e+10, -3.276515e+10, 8.460689e+09, 7.786713e+10, -1.502391e+11, 0.000000e+00, 0.000000e+00, 9.849668e-06, -8.866191e-06, 7.480383e-06, -4.708767e-06;
  2.362460e+10, -2.408606e+10, 1.039476e+10, 2.873304e+10, -7.036750e+10, 8.498522e+10, 0.000000e+00, 0.000000e+00, -2.992153e-05, 2.825260e-05, -2.184510e-05, 1.238286e-05;
  -1.329451e+10, 2.294227e+09, 3.143863e+10, -5.628317e+10, 2.364341e+10, 3.143219e+10, 0.000000e+00, 0.000000e+00, 5.877018e-05, -5.340576e-05, 4.175305e-05, -2.223253e-05;
  -4.028603e+10, 5.028135e+10, -5.909919e+10, 3.135269e+10, 3.843654e+10, -1.002800e+11, 0.000000e+00, 0.000000e+00, -8.165836e-05, 7.534027e-05, -5.549192e-05, 2.568960e-05;
  8.766338e+10, -8.738935e+10, 5.525136e+10, 1.819514e+10, -8.091214e+10, 1.017690e+11, 0.000000e+00, 0.000000e+00, 9.506941e-05, -8.386374e-05, 5.704165e-05, -1.800060e-05;
  0.000000e+00, 0.000000e+00, 0.000000e+00, 0.000000e+00, 0.000000e+00, 0.000000e+00, -2.911993e+09, 4.350043e+09, 0.000000e+00, 0.000000e+00, 0.000000e+00, 0.000000e+00;
  0.000000e+00, 0.000000e+00, 0.000000e+00, 0.000000e+00, 0.000000e+00, 0.000000e+00, 4.350043e+09, -6.376017e+09, 0.000000e+00, 0.000000e+00, 0.000000e+00, 0.000000e+00;
  -8.940697e-08, 8.463860e-06, -3.069639e-05, 5.984306e-05, -8.285046e-05, 9.536743e-05, 0.000000e+00, 0.000000e+00, -1.862645e-09, 1.862645e-09, -9.313226e-10, 1.862645e-09;
  0.000000e+00, -7.629395e-06, 2.896786e-05, -5.543232e-05, 7.653236e-05, -8.392334e-05, 0.000000e+00, 0.000000e+00, 1.862645e-09, -4.656613e-09, 3.725290e-09, -3.725290e-09;
  5.960464e-08, 6.437302e-06, -2.300739e-05, 4.242361e-05, -5.632639e-05, 5.716085e-05, 0.000000e+00, 0.000000e+00, -9.313226e-10, 3.725290e-09, -7.450581e-09, 1.862645e-09;
  -1.192093e-07, -4.053116e-06, 1.302361e-05, -2.276897e-05, 2.598763e-05, -1.811981e-05, 0.000000e+00, 0.000000e+00, 1.862645e-09, -3.725290e-09, 1.862645e-09, -5.587935e-09;
];
K(:,:,1,7) = [
  0.000000e+00, 0.000000e+00, 0.000000e+00, 0.000000e+00, 0.000000e+00, 0.000000e+00, 1.920373e+10, -1.600120e+10, 0.000000e+00, 0.000000e+00, 0.000000e+00, 0.000000e+00;
  0.000000e+00, 0.000000e+00, 0.000000e+00, 0.000000e+00, 0.000000e+00, 0.000000e+00, -1.600120e+10, 1.515869e+10, 0.000000e+00, 0.000000e+00, 0.000000e+00, 0.000000e+00;
  0.000000e+00, 0.000000e+00, 0.000000e+00, 0.000000e+00, 0.000000e+00, 0.000000e+00, 4.231370e+09, -7.861512e+09, 0.000000e+00, 0.000000e+00, 0.000000e+00, 0.000000e+00;
  0.000000e+00, 0.000000e+00, 0.000000e+00, 0.000000e+00, 0.000000e+00, 0.000000e+00, 8.652360e+09, -4.531117e+09, 0.000000e+00, 0.000000e+00, 0.000000e+00, 0.000000e+00;
  0.000000e+00, 0.000000e+00, 0.000000e+00, 0.000000e+00, 0.000000e+00, 0.000000e+00, -1.046945e+10, 1.058737e+10, 0.000000e+00, 0.000000e+00, 0.000000e+00, 0.000000e+00;
  0.000000e+00, 0.000000e+00, 0.000000e+00, 0.000000e+00, 0.000000e+00, 0.000000e+00, 5.823986e+09, -8.700086e+09, 0.000000e+00, 0.000000e+00, 0.000000e+00, 0.000000e+00;
  9.601866e+09, -8.000600e+09, 2.115685e+09, 4.326180e+09, -5.234725e+09, 2.911993e+09, 0.000000e+00, 0.000000e+00, 7.152557e-07, -5.960464e-07, 1.788139e-07, 2.384186e-07;
  -8.000600e+09, 7.579345e+09, -3.930756e+09, -2.265559e+09, 5.293684e+09, -4.350043e+09, 0.000000e+00, 0.000000e+00, -2.384186e-06, 1.907349e-06, -6.705523e-07, -3.576279e-07;
  0.000000e+00, 0.000000e+00, 0.000000e+00, 0.000000e+00, 0.000000e+00, 0.000000e+00, -1.490116e-06, -5.364418e-07, 0.000000e+00, 0.000000e+00, 0.000000e+00, 0.000000e+00;
  0.000000e+00, 0.000000e+00, 0.000000e+00, 0.000000e+00, 0.000000e+00, 0.000000e+00, 1.251698e-06, 4.768372e-07, 0.000000e+00, 0.000000e+00, 0.000000e+00, 0.000000e+00;
  0.000000e+00, 0.000000e+00, 0.000000e+00, 0.000000e+00, 0.000000e+00, 0.000000e+00, -4.172325e-07, -1.043081e-07, 0.000000e+00, 0.000000e+00, 0.000000e+00, 0.000000e+00;
  0.000000e+00, 0.000000e+00, 0.000000e+00, 0.000000e+00, 0.000000e+00, 0.000000e+00, -4.470348e-07, -2.384186e-07, 0.000000e+00, 0.000000e+00, 0.000000e+00, 0.000000e+00;
];
K(:,:,1,8) = [
  0.000000e+00, 0.000000e+00, 0.000000e+00, 0.000000e+00, 0.000000e+00, 0.000000e+00, -1.600120e+10, 1.958301e+10, 0.000000e+00, 0.000000e+00, 0.000000e+00, 0.000000e+00;
  0.000000e+00, 0.000000e+00, 0.000000e+00, 0.000000e+00, 0.000000e+00, 0.000000e+00, 1.515869e+10, -1.921260e+10, 0.000000e+00, 0.000000e+00, 0.000000e+00, 0.000000e+00;
  0.000000e+00, 0.000000e+00, 0.000000e+00, 0.000000e+00, 0.000000e+00, 0.000000e+00, -7.861512e+09, 1.175464e+10, 0.000000e+00, 0.000000e+00, 0.000000e+00, 0.000000e+00;
  0.000000e+00, 0.000000e+00, 0.000000e+00, 0.000000e+00, 0.000000e+00, 0.000000e+00, -4.531117e+09, 3.030571e+09, 0.000000e+00, 0.000000e+00, 0.000000e+00, 0.000000e+00;
  0.000000e+00, 0.000000e+00, 0.000000e+00, 0.000000e+00, 0.000000e+00, 0.000000e+00, 1.058737e+10, -1.248628e+10, 0.000000e+00, 0.000000e+00, 0.000000e+00, 0.000000e+00;
  0.000000e+00, 0.000000e+00, 0.000000e+00, 0.000000e+00, 0.000000e+00, 0.000000e+00, -8.700086e+09, 1.275203e+10, 0.000000e+00, 0.000000e+00, 0.000000e+00, 0.000000e+00;
  -8.000600e+09, 7.579345e+09, -3.930756e+09, -2.265559e+09, 5.293684e+09, -4.350043e+09, 0.000000e+00, 0.000000e+00, -2.980232e-07, 2.086163e-07, -8.940697e-08, 2.980232e-08;
  9.791506e+09, -9.606299e+09, 5.877320e+09, 1.515286e+09, -6.243142e+09, 6.376017e+09, 0.000000e+00, 0.000000e+00, 1.072884e-06, -9.536743e-07, 4.470348e-07, -5.960464e-08;
  0.000000e+00, 0.000000e+00, 0.000000e+00, 0.000000e+00, 0.000000e+00, 0.000000e+00, 3.695488e-06, -2.026558e-06, 0.000000e+00, 0.000000e+00, 0.000000e+00, 0.000000e+00;
  0.000000e+00, 0.000000e+00, 0.000000e+00, 0.000000e+00, 0.000000e+00, 0.000000e+00, -2.861023e-06, 1.549721e-06, 0.000000e+00, 0.000000e+00, 0.000000e+00, 0.000000e+00;
  0.000000e+00, 0.000000e+00, 0.000000e+00, 0.000000e+00, 0.000000e+00, 0.000000e+00, 1.043081e-06, -7.897615e-07, 0.000000e+00, 0.000000e+00, 0.000000e+00, 0.000000e+00;
  0.000000e+00, 0.000000e+00, 0.000000e+00, 0.000000e+00, 0.000000e+00, 0.000000e+00, 5.364418e-07, -1.192093e-07, 0.000000e+00, 0.000000e+00, 0.000000e+00, 0.000000e+00;
];
K(:,:,1,9) = [
  0.000000e+00, -1.072884e-06, 2.861023e-06, -3.397465e-06, 2.831221e-06, -2.652407e-06, 0.000000e+00, 0.000000e+00, 0.000000e+00, 0.000000e+00, 0.000000e+00, 0.000000e+00;
  0.000000e+00, 2.980232e-06, -8.076429e-06, 1.122057e-05, -1.105666e-05, 9.566545e-06, 0.000000e+00, 0.000000e+00, 0.000000e+00, 0.000000e+00, 0.000000e+00, 0.000000e+00;
  0.000000e+00, -6.347895e-06, 2.133846e-05, -3.457069e-05, 3.808737e-05, -3.170967e-05, 0.000000e+00, 0.000000e+00, 0.000000e+00, 0.000000e+00, 0.000000e+00, 0.000000e+00;
  0.000000e+00, 9.313226e-06, -3.457069e-05, 6.484985e-05, -7.891655e-05, 6.973743e-05, 0.000000e+00, 0.000000e+00, 0.000000e+00, 0.000000e+00, 0.000000e+00, 0.000000e+00;
  0.000000e+00, -9.268522e-06, 3.856421e-05, -8.034706e-05, 1.139641e-04, -1.111031e-04, 0.000000e+00, 0.000000e+00, 0.000000e+00, 0.000000e+00, 0.000000e+00, 0.000000e+00;
  0.000000e+00, 8.136034e-06, -3.236532e-05, 6.973743e-05, -1.115799e-04, 1.335144e-04, 0.000000e+00, 0.000000e+00, 0.000000e+00, 0.000000e+00, 0.000000e+00, 0.000000e+00;
  0.000000e+00, 0.000000e+00, 0.000000e+00, 0.000000e+00, 0.000000e+00, 0.000000e+00, -7.152557e-07, 2.980232e-07, 0.000000e+00, 0.000000e+00, 0.000000e+00, 0.000000e+00;
  0.000000e+00, 0.000000e+00, 0.000000e+00, 0.000000e+00, 0.000000e+00, 0.000000e+00, 2.384186e-06, -1.072884e-06, 0.000000e+00, 0.000000e+00, 0.000000e+00, 0.000000e+00;
  0.000000e+00, 0.000000e+00, 0.000000e+00, 0.000000e+00, 0.000000e+00, 0.000000e+00, 0.000000e+00, 0.000000e+00, 5.513430e-07, -4.619360e-07, 1.490116e-07, 1.713634e-07;
  0.000000e+00, 0.000000e+00, 0.000000e+00, 0.000000e+00, 0.000000e+00, 0.000000e+00, 0.000000e+00, 0.000000e+00, -4.619360e-07, 3.576279e-07, -1.434237e-07, -3.725290e-08;
  0.000000e+00, 0.000000e+00, 0.000000e+00, 0.000000e+00, 0.000000e+00, 0.000000e+00, 0.000000e+00, 0.000000e+00, 1.490116e-07, -1.434237e-07, 1.713634e-07, -1.713634e-07;
  0.000000e+00, 0.000000e+00, 0.000000e+00, 0.000000e+00, 0.000000e+00, 0.000000e+00, 0.000000e+00, 0.000000e+00, 1.713634e-07, -3.725290e-08, -1.713634e-07, 1.862645e-07;
];
K(:,:,1,10) = [
  0.000000e+00, 8.940697e-07, -2.086163e-06, 3.099442e-06, -3.099442e-06, 2.652407e-06, 0.000000e+00, 0.000000e+00, 0.000000e+00, 0.000000e+00, 0.000000e+00, 0.000000e+00;
  -2.980232e-08, -2.354383e-06, 7.182360e-06, -9.760261e-06, 1.099706e-05, -9.089708e-06, 0.000000e+00, 0.000000e+00, 0.000000e+00, 0.000000e+00, 0.000000e+00, 0.000000e+00;
  2.980232e-08, 5.811453e-06, -1.907349e-05, 3.039837e-05, -3.519654e-05, 2.944469e-05, 0.000000e+00, 0.000000e+00, 0.000000e+00, 0.000000e+00, 0.000000e+00, 0.000000e+00;
  2.980232e-08, -8.448958e-06, 3.117323e-05, -5.805492e-05, 7.283688e-05, -6.303191e-05, 0.000000e+00, 0.000000e+00, 0.000000e+00, 0.000000e+00, 0.000000e+00, 0.000000e+00;
  0.000000e+00, 9.238720e-06, -3.632903e-05, 7.313490e-05, -1.001358e-04, 1.013279e-04, 0.000000e+00, 0.000000e+00, 0.000000e+00, 0.000000e+00, 0.000000e+00, 0.000000e+00;
  0.000000e+00, -7.629395e-06, 3.021955e-05, -6.505847e-05, 1.012087e-04, -1.192093e-04, 0.000000e+00, 0.000000e+00, 0.000000e+00, 0.000000e+00, 0.000000e+00, 0.000000e+00;
  0.000000e+00, 0.000000e+00, 0.000000e+00, 0.000000e+00, 0.000000e+00, 0.000000e+00, 5.662441e-07, -1.788139e-07, 0.000000e+00, 0.000000e+00, 0.000000e+00, 0.000000e+00;
  0.000000e+00, 0.000000e+00, 0.000000e+00, 0.000000e+00, 0.000000e+00, 0.000000e+00, -1.907349e-06, 9.536743e-07, 0.000000e+00, 0.000000e+00, 0.000000e+00, 0.000000e+00;
  0.000000e+00, 0.000000e+00, 0.000000e+00, 0.000000e+00, 0.000000e+00, 0.000000e+00, 0.000000e+00, 0.000000e+00, -4.544854e-07, 3.576279e-07, -1.378357e-07, -3.725290e-08;
  0.000000e+00, 0.000000e+00, 0.000000e+00, 0.000000e+00, 0.000000e+00, 0.000000e+00, 0.000000e+00, 0.000000e+00, 3.576279e-07, -2.980232e-07, 1.583248e-07, -1.862645e-09;
  0.000000e+00, 0.000000e+00, 0.000000e+00, 0.000000e+00, 0.000000e+00, 0.000000e+00, 0.000000e+00, 0.000000e+00, -1.378357e-07, 1.583248e-07, -1.564622e-07, 7.823110e-08;
  0.000000e+00, 0.000000e+00, 0.000000e+00, 0.000000e+00, 0.000000e+00, 0.000000e+00, 0.000000e+00, 0.000000e+00, -3.725290e-08, -1.862645e-09, 7.823110e-08, -1.154840e-07;
];
K(:,:,1,11) = [
  0.000000e+00, -2.905726e-07, 1.072884e-06, -2.026558e-06, 3.233552e-06, -2.324581e-06, 0.000000e+00, 0.000000e+00, 0.000000e+00, 0.000000e+00, 0.000000e+00, 0.000000e+00;
  0.000000e+00, 9.462237e-07, -3.606081e-06, 7.063150e-06, -9.499490e-06, 8.106232e-06, 0.000000e+00, 0.000000e+00, 0.000000e+00, 0.000000e+00, 0.000000e+00, 0.000000e+00;
  0.000000e+00, -2.920628e-06, 1.130998e-05, -2.080202e-05, 2.643466e-05, -2.469122e-05, 0.000000e+00, 0.000000e+00, 0.000000e+00, 0.000000e+00, 0.000000e+00, 0.000000e+00;
  0.000000e+00, 5.960464e-06, -2.112985e-05, 3.731251e-05, -4.842877e-05, 4.875660e-05, 0.000000e+00, 0.000000e+00, 0.000000e+00, 0.000000e+00, 0.000000e+00, 0.000000e+00;
  7.450581e-09, -8.039176e-06, 2.792478e-05, -4.902482e-05, 6.628036e-05, -6.908178e-05, 0.000000e+00, 0.000000e+00, 0.000000e+00, 0.000000e+00, 0.000000e+00, 0.000000e+00;
  0.000000e+00, 7.152557e-06, -2.513826e-05, 4.923344e-05, -6.955862e-05, 7.623434e-05, 0.000000e+00, 0.000000e+00, 0.000000e+00, 0.000000e+00, 0.000000e+00, 0.000000e+00;
  0.000000e+00, 0.000000e+00, 0.000000e+00, 0.000000e+00, 0.000000e+00, 0.000000e+00, -1.192093e-07, 9.685755e-08, 0.000000e+00, 0.000000e+00, 0.000000e+00, 0.000000e+00;
  0.000000e+00, 0.000000e+00, 0.000000e+00, 0.000000e+00, 0.000000e+00, 0.000000e+00, 6.705523e-07, -4.768372e-07, 0.000000e+00, 0.000000e+00, 0.000000e+00, 0.000000e+00;
  0.000000e+00, 0.000000e+00, 0.000000e+00, 0.000000e+00, 0.000000e+00, 0.000000e+00, 0.000000e+00, 0.000000e+00, 1.415610e-07, -1.415610e-07, 1.639128e-07, -1.676381e-07;
  0.000000e+00, 0.000000e+00, 0.000000e+00, 0.000000e+00, 0.000000e+00, 0.000000e+00, 0.000000e+00, 0.000000e+00, -1.415610e-07, 1.601875e-07, -1.564622e-07, 7.823110e-08;
  0.000000e+00, 0.000000e+00, 0.000000e+00, 0.000000e+00, 0.000000e+00, 0.000000e+00, 0.000000e+00, 0.000000e+00, 1.639128e-07, -1.564622e-07, 7.078052e-08, 6.146729e-08;
  0.000000e+00, 0.000000e+00, 0.000000e+00, 0.000000e+00, 0.000000e+00, 0.000000e+00, 0.000000e+00, 0.000000e+00, -1.676381e-07, 7.823110e-08, 6.146729e-08, -5.587935e-08;
];
K(:,:,1,12) = [
  0.000000e+00, -2.086163e-07, 1.043081e-07, 7.152557e-07, -1.490116e-06, 1.490116e-06, 0.000000e+00, 0.000000e+00, 0.000000e+00, 0.000000e+00, 0.000000e+00, 0.000000e+00;
  4.470348e-08, 4.470348e-07, 8.195639e-08, -2.086163e-06, 4.321337e-06, -5.438924e-06, 0.000000e+00, 0.000000e+00, 0.000000e+00, 0.000000e+00, 0.000000e+00, 0.000000e+00;
  -7.450581e-09, 1.117587e-07, -1.415610e-06, 5.632639e-06, -1.177192e-05, 1.478195e-05, 0.000000e+00, 0.000000e+00, 0.000000e+00, 0.000000e+00, 0.000000e+00, 0.000000e+00;
  -2.980232e-08, -1.966953e-06, 6.079674e-06, -1.078844e-05, 1.734495e-05, -2.467632e-05, 0.000000e+00, 0.000000e+00, 0.000000e+00, 0.000000e+00, 0.000000e+00, 0.000000e+00;
  2.980232e-08, 3.755093e-06, -1.227856e-05, 1.788139e-05, -2.145767e-05, 2.679229e-05, 0.000000e+00, 0.000000e+00, 0.000000e+00, 0.000000e+00, 0.000000e+00, 0.000000e+00;
  -2.980232e-08, -4.425645e-06, 1.484156e-05, -2.485514e-05, 2.709031e-05, -2.098083e-05, 0.000000e+00, 0.000000e+00, 0.000000e+00, 0.000000e+00, 0.000000e+00, 0.000000e+00;
  0.000000e+00, 0.000000e+00, 0.000000e+00, 0.000000e+00, 0.000000e+00, 0.000000e+00, -2.384186e-07, -5.960464e-08, 0.000000e+00, 0.000000e+00, 0.000000e+00, 0.000000e+00;
  0.000000e+00, 0.000000e+00, 0.000000e+00, 0.000000e+00, 0.000000e+00, 0.000000e+00, 3.576279e-07, 5.960464e-08, 0.000000e+00, 0.000000e+00, 0.000000e+00, 0.000000e+00;
  0.000000e+00, 0.000000e+00, 0.000000e+00, 0.000000e+00, 0.000000e+00, 0.000000e+00, 0.000000e+00, 0.000000e+00, 1.788139e-07, -4.470348e-08, -1.750886e-07, 1.937151e-07;
  0.000000e+00, 0.000000e+00, 0.000000e+00, 0.000000e+00, 0.000000e+00, 0.000000e+00, 0.000000e+00, 0.000000e+00, -4.470348e-08, 1.862645e-09, 7.823110e-08, -1.117587e-07;
  0.000000e+00, 0.000000e+00, 0.000000e+00, 0.000000e+00, 0.000000e+00, 0.000000e+00, 0.000000e+00, 0.000000e+00, -1.750886e-07, 7.823110e-08, 5.774200e-08, -5.587935e-08;
  0.000000e+00, 0.000000e+00, 0.000000e+00, 0.000000e+00, 0.000000e+00, 0.000000e+00, 0.000000e+00, 0.000000e+00, 1.937151e-07, -1.117587e-07, -5.587935e-08, 1.564622e-07;
];
K(:,:,2,1) = [
  -1.600120e+10, 1.737085e+10, -1.247660e+10, -2.631120e+09, 1.312406e+10, -1.199461e+10, 0.000000e+00, 0.000000e+00, -1.668930e-06, 1.311302e-06, -4.470348e-07, -1.788139e-07;
  1.958301e+10, -1.921260e+10, 1.175464e+10, 3.030571e+09, -1.248628e+10, 1.275203e+10, 0.000000e+00, 0.000000e+00, 5.245209e-06, -4.172325e-06, 1.803041e-06, 2.980232e-07;
  -1.709170e+10, 1.547324e+10, -6.839181e+09, -5.084765e+09, 9.599511e+09, -8.623599e+09, 0.000000e+00, 0.000000e+00, -1.430511e-05, 1.215935e-05, -6.675720e-06, 5.066395e-07;
  -7.311230e+08, -4.481648e+08, -8.226488e+08, 8.257175e+09, -1.169823e+10, 3.503651e+09, 0.000000e+00, 0.000000e+00, 2.503395e-05, -2.217293e-05, 1.430511e-05, -3.814697e-06;
  1.566075e+10, -1.285052e+10, 5.551073e+09, -6.858511e+09, 2.035706e+10, -1.788410e+10, 0.000000e+00, 0.000000e+00, -3.004074e-05, 2.813339e-05, -2.145767e-05, 9.298325e-06;
  -1.528914e+10, 1.528696e+10, -7.991695e+09, -1.010465e+09, -1.355280e+10, 3.831020e+10, 0.000000e+00, 0.000000e+00, 2.765656e-05, -2.634525e-05, 2.193451e-05, -1.239777e-05;
  0.000000e+00, 0.000000e+00, 0.000000e+00, 0.000000e+00, 0.000000e+00, 0.000000e+00, 8.000600e+09, -7.579345e+09, 0.000000e+00, 0.000000e+00, 0.000000e+00, 0.000000e+00;
  0.000000e+00, 0.000000e+00, 0.000000e+00, 0.000000e+00, 0.000000e+00, 0.000000e+00, -7.579345e+09, 9.606299e+09, 0.000000e+00, 0.000000e+00, 0.000000e+00, 0.000000e+00;
  7.152557e-07, 4.053116e-06, -1.531839e-05, 2.628565e-05, -3.039837e-05, 2.758205e-05, 0.000000e+00, 0.000000e+00, -1.303852e-08, 4.656613e-09, 0.000000e+00, -1.862645e-09;
  -5.960464e-07, -3.218651e-06, 1.283735e-05, -2.297759e-05, 2.843142e-05, -2.641976e-05, 0.000000e+00, 0.000000e+00, 4.656613e-09, -3.725290e-09, 1.164153e-09, 1.396984e-09;
  2.235174e-07, 1.363456e-06, -6.705523e-06, 1.463294e-05, -2.225488e-05, 2.196431e-05, 0.000000e+00, 0.000000e+00, 0.000000e+00, 1.164153e-09, 2.793968e-09, 1.862645e-09;
  1.788139e-07, 2.980232e-07, 0.000000e+00, -3.635883e-06, 9.834766e-06, -1.293421e-05, 0.000000e+00, 0.000000e+00, -1.862645e-09, 1.396984e-09, 1.862645e-09, -9.313226e-10;
];
K(:,:,2,2) = [
  1.294653e+10, -1.921260e+10, 2.291045e+10, -7.405637e+09, -1.357898e+10, 2.035680e+10, 0.000000e+00, 0.000000e+00, 9.536743e-07, -7.152557e-07, 4.321337e-07, -1.192093e-07;
  -1.921260e+10, 2.487845e+10, -2.640413e+10, 8.324772e+09, 1.468387e+10, -2.398862e+10, 0.000000e+00, 0.000000e+00, -4.053116e-06, 3.218651e-06, -1.788139e-06, 1.788139e-07;
  2.291045e+10, -2.640413e+10, 2.328988e+10, -4.746030e+09, -1.309809e+10, 2.071135e+10, 0.000000e+00, 0.000000e+00, 1.335144e-05, -1.192093e-05, 6.794930e-06, -8.940697e-07;
  -7.405637e+09, 8.324772e+09, -4.746030e+09, -6.777445e+09, 1.356162e+10, -8.265866e+09, 0.000000e+00, 0.000000e+00, -2.765656e-05, 2.431870e-05, -1.573563e-05, 3.874302e-06;
  -1.357898e+10, 1.468387e+10, -1.309809e+10, 1.356162e+10, -2.253884e+10, 1.755411e+10, 0.000000e+00, 0.000000e+00, 3.814697e-05, -3.480911e-05, 2.479553e-05, -9.298325e-06;
  2.035680e+10, -2.398862e+10, 2.071135e+10, -8.265866e+09, 1.755411e+10, -4.069447e+10, 0.000000e+00, 0.000000e+00, -3.743172e-05, 3.457069e-05, -2.717972e-05, 1.430511e-05;
  0.000000e+00, 0.000000e+00, 0.000000e+00, 0.000000e+00, 0.000000e+00, 0.000000e+00, -9.791506e+09, 9.606299e+09, 0.000000e+00, 0.000000e+00, 0.000000e+00, 0.000000e+00;
  0.000000e+00, 0.000000e+00, 0.000000e+00, 0.000000e+00, 0.000000e+00, 0.000000e+00, 9.606299e+09, -1.243923e+10, 0.000000e+00, 0.000000e+00, 0.000000e+00, 0.000000e+00;
  -3.099442e-06, -2.145767e-06, 1.475215e-05, -2.998114e-05, 3.886223e-05, -3.740191e-05, 0.000000e+00, 0.000000e+00, 1.117587e-08, -7.450581e-09, 1.396984e-09, -3.725290e-09;
  2.503395e-06, 1.609325e-06, -1.272559e-05, 2.622604e-05, -3.546476e-05, 3.492832e-05, 0.000000e+00, 0.000000e+00, -7.450581e-09, 9.313226e-10, -1.164153e-09, 0.000000e+00;
  -9.238720e-07, -8.940697e-07, 6.914139e-06, -1.674891e-05, 2.562255e-05, -2.759695e-05, 0.000000e+00, 0.000000e+00, 1.396984e-09, -1.164153e-09, 1.862645e-09, 0.000000e+00;
  -4.172325e-07, 1.192093e-07, -3.278255e-07, 3.695488e-06, -9.596348e-06, 1.467019e-05, 0.000000e+00, 0.000000e+00, -3.725290e-09, 0.000000e+00, 0.000000e+00, -1.862645e-09;
];
K(:,:,2,3) = [
  -3.246419e+09, 1.547324e+10, -3.888499e+10, 3.922688e+10, -3.782161e+09, -3.276515e+10, 0.000000e+00, 0.000000e+00, -4.321337e-07, 4.097819e-07, -5.066395e-07, 2.384186e-07;
  1.175464e+10, -2.640413e+10, 5.197434e+10, -4.798079e+10, 3.632194e+09, 4.150599e+10, 0.000000e+00, 0.000000e+00, 2.175570e-06, -2.294779e-06, 1.847744e-06, -8.642673e-07;
  -2.820305e+10, 4.241285e+10, -6.033072e+10, 4.528040e+10, -6.513469e+08, -4.227916e+10, 0.000000e+00, 0.000000e+00, -1.251698e-05, 1.162291e-05, -8.046627e-06, 2.682209e-06;
  2.871845e+10, -3.356920e+10, 3.035812e+10, -8.067073e+09, -1.128486e+10, 1.933758e+10, 0.000000e+00, 0.000000e+00, 3.314018e-05, -2.956390e-05, 1.943111e-05, -5.543232e-06;
  -3.370041e+09, -1.944567e+09, 1.591521e+10, -2.899075e+10, 2.853752e+10, -1.097459e+10, 0.000000e+00, 0.000000e+00, -5.507469e-05, 4.911423e-05, -3.206730e-05, 1.043081e-05;
  -2.408606e+10, 3.457444e+10, -4.614787e+10, 3.886357e+10, -3.009422e+10, 2.599035e+10, 0.000000e+00, 0.000000e+00, 6.115437e-05, -5.590916e-05, 3.957748e-05, -1.674891e-05;
  0.000000e+00, 0.000000e+00, 0.000000e+00, 0.000000e+00, 0.000000e+00, 0.000000e+00, 8.545848e+09, -9.595924e+09, 0.000000e+00, 0.000000e+00, 0.000000e+00, 0.000000e+00;
  0.000000e+00, 0.000000e+00, 0.000000e+00, 0.000000e+00, 0.000000e+00, 0.000000e+00, -9.595924e+09, 1.320207e+10, 0.000000e+00, 0.000000e+00, 0.000000e+00, 0.000000e+00;
  6.914139e-06, -1.430511e-06, -1.478195e-05, 3.692508e-05, -5.793571e-05, 6.186962e-05, 0.000000e+00, 0.000000e+00, -7.450581e-09, 0.000000e+00, 9.313226e-10, -1.862645e-09;
  -5.722046e-06, 1.192093e-06, 1.293421e-05, -3.331900e-05, 5.131960e-05, -5.638599e-05, 0.000000e+00, 0.000000e+00, 0.000000e+00, -1.862645e-09, 1.862645e-09, 0.000000e+00;
  3.159046e-06, -1.192093e-07, -8.583069e-06, 2.130866e-05, -3.381073e-05, 4.029274e-05, 0.000000e+00, 0.000000e+00, 9.313226e-10, 1.862645e-09, -1.396984e-09, 9.313226e-10;
  -1.490116e-07, -5.066395e-07, 2.413988e-06, -5.662441e-06, 1.072884e-05, -1.727045e-05, 0.000000e+00, 0.000000e+00, -1.862645e-09, 0.000000e+00, 9.313226e-10, -3.725290e-09;
];
K(:,:,2,4) = [
  -6.431114e+09, -4.481648e+08, 3.070265e+10, -6.917300e+10, 5.882875e+10, 8.460689e+09, 0.000000e+00, 0.000000e+00, 1.132488e-06, -7.450581e-07, 5.662441e-07, -4.172325e-07;
  3.030571e+09, 8.324772e+09, -4.798079e+10, 9.077172e+10, -7.231150e+10, -1.235089e+10, 0.000000e+00, 0.000000e+00, -3.874302e-06, 3.814697e-06, -2.801418e-06, 1.251698e-06;
  1.593210e+10, -3.356920e+10, 7.512495e+10, -1.010567e+11, 6.729368e+10, 1.872587e+10, 0.000000e+00, 0.000000e+00, 1.385808e-05, -1.391768e-05, 1.031160e-05, -4.768372e-06;
  -4.336294e+10, 5.825533e+10, -7.006016e+10, 4.515087e+10, -7.098313e+09, -2.260259e+10, 0.000000e+00, 0.000000e+00, -3.731251e-05, 3.415346e-05, -2.405047e-05, 9.953976e-06;
  4.015948e+10, -4.368713e+10, 2.339495e+10, 3.016910e+10, -5.325952e+10, 2.337759e+10, 0.000000e+00, 0.000000e+00, 6.628036e-05, -6.031990e-05, 4.065037e-05, -1.418591e-05;
  2.294227e+09, -1.098922e+10, 3.845576e+10, -7.014268e+10, 6.760831e+10, -1.785667e+10, 0.000000e+00, 0.000000e+00, -8.368492e-05, 7.462502e-05, -5.054474e-05, 1.847744e-05;
  0.000000e+00, 0.000000e+00, 0.000000e+00, 0.000000e+00, 0.000000e+00, 0.000000e+00, 3.655615e+08, 1.963450e+09, 0.000000e+00, 0.000000e+00, 0.000000e+00, 0.000000e+00;
  0.000000e+00, 0.000000e+00, 0.000000e+00, 0.000000e+00, 0.000000e+00, 0.000000e+00, 1.963450e+09, -4.162386e+09, 0.000000e+00, 0.000000e+00, 0.000000e+00, 0.000000e+00;
  -8.821487e-06, 2.145767e-06, 1.597404e-05, -4.291534e-05, 7.081032e-05, -8.606911e-05, 0.000000e+00, 0.000000e+00, 7.450581e-09, 3.725290e-09, 1.117587e-08, -1.862645e-09;
  8.344650e-06, -1.668930e-06, -1.561642e-05, 3.910065e-05, -6.294250e-05, 7.545948e-05, 0.000000e+00, 0.000000e+00, 3.725290e-09, 3.725290e-09, -7.450581e-09, 4.656613e-10;
  -6.198883e-06, 7.152557e-07, 1.233816e-05, -2.810359e-05, 4.242361e-05, -5.152822e-05, 0.000000e+00, 0.000000e+00, 1.117587e-08, -7.450581e-09, 1.862645e-09, -1.396984e-09;
  2.026558e-06, 1.788139e-07, -5.513430e-06, 1.096725e-05, -1.442432e-05, 1.883507e-05, 0.000000e+00, 0.000000e+00, -1.862645e-09, 4.656613e-10, -1.396984e-09, -9.313226e-10;
];
K(:,:,2,5) = [
  8.050676e+09, -1.285052e+10, 4.314715e+09, 4.914931e+10, -1.066405e+11, 7.786713e+10, 0.000000e+00, 0.000000e+00, -1.728535e-06, 1.311302e-06, -9.834766e-07, 4.172325e-07;
  -1.248628e+10, 1.468387e+10, 3.632194e+09, -7.231150e+10, 1.379584e+11, -9.738385e+10, 0.000000e+00, 0.000000e+00, 5.960464e-06, -5.185604e-06, 3.702939e-06, -1.966953e-06;
  8.775272e+09, -1.944567e+09, -3.378446e+10, 1.027054e+11, -1.460224e+11, 9.077930e+10, 0.000000e+00, 0.000000e+00, -1.955032e-05, 1.829863e-05, -1.350045e-05, 6.735325e-06;
  2.564032e+10, -4.368713e+10, 7.651259e+10, -8.163313e+10, 4.674071e+10, -6.991110e+08, 0.000000e+00, 0.000000e+00, 4.220009e-05, -3.838539e-05, 2.922118e-05, -1.445413e-05;
  -6.430800e+10, 8.445930e+10, -8.783574e+10, 1.340730e+10, 7.691054e+10, -8.905925e+10, 0.000000e+00, 0.000000e+00, -6.765127e-05, 6.172061e-05, -4.464388e-05, 2.074242e-05;
  5.028135e+10, -5.907120e+10, 3.774171e+10, 5.155718e+10, -1.255608e+11, 9.544458e+10, 0.000000e+00, 0.000000e+00, 8.773804e-05, -7.891655e-05, 5.370378e-05, -1.955032e-05;
  0.000000e+00, 0.000000e+00, 0.000000e+00, 0.000000e+00, 0.000000e+00, 0.000000e+00, -7.830376e+09, 6.607374e+09, 0.000000e+00, 0.000000e+00, 0.000000e+00, 0.000000e+00;
  0.000000e+00, 0.000000e+00, 0.000000e+00, 0.000000e+00, 0.000000e+00, 0.000000e+00, 6.607374e+09, -7.341934e+09, 0.000000e+00, 0.000000e+00, 0.000000e+00, 0.000000e+00;
  8.702278e-06, -9.536743e-07, -2.050400e-05, 4.839897e-05, -7.236004e-05, 9.226799e-05, 0.000000e+00, 0.000000e+00, -1.117587e-08, -1.862645e-09, -1.862645e-08, 3.725290e-09;
  -9.179115e-06, 9.536743e-07, 2.002716e-05, -4.398823e-05, 6.672740e-05, -8.153915e-05, 0.000000e+00, 0.000000e+00, -1.862645e-09, -3.725290e-09, 7.450581e-09, -5.587935e-09;
  7.629395e-06, -7.152557e-07, -1.609325e-05, 3.327429e-05, -4.678965e-05, 5.489588e-05, 0.000000e+00, 0.000000e+00, -1.862645e-08, 7.450581e-09, -3.259629e-09, -9.313226e-10;
  -3.814697e-06, 2.384186e-07, 8.493662e-06, -1.657009e-05, 2.145767e-05, -1.972914e-05, 0.000000e+00, 0.000000e+00, 3.725290e-09, -5.587935e-09, -9.313226e-10, -7.450581e-09;
];
K(:,:,2,6) = [
  -5.405559e+09, 1.528696e+10, -3.402896e+10, 1.748892e+10, 6.920454e+10, -1.502391e+11, 0.000000e+00, 0.000000e+00, 1.430511e-06, -1.221895e-06, 8.642673e-07, -5.364418e-07;
  1.275203e+10, -2.398862e+10, 4.150599e+10, -1.235089e+10, -9.738385e+10, 1.931941e+11, 0.000000e+00, 0.000000e+00, -5.453825e-06, 5.006790e-06, -3.635883e-06, 2.019107e-06;
  -2.598177e+10, 3.457444e+10, -3.454174e+10, -2.032610e+10, 1.290186e+11, -2.003356e+11, 0.000000e+00, 0.000000e+00, 2.026558e-05, -1.859665e-05, 1.430511e-05, -7.569790e-06;
  1.583658e+10, -1.098922e+10, -2.012220e+10, 7.247760e+10, -8.916055e+10, 5.391295e+10, 0.000000e+00, 0.000000e+00, -4.053116e-05, 3.778934e-05, -2.953410e-05, 1.609325e-05;
  3.728746e+10, -5.907120e+10, 9.510060e+10, -8.113499e+10, -1.605613e+10, 1.254463e+11, 0.000000e+00, 0.000000e+00, 5.936623e-05, -5.245209e-05, 4.315376e-05, -2.172589e-05;
  -8.738935e+10, 1.152313e+11, -1.248936e+11, 2.998975e+10, 1.154457e+11, -1.938979e+11, 0.000000e+00, 0.000000e+00, -6.830692e-05, 6.306171e-05, -4.410744e-05, 1.704693e-05;
  0.000000e+00, 0.000000e+00, 0.000000e+00, 0.000000e+00, 0.000000e+00, 0.000000e+00, 7.644570e+09, -8.910938e+09, 0.000000e+00, 0.000000e+00, 0.000000e+00, 0.000000e+00;
  0.000000e+00, 0.000000e+00, 0.000000e+00, 0.000000e+00, 0.000000e+00, 0.000000e+00, -8.910938e+09, 1.199431e+10, 0.000000e+00, 0.000000e+00, 0.000000e+00, 0.000000e+00;
  -8.285046e-06, 0.000000e+00, 2.121925e-05, -4.553795e-05, 6.318092e-05, -7.045269e-05, 0.000000e+00, 0.000000e+00, 9.313226e-09, -1.303852e-08, -1.862645e-09, 0.000000e+00;
  7.748604e-06, -2.384186e-07, -2.002716e-05, 4.279613e-05, -5.650520e-05, 6.556511e-05, 0.000000e+00, 0.000000e+00, -1.303852e-08, 1.676381e-08, -7.450581e-09, -1.117587e-08;
  -6.675720e-06, 4.768372e-07, 1.573563e-05, -3.331900e-05, 4.613400e-05, -4.565716e-05, 0.000000e+00, 0.000000e+00, -1.862645e-09, -7.450581e-09, 5.587935e-09, -2.793968e-09;
  4.291534e-06, -4.768372e-07, -9.179115e-06, 1.871586e-05, -2.324581e-05, 1.728535e-05, 0.000000e+00, 0.000000e+00, 0.000000e+00, -1.117587e-08, -2.793968e-09, 0.000000e+00;
];
K(:,:,2,7) = [
  0.000000e+00, 0.000000e+00, 0.000000e+00, 0.000000e+00, 0.000000e+00, 0.000000e+00, -1.600120e+10, 1.515869e+10, 0.000000e+00, 0.000000e+00, 0.000000e+00, 0.000000e+00;
  0.000000e+00, 0.000000e+00, 0.000000e+00, 0.000000e+00, 0.000000e+00, 0.000000e+00, 1.958301e+10, -1.921260e+10, 0.000000e+00, 0.000000e+00, 0.000000e+00, 0.000000e+00;
  0.000000e+00, 0.000000e+00, 0.000000e+00, 0.000000e+00, 0.000000e+00, 0.000000e+00, -1.709170e+10, 1.919185e+10, 0.000000e+00, 0.000000e+00, 0.000000e+00, 0.000000e+00;
  0.000000e+00, 0.000000e+00, 0.000000e+00, 0.000000e+00, 0.000000e+00, 0.000000e+00, -7.311230e+08, -3.926901e+09, 0.000000e+00, 0.000000e+00, 0.000000e+00, 0.000000e+00;
  0.000000e+00, 0.000000e+00, 0.000000e+00, 0.000000e+00, 0.000000e+00, 0.000000e+00, 1.566075e+10, -1.321475e+10, 0.000000e+00, 0.000000e+00, 0.000000e+00, 0.000000e+00;
  0.000000e+00, 0.000000e+00, 0.000000e+00, 0.000000e+00, 0.000000e+00, 0.000000e+00, -1.528914e+10, 1.782188e+10, 0.000000e+00, 0.000000e+00, 0.000000e+00, 0.000000e+00;
  -8.000600e+09, 9.791506e+09, -8.545848e+09, -3.655615e+08, 7.830376e+09, -7.644570e+09, 0.000000e+00, 0.000000e+00, -1.311302e-06, 1.072884e-06, -3.576279e-07, -1.788139e-07;
  7.579345e+09, -9.606299e+09, 9.595924e+09, -1.963450e+09, -6.607374e+09, 8.910938e+09, 0.000000e+00, 0.000000e+00, 4.053116e-06, -3.218651e-06, 1.363456e-06, 2.980232e-07;
  0.000000e+00, 0.000000e+00, 0.000000e+00, 0.000000e+00, 0.000000e+00, 0.000000e+00, 2.622604e-06, 9.536743e-07, 0.000000e+00, 0.000000e+00, 0.000000e+00, 0.000000e+00;
  0.000000e+00, 0.000000e+00, 0.000000e+00, 0.000000e+00, 0.000000e+00, 0.000000e+00, -2.026558e-06, -6.556511e-07, 0.000000e+00, 0.000000e+00, 0.000000e+00, 0.000000e+00;
  0.000000e+00, 0.000000e+00, 0.000000e+00, 0.000000e+00, 0.000000e+00, 0.000000e+00, 7.897615e-07, 1.192093e-07, 0.000000e+00, 0.000000e+00, 0.000000e+00, 0.000000e+00;
  0.000000e+00, 0.000000e+00, 0.000000e+00, 0.000000e+00, 0.000000e+00, 0.000000e+00, 3.576279e-07, 2.682209e-07, 0.000000e+00, 0.000000e+00, 0.000000e+00, 0.000000e+00;
];
