function symThet1 = T1(x)
%T1
%    symThet1 = T1(X)

%    This function was generated by the Symbolic Math Toolbox version 24.2.
%    16-Mar-2026 16:57:01

mt1 = [0.0;0.0;0.0;0.0;0.0;0.0;0.0;0.0;0.0;0.0;1.0;x.*(-8.0e+2./1.31e+2)+1.0;x.*(x.*3.729386399393975e+1-1.221374045801527e+1)+(x.*(4.0e+2./1.31e+2)-1.0).*(x.*(8.0e+2./1.31e+2)-2.0)-1.0];
mt2 = [x.*(4.0e+2./1.31e+2)-((x.*(4.0e+2./1.31e+2)-1.0).*(x.*(8.0e+2./1.31e+2)-2.0)-1.0).*(x.*(8.0e+2./1.31e+2)-2.0)-x.*((x.*(4.0e+2./1.31e+2)-1.0).*(x.*(8.0e+2./1.31e+2)-2.0).*(8.0e+2./1.31e+2)+(x.*(8.0e+2./1.31e+2)-2.0).*(x.*3.729386399393975e+1-1.221374045801527e+1)-9.16030534351145)-1.0];
symThet1 = [mt1;mt2];
end
