function symW1 = W1(x)
%W1
%    symW1 = W1(X)

%    This function was generated by the Symbolic Math Toolbox version 24.2.
%    29-Jan-2026 13:20:31

et1 = (x.*(8.0e+2./1.31e+2)-2.0).*(x.*(-5.594079599090962e+1)+(x.*(8.0e+2./1.31e+2)-2.0).*((x.*(4.0e+2./1.31e+2)-1.0).*(x.*(8.0e+2./1.31e+2)-2.0).*(8.0e+2./1.31e+2)+(x.*(8.0e+2./1.31e+2)-2.0).*(x.*3.729386399393975e+1-1.221374045801527e+1)-9.16030534351145)+((x.*(4.0e+2./1.31e+2)-1.0).*(x.*(8.0e+2./1.31e+2)-2.0)-1.0).*(x.*(8.0e+2./1.31e+2)-2.0).*(8.0e+2./1.31e+2)+1.83206106870229e+1);
et2 = (x.*(8.0e+2./1.31e+2)-2.0).*(x.*(-4.0e+2./1.31e+2)+((x.*(4.0e+2./1.31e+2)-1.0).*(x.*(8.0e+2./1.31e+2)-2.0)-1.0).*(x.*(8.0e+2./1.31e+2)-2.0)+1.0).*(8.0e+2./1.31e+2)-(x.*(4.0e+2./1.31e+2)-1.0).*(x.*(8.0e+2./1.31e+2)-2.0).*1.221374045801527e+1-(x.*(8.0e+2./1.31e+2)-2.0).*(x.*3.729386399393975e+1-1.221374045801527e+1)+1.526717557251908e+1;
et3 = x.*((x.*(8.0e+2./1.31e+2)-2.0).*(x.*(-4.0e+2./1.31e+2)+((x.*(4.0e+2./1.31e+2)-1.0).*(x.*(8.0e+2./1.31e+2)-2.0)-1.0).*(x.*(8.0e+2./1.31e+2)-2.0)+1.0)-(x.*(4.0e+2./1.31e+2)-1.0).*(x.*(8.0e+2./1.31e+2)-2.0)+1.0).*2.0;
et4 = x.^2.*(x.*(-5.594079599090962e+1)+(x.*(8.0e+2./1.31e+2)-2.0).*((x.*(4.0e+2./1.31e+2)-1.0).*(x.*(8.0e+2./1.31e+2)-2.0).*(8.0e+2./1.31e+2)+(x.*(8.0e+2./1.31e+2)-2.0).*(x.*3.729386399393975e+1-1.221374045801527e+1)-9.16030534351145)+((x.*(4.0e+2./1.31e+2)-1.0).*(x.*(8.0e+2./1.31e+2)-2.0)-1.0).*(x.*(8.0e+2./1.31e+2)-2.0).*(8.0e+2./1.31e+2)+1.83206106870229e+1);
mt1 = [x.*2.0;x.*(x.*(4.0e+2./1.31e+2)-1.0).*-2.0-x.^2.*(4.0e+2./1.31e+2);x.*((x.*(4.0e+2./1.31e+2)-1.0).*(x.*(8.0e+2./1.31e+2)-2.0)-1.0).*2.0+x.^2.*(x.*3.729386399393975e+1-1.221374045801527e+1)];
mt2 = [-x.^2.*((x.*(4.0e+2./1.31e+2)-1.0).*(x.*(8.0e+2./1.31e+2)-2.0).*(8.0e+2./1.31e+2)+(x.*(8.0e+2./1.31e+2)-2.0).*(x.*3.729386399393975e+1-1.221374045801527e+1)-9.16030534351145)-x.*(x.*(-4.0e+2./1.31e+2)+((x.*(4.0e+2./1.31e+2)-1.0).*(x.*(8.0e+2./1.31e+2)-2.0)-1.0).*(x.*(8.0e+2./1.31e+2)-2.0)+1.0).*2.0;et3+et4];
mt3 = [x.*(x.*(4.0e+2./1.31e+2)+(x.*(8.0e+2./1.31e+2)-2.0).*((x.*(8.0e+2./1.31e+2)-2.0).*(x.*(-4.0e+2./1.31e+2)+((x.*(4.0e+2./1.31e+2)-1.0).*(x.*(8.0e+2./1.31e+2)-2.0)-1.0).*(x.*(8.0e+2./1.31e+2)-2.0)+1.0)-(x.*(4.0e+2./1.31e+2)-1.0).*(x.*(8.0e+2./1.31e+2)-2.0)+1.0)-((x.*(4.0e+2./1.31e+2)-1.0).*(x.*(8.0e+2./1.31e+2)-2.0)-1.0).*(x.*(8.0e+2./1.31e+2)-2.0)-1.0).*-2.0-x.^2.*(et1+et2);0.0;0.0;0.0;0.0;0.0;0.0;0.0;0.0];
symW1 = [mt1;mt2;mt3];
end
