function symW2 = W2(x)
%W2
%    symW2 = W2(X)

%    This function was generated by the Symbolic Math Toolbox version 24.2.
%    02-Feb-2026 16:59:42

et1 = x.*(-1.366492726495502e+3)+(x.*(8.0e+2./1.31e+2)-2.0).*((x.*(4.0e+2./1.31e+2)-1.0).*(x.*(8.0e+2./1.31e+2)-2.0).*(8.0e+2./1.31e+2)+(x.*(8.0e+2./1.31e+2)-2.0).*(x.*3.729386399393975e+1-1.221374045801527e+1)-9.16030534351145).*1.221374045801527e+1;
et2 = (x.*(8.0e+2./1.31e+2)-2.0).*((x.*(8.0e+2./1.31e+2)-2.0).*(x.*6.832463632477511e+2-2.237631839636385e+2)+(x.*(4.0e+2./1.31e+2)-1.0).*(x.*(8.0e+2./1.31e+2)-2.0).*7.458772798787949e+1+(x.*(8.0e+2./1.31e+2)-2.0).*(x.*3.729386399393975e+1-1.221374045801527e+1).*1.221374045801527e+1-1.49175455975759e+2);
et3 = ((x.*(4.0e+2./1.31e+2)-1.0).*(x.*(8.0e+2./1.31e+2)-2.0)-1.0).*(x.*(8.0e+2./1.31e+2)-2.0).*7.458772798787949e+1+4.47526367927277e+2;
et4 = (x.*(8.0e+2./1.31e+2)-2.0).*(x.*(-5.594079599090962e+1)+(x.*(8.0e+2./1.31e+2)-2.0).*((x.*(4.0e+2./1.31e+2)-1.0).*(x.*(8.0e+2./1.31e+2)-2.0).*(8.0e+2./1.31e+2)+(x.*(8.0e+2./1.31e+2)-2.0).*(x.*3.729386399393975e+1-1.221374045801527e+1)-9.16030534351145)+((x.*(4.0e+2./1.31e+2)-1.0).*(x.*(8.0e+2./1.31e+2)-2.0)-1.0).*(x.*(8.0e+2./1.31e+2)-2.0).*(8.0e+2./1.31e+2)+1.83206106870229e+1);
et5 = (x.*(8.0e+2./1.31e+2)-2.0).*(x.*(-4.0e+2./1.31e+2)+((x.*(4.0e+2./1.31e+2)-1.0).*(x.*(8.0e+2./1.31e+2)-2.0)-1.0).*(x.*(8.0e+2./1.31e+2)-2.0)+1.0).*(8.0e+2./1.31e+2)-(x.*(4.0e+2./1.31e+2)-1.0).*(x.*(8.0e+2./1.31e+2)-2.0).*1.221374045801527e+1-(x.*(8.0e+2./1.31e+2)-2.0).*(x.*3.729386399393975e+1-1.221374045801527e+1)+1.526717557251908e+1;
et6 = x.^2.*((x.*(8.0e+2./1.31e+2)-2.0).*(x.*6.832463632477511e+2-2.237631839636385e+2)+(x.*(4.0e+2./1.31e+2)-1.0).*(x.*(8.0e+2./1.31e+2)-2.0).*7.458772798787949e+1+(x.*(8.0e+2./1.31e+2)-2.0).*(x.*3.729386399393975e+1-1.221374045801527e+1).*1.221374045801527e+1-1.49175455975759e+2);
et7 = x.*(x.*(-5.594079599090962e+1)+(x.*(8.0e+2./1.31e+2)-2.0).*((x.*(4.0e+2./1.31e+2)-1.0).*(x.*(8.0e+2./1.31e+2)-2.0).*(8.0e+2./1.31e+2)+(x.*(8.0e+2./1.31e+2)-2.0).*(x.*3.729386399393975e+1-1.221374045801527e+1)-9.16030534351145)+((x.*(4.0e+2./1.31e+2)-1.0).*(x.*(8.0e+2./1.31e+2)-2.0)-1.0).*(x.*(8.0e+2./1.31e+2)-2.0).*(8.0e+2./1.31e+2)+1.83206106870229e+1).*4.0;
et8 = (x.*(8.0e+2./1.31e+2)-2.0).*(x.*(-4.0e+2./1.31e+2)+((x.*(4.0e+2./1.31e+2)-1.0).*(x.*(8.0e+2./1.31e+2)-2.0)-1.0).*(x.*(8.0e+2./1.31e+2)-2.0)+1.0).*2.0-(x.*(4.0e+2./1.31e+2)-1.0).*(x.*(8.0e+2./1.31e+2)-2.0).*2.0+2.0;
mt1 = [2.0;x.*(-1.83206106870229e+1)+2.0;x.*(x.*3.729386399393975e+1-1.221374045801527e+1).*4.0+(x.*(4.0e+2./1.31e+2)-1.0).*(x.*(8.0e+2./1.31e+2)-2.0).*2.0+x.^2.*3.729386399393975e+1-2.0];
mt2 = [x.*(8.0e+2./1.31e+2)-((x.*(4.0e+2./1.31e+2)-1.0).*(x.*(8.0e+2./1.31e+2)-2.0)-1.0).*(x.*(8.0e+2./1.31e+2)-2.0).*2.0-x.^2.*(x.*6.832463632477511e+2-2.237631839636385e+2)-x.*((x.*(4.0e+2./1.31e+2)-1.0).*(x.*(8.0e+2./1.31e+2)-2.0).*(8.0e+2./1.31e+2)+(x.*(8.0e+2./1.31e+2)-2.0).*(x.*3.729386399393975e+1-1.221374045801527e+1)-9.16030534351145).*4.0-2.0;et6+et7+et8];
mt3 = [x.*(-8.0e+2./1.31e+2)-x.*(et4+et5).*4.0-(x.*(8.0e+2./1.31e+2)-2.0).*((x.*(8.0e+2./1.31e+2)-2.0).*(x.*(-4.0e+2./1.31e+2)+((x.*(4.0e+2./1.31e+2)-1.0).*(x.*(8.0e+2./1.31e+2)-2.0)-1.0).*(x.*(8.0e+2./1.31e+2)-2.0)+1.0)-(x.*(4.0e+2./1.31e+2)-1.0).*(x.*(8.0e+2./1.31e+2)-2.0)+1.0).*2.0+((x.*(4.0e+2./1.31e+2)-1.0).*(x.*(8.0e+2./1.31e+2)-2.0)-1.0).*(x.*(8.0e+2./1.31e+2)-2.0).*2.0-x.^2.*(et1+et2+et3)+2.0;0.0;0.0;0.0;0.0;0.0;0.0;0.0;0.0];
symW2 = [mt1;mt2;mt3];
end
