function K = GW0t(p)
% Auto-generated constant matrix
K = zeros(14,14,20,14);
K(:,:,1,1) = [
  0.000000e+00, 0.000000e+00, 0.000000e+00, 0.000000e+00, 0.000000e+00, 0.000000e+00, -5.437565e-07, -4.908336e-07, -3.412222e-07, -1.209081e-07, 0.000000e+00, 0.000000e+00, 0.000000e+00, 0.000000e+00;
  0.000000e+00, 0.000000e+00, 0.000000e+00, 0.000000e+00, 0.000000e+00, 0.000000e+00, -5.040644e-07, -4.550047e-07, -3.163143e-07, -1.120823e-07, 0.000000e+00, 0.000000e+00, 0.000000e+00, 0.000000e+00;
  0.000000e+00, 0.000000e+00, 0.000000e+00, 0.000000e+00, 0.000000e+00, 0.000000e+00, -3.904822e-07, -3.524772e-07, -2.450383e-07, -8.682649e-08, 0.000000e+00, 0.000000e+00, 0.000000e+00, 0.000000e+00;
  0.000000e+00, 0.000000e+00, 0.000000e+00, 0.000000e+00, 0.000000e+00, 0.000000e+00, -2.187501e-07, -1.974596e-07, -1.372717e-07, -4.864065e-08, 0.000000e+00, 0.000000e+00, 0.000000e+00, 0.000000e+00;
  0.000000e+00, 0.000000e+00, 0.000000e+00, 0.000000e+00, 0.000000e+00, 0.000000e+00, -1.272524e-08, -1.148672e-08, -7.985439e-09, -2.829548e-09, 0.000000e+00, 0.000000e+00, 0.000000e+00, 0.000000e+00;
  0.000000e+00, 0.000000e+00, 0.000000e+00, 0.000000e+00, 0.000000e+00, 0.000000e+00, 1.988496e-07, 1.794959e-07, 1.247836e-07, 4.421563e-08, 0.000000e+00, 0.000000e+00, 0.000000e+00, 0.000000e+00;
  -5.437565e-07, -5.040644e-07, -3.904822e-07, -2.187501e-07, -1.272524e-08, 1.988496e-07, 8.156348e-07, 7.362505e-07, 5.118333e-07, 1.813622e-07, 0.000000e+00, 0.000000e+00, 0.000000e+00, 0.000000e+00;
  -4.908336e-07, -4.550047e-07, -3.524772e-07, -1.974596e-07, -1.148672e-08, 1.794959e-07, 7.362505e-07, 6.645925e-07, 4.620174e-07, 1.637105e-07, 0.000000e+00, 0.000000e+00, 0.000000e+00, 0.000000e+00;
  -3.412222e-07, -3.163143e-07, -2.450383e-07, -1.372717e-07, -7.985439e-09, 1.247836e-07, 5.118333e-07, 4.620174e-07, 3.211895e-07, 1.138098e-07, 0.000000e+00, 0.000000e+00, 0.000000e+00, 0.000000e+00;
  -1.209081e-07, -1.120823e-07, -8.682649e-08, -4.864065e-08, -2.829548e-09, 4.421563e-08, 1.813622e-07, 1.637105e-07, 1.138098e-07, 4.032717e-08, 0.000000e+00, 0.000000e+00, 0.000000e+00, 0.000000e+00;
  0.000000e+00, 0.000000e+00, 0.000000e+00, 0.000000e+00, 0.000000e+00, 0.000000e+00, 0.000000e+00, 0.000000e+00, 0.000000e+00, 0.000000e+00, 2.039087e-07, 1.906780e-07, 1.527028e-07, 9.491121e-08;
  0.000000e+00, 0.000000e+00, 0.000000e+00, 0.000000e+00, 0.000000e+00, 0.000000e+00, 0.000000e+00, 0.000000e+00, 0.000000e+00, 0.000000e+00, 1.906780e-07, 1.783057e-07, 1.427946e-07, 8.875285e-08;
  0.000000e+00, 0.000000e+00, 0.000000e+00, 0.000000e+00, 0.000000e+00, 0.000000e+00, 0.000000e+00, 0.000000e+00, 0.000000e+00, 0.000000e+00, 1.527028e-07, 1.427946e-07, 1.143558e-07, 7.107694e-08;
  0.000000e+00, 0.000000e+00, 0.000000e+00, 0.000000e+00, 0.000000e+00, 0.000000e+00, 0.000000e+00, 0.000000e+00, 0.000000e+00, 0.000000e+00, 9.491121e-08, 8.875285e-08, 7.107694e-08, 4.417731e-08;
];
K(:,:,1,2) = [
  0.000000e+00, 0.000000e+00, 0.000000e+00, 0.000000e+00, 0.000000e+00, 0.000000e+00, -5.040644e-07, -4.550047e-07, -3.163143e-07, -1.120823e-07, 0.000000e+00, 0.000000e+00, 0.000000e+00, 0.000000e+00;
  0.000000e+00, 0.000000e+00, 0.000000e+00, 0.000000e+00, 0.000000e+00, 0.000000e+00, -4.674627e-07, -4.219654e-07, -2.933457e-07, -1.039437e-07, 0.000000e+00, 0.000000e+00, 0.000000e+00, 0.000000e+00;
  0.000000e+00, 0.000000e+00, 0.000000e+00, 0.000000e+00, 0.000000e+00, 0.000000e+00, -3.627066e-07, -3.274050e-07, -2.276083e-07, -8.065038e-08, 0.000000e+00, 0.000000e+00, 0.000000e+00, 0.000000e+00;
  0.000000e+00, 0.000000e+00, 0.000000e+00, 0.000000e+00, 0.000000e+00, 0.000000e+00, -2.042610e-07, -1.843807e-07, -1.281794e-07, -4.541889e-08, 0.000000e+00, 0.000000e+00, 0.000000e+00, 0.000000e+00;
  0.000000e+00, 0.000000e+00, 0.000000e+00, 0.000000e+00, 0.000000e+00, 0.000000e+00, -1.405639e-08, -1.268830e-08, -8.820769e-09, -3.125537e-09, 0.000000e+00, 0.000000e+00, 0.000000e+00, 0.000000e+00;
  0.000000e+00, 0.000000e+00, 0.000000e+00, 0.000000e+00, 0.000000e+00, 0.000000e+00, 1.814743e-07, 1.638118e-07, 1.138801e-07, 4.035211e-08, 0.000000e+00, 0.000000e+00, 0.000000e+00, 0.000000e+00;
  -5.040644e-07, -4.674627e-07, -3.627066e-07, -2.042610e-07, -1.405639e-08, 1.814743e-07, 7.627119e-07, 6.884785e-07, 4.786227e-07, 1.695944e-07, 0.000000e+00, 0.000000e+00, 0.000000e+00, 0.000000e+00;
  -4.550047e-07, -4.219654e-07, -3.274050e-07, -1.843807e-07, -1.268830e-08, 1.638118e-07, 6.884785e-07, 6.214701e-07, 4.320392e-07, 1.530881e-07, 0.000000e+00, 0.000000e+00, 0.000000e+00, 0.000000e+00;
  -3.163143e-07, -2.933457e-07, -2.276083e-07, -1.281794e-07, -8.820769e-09, 1.138801e-07, 4.786227e-07, 4.320392e-07, 3.003489e-07, 1.064252e-07, 0.000000e+00, 0.000000e+00, 0.000000e+00, 0.000000e+00;
  -1.120823e-07, -1.039437e-07, -8.065038e-08, -4.541889e-08, -3.125537e-09, 4.035211e-08, 1.695944e-07, 1.530881e-07, 1.064252e-07, 3.771052e-08, 0.000000e+00, 0.000000e+00, 0.000000e+00, 0.000000e+00;
  0.000000e+00, 0.000000e+00, 0.000000e+00, 0.000000e+00, 0.000000e+00, 0.000000e+00, 0.000000e+00, 0.000000e+00, 0.000000e+00, 0.000000e+00, 1.906780e-07, 1.783057e-07, 1.427946e-07, 8.875285e-08;
  0.000000e+00, 0.000000e+00, 0.000000e+00, 0.000000e+00, 0.000000e+00, 0.000000e+00, 0.000000e+00, 0.000000e+00, 0.000000e+00, 0.000000e+00, 1.783057e-07, 1.667363e-07, 1.335293e-07, 8.299408e-08;
  0.000000e+00, 0.000000e+00, 0.000000e+00, 0.000000e+00, 0.000000e+00, 0.000000e+00, 0.000000e+00, 0.000000e+00, 0.000000e+00, 0.000000e+00, 1.427946e-07, 1.335293e-07, 1.069358e-07, 6.646508e-08;
  0.000000e+00, 0.000000e+00, 0.000000e+00, 0.000000e+00, 0.000000e+00, 0.000000e+00, 0.000000e+00, 0.000000e+00, 0.000000e+00, 0.000000e+00, 8.875285e-08, 8.299408e-08, 6.646508e-08, 4.131084e-08;
];
K(:,:,1,3) = [
  0.000000e+00, 0.000000e+00, 0.000000e+00, 0.000000e+00, 0.000000e+00, 0.000000e+00, -3.904822e-07, -3.524772e-07, -2.450383e-07, -8.682649e-08, 0.000000e+00, 0.000000e+00, 0.000000e+00, 0.000000e+00;
  0.000000e+00, 0.000000e+00, 0.000000e+00, 0.000000e+00, 0.000000e+00, 0.000000e+00, -3.627066e-07, -3.274050e-07, -2.276083e-07, -8.065038e-08, 0.000000e+00, 0.000000e+00, 0.000000e+00, 0.000000e+00;
  0.000000e+00, 0.000000e+00, 0.000000e+00, 0.000000e+00, 0.000000e+00, 0.000000e+00, -2.831575e-07, -2.555983e-07, -1.776891e-07, -6.296208e-08, 0.000000e+00, 0.000000e+00, 0.000000e+00, 0.000000e+00;
  0.000000e+00, 0.000000e+00, 0.000000e+00, 0.000000e+00, 0.000000e+00, 0.000000e+00, -1.626645e-07, -1.468326e-07, -1.020764e-07, -3.616960e-08, 0.000000e+00, 0.000000e+00, 0.000000e+00, 0.000000e+00;
  0.000000e+00, 0.000000e+00, 0.000000e+00, 0.000000e+00, 0.000000e+00, 0.000000e+00, -1.766218e-08, -1.594315e-08, -1.108350e-08, -3.927311e-09, 0.000000e+00, 0.000000e+00, 0.000000e+00, 0.000000e+00;
  0.000000e+00, 0.000000e+00, 0.000000e+00, 0.000000e+00, 0.000000e+00, 0.000000e+00, 1.320058e-07, 1.191579e-07, 8.283726e-08, 2.935242e-08, 0.000000e+00, 0.000000e+00, 0.000000e+00, 0.000000e+00;
  -3.904822e-07, -3.627066e-07, -2.831575e-07, -1.626645e-07, -1.766218e-08, 1.320058e-07, 6.108112e-07, 5.513620e-07, 3.833008e-07, 1.358182e-07, 0.000000e+00, 0.000000e+00, 0.000000e+00, 0.000000e+00;
  -3.524772e-07, -3.274050e-07, -2.555983e-07, -1.468326e-07, -1.594315e-08, 1.191579e-07, 5.513620e-07, 4.976989e-07, 3.459948e-07, 1.225993e-07, 0.000000e+00, 0.000000e+00, 0.000000e+00, 0.000000e+00;
  -2.450383e-07, -2.276083e-07, -1.776891e-07, -1.020764e-07, -1.108350e-08, 8.283726e-08, 3.833008e-07, 3.459948e-07, 2.405318e-07, 8.522966e-08, 0.000000e+00, 0.000000e+00, 0.000000e+00, 0.000000e+00;
  -8.682649e-08, -8.065038e-08, -6.296208e-08, -3.616960e-08, -3.927311e-09, 2.935242e-08, 1.358182e-07, 1.225993e-07, 8.522966e-08, 3.020014e-08, 0.000000e+00, 0.000000e+00, 0.000000e+00, 0.000000e+00;
  0.000000e+00, 0.000000e+00, 0.000000e+00, 0.000000e+00, 0.000000e+00, 0.000000e+00, 0.000000e+00, 0.000000e+00, 0.000000e+00, 0.000000e+00, 1.527028e-07, 1.427946e-07, 1.143558e-07, 7.107694e-08;
  0.000000e+00, 0.000000e+00, 0.000000e+00, 0.000000e+00, 0.000000e+00, 0.000000e+00, 0.000000e+00, 0.000000e+00, 0.000000e+00, 0.000000e+00, 1.427946e-07, 1.335293e-07, 1.069358e-07, 6.646508e-08;
  0.000000e+00, 0.000000e+00, 0.000000e+00, 0.000000e+00, 0.000000e+00, 0.000000e+00, 0.000000e+00, 0.000000e+00, 0.000000e+00, 0.000000e+00, 1.143558e-07, 1.069358e-07, 8.563857e-08, 5.322798e-08;
  0.000000e+00, 0.000000e+00, 0.000000e+00, 0.000000e+00, 0.000000e+00, 0.000000e+00, 0.000000e+00, 0.000000e+00, 0.000000e+00, 0.000000e+00, 7.107694e-08, 6.646508e-08, 5.322798e-08, 3.308343e-08;
];
K(:,:,1,4) = [
  0.000000e+00, 0.000000e+00, 0.000000e+00, 0.000000e+00, 0.000000e+00, 0.000000e+00, -2.187501e-07, -1.974596e-07, -1.372717e-07, -4.864065e-08, 0.000000e+00, 0.000000e+00, 0.000000e+00, 0.000000e+00;
  0.000000e+00, 0.000000e+00, 0.000000e+00, 0.000000e+00, 0.000000e+00, 0.000000e+00, -2.042610e-07, -1.843807e-07, -1.281794e-07, -4.541889e-08, 0.000000e+00, 0.000000e+00, 0.000000e+00, 0.000000e+00;
  0.000000e+00, 0.000000e+00, 0.000000e+00, 0.000000e+00, 0.000000e+00, 0.000000e+00, -1.626645e-07, -1.468326e-07, -1.020764e-07, -3.616960e-08, 0.000000e+00, 0.000000e+00, 0.000000e+00, 0.000000e+00;
  0.000000e+00, 0.000000e+00, 0.000000e+00, 0.000000e+00, 0.000000e+00, 0.000000e+00, -9.933294e-08, -8.966504e-08, -6.233416e-08, -2.208739e-08, 0.000000e+00, 0.000000e+00, 0.000000e+00, 0.000000e+00;
  0.000000e+00, 0.000000e+00, 0.000000e+00, 0.000000e+00, 0.000000e+00, 0.000000e+00, -2.245136e-08, -2.026621e-08, -1.408885e-08, -4.992220e-09, 0.000000e+00, 0.000000e+00, 0.000000e+00, 0.000000e+00;
  0.000000e+00, 0.000000e+00, 0.000000e+00, 0.000000e+00, 0.000000e+00, 0.000000e+00, 5.803316e-08, 5.238490e-08, 3.641741e-08, 1.290409e-08, 0.000000e+00, 0.000000e+00, 0.000000e+00, 0.000000e+00;
  -2.187501e-07, -2.042610e-07, -1.626645e-07, -9.933294e-08, -2.245136e-08, 5.803316e-08, 3.796448e-07, 3.426947e-07, 2.382376e-07, 8.441673e-08, 0.000000e+00, 0.000000e+00, 0.000000e+00, 0.000000e+00;
  -1.974596e-07, -1.843807e-07, -1.468326e-07, -8.966504e-08, -2.026621e-08, 5.238490e-08, 3.426947e-07, 3.093408e-07, 2.150503e-07, 7.620059e-08, 0.000000e+00, 0.000000e+00, 0.000000e+00, 0.000000e+00;
  -1.372717e-07, -1.281794e-07, -1.020764e-07, -6.233416e-08, -1.408885e-08, 3.641741e-08, 2.382376e-07, 2.150503e-07, 1.495006e-07, 5.297382e-08, 0.000000e+00, 0.000000e+00, 0.000000e+00, 0.000000e+00;
  -4.864065e-08, -4.541889e-08, -3.616960e-08, -2.208739e-08, -4.992220e-09, 1.290409e-08, 8.441673e-08, 7.620059e-08, 5.297382e-08, 1.877066e-08, 0.000000e+00, 0.000000e+00, 0.000000e+00, 0.000000e+00;
  0.000000e+00, 0.000000e+00, 0.000000e+00, 0.000000e+00, 0.000000e+00, 0.000000e+00, 0.000000e+00, 0.000000e+00, 0.000000e+00, 0.000000e+00, 9.491121e-08, 8.875285e-08, 7.107694e-08, 4.417731e-08;
  0.000000e+00, 0.000000e+00, 0.000000e+00, 0.000000e+00, 0.000000e+00, 0.000000e+00, 0.000000e+00, 0.000000e+00, 0.000000e+00, 0.000000e+00, 8.875285e-08, 8.299408e-08, 6.646508e-08, 4.131084e-08;
  0.000000e+00, 0.000000e+00, 0.000000e+00, 0.000000e+00, 0.000000e+00, 0.000000e+00, 0.000000e+00, 0.000000e+00, 0.000000e+00, 0.000000e+00, 7.107694e-08, 6.646508e-08, 5.322798e-08, 3.308343e-08;
  0.000000e+00, 0.000000e+00, 0.000000e+00, 0.000000e+00, 0.000000e+00, 0.000000e+00, 0.000000e+00, 0.000000e+00, 0.000000e+00, 0.000000e+00, 4.417731e-08, 4.131084e-08, 3.308343e-08, 2.056274e-08;
];
K(:,:,1,5) = [
  0.000000e+00, 0.000000e+00, 0.000000e+00, 0.000000e+00, 0.000000e+00, 0.000000e+00, -1.272524e-08, -1.148672e-08, -7.985439e-09, -2.829548e-09, 0.000000e+00, 0.000000e+00, 0.000000e+00, 0.000000e+00;
  0.000000e+00, 0.000000e+00, 0.000000e+00, 0.000000e+00, 0.000000e+00, 0.000000e+00, -1.405639e-08, -1.268830e-08, -8.820769e-09, -3.125537e-09, 0.000000e+00, 0.000000e+00, 0.000000e+00, 0.000000e+00;
  0.000000e+00, 0.000000e+00, 0.000000e+00, 0.000000e+00, 0.000000e+00, 0.000000e+00, -1.766218e-08, -1.594315e-08, -1.108350e-08, -3.927311e-09, 0.000000e+00, 0.000000e+00, 0.000000e+00, 0.000000e+00;
  0.000000e+00, 0.000000e+00, 0.000000e+00, 0.000000e+00, 0.000000e+00, 0.000000e+00, -2.245136e-08, -2.026621e-08, -1.408885e-08, -4.992220e-09, 0.000000e+00, 0.000000e+00, 0.000000e+00, 0.000000e+00;
  0.000000e+00, 0.000000e+00, 0.000000e+00, 0.000000e+00, 0.000000e+00, 0.000000e+00, -2.683260e-08, -2.422103e-08, -1.683819e-08, -5.966418e-09, 0.000000e+00, 0.000000e+00, 0.000000e+00, 0.000000e+00;
  0.000000e+00, 0.000000e+00, 0.000000e+00, 0.000000e+00, 0.000000e+00, 0.000000e+00, -2.901717e-08, -2.619298e-08, -1.820907e-08, -6.452173e-09, 0.000000e+00, 0.000000e+00, 0.000000e+00, 0.000000e+00;
  -1.272524e-08, -1.405639e-08, -1.766218e-08, -2.245136e-08, -2.683260e-08, -2.901717e-08, 9.921163e-08, 8.955554e-08, 6.225803e-08, 2.206041e-08, 0.000000e+00, 0.000000e+00, 0.000000e+00, 0.000000e+00;
  -1.148672e-08, -1.268830e-08, -1.594315e-08, -2.026621e-08, -2.422103e-08, -2.619298e-08, 8.955554e-08, 8.083926e-08, 5.619857e-08, 1.991331e-08, 0.000000e+00, 0.000000e+00, 0.000000e+00, 0.000000e+00;
  -7.985439e-09, -8.820769e-09, -1.108350e-08, -1.408885e-08, -1.683819e-08, -1.820907e-08, 6.225803e-08, 5.619857e-08, 3.906863e-08, 1.384352e-08, 0.000000e+00, 0.000000e+00, 0.000000e+00, 0.000000e+00;
  -2.829548e-09, -3.125537e-09, -3.927311e-09, -4.992220e-09, -5.966418e-09, -6.452173e-09, 2.206041e-08, 1.991331e-08, 1.384352e-08, 4.905289e-09, 0.000000e+00, 0.000000e+00, 0.000000e+00, 0.000000e+00;
  0.000000e+00, 0.000000e+00, 0.000000e+00, 0.000000e+00, 0.000000e+00, 0.000000e+00, 0.000000e+00, 0.000000e+00, 0.000000e+00, 0.000000e+00, 2.480291e-08, 2.319356e-08, 1.857436e-08, 1.154475e-08;
  0.000000e+00, 0.000000e+00, 0.000000e+00, 0.000000e+00, 0.000000e+00, 0.000000e+00, 0.000000e+00, 0.000000e+00, 0.000000e+00, 0.000000e+00, 2.319356e-08, 2.168863e-08, 1.736915e-08, 1.079566e-08;
  0.000000e+00, 0.000000e+00, 0.000000e+00, 0.000000e+00, 0.000000e+00, 0.000000e+00, 0.000000e+00, 0.000000e+00, 0.000000e+00, 0.000000e+00, 1.857436e-08, 1.736915e-08, 1.390993e-08, 8.645609e-09;
  0.000000e+00, 0.000000e+00, 0.000000e+00, 0.000000e+00, 0.000000e+00, 0.000000e+00, 0.000000e+00, 0.000000e+00, 0.000000e+00, 0.000000e+00, 1.154475e-08, 1.079566e-08, 8.645609e-09, 5.373610e-09;
];
K(:,:,1,6) = [
  0.000000e+00, 0.000000e+00, 0.000000e+00, 0.000000e+00, 0.000000e+00, 0.000000e+00, 1.988496e-07, 1.794959e-07, 1.247836e-07, 4.421563e-08, 0.000000e+00, 0.000000e+00, 0.000000e+00, 0.000000e+00;
  0.000000e+00, 0.000000e+00, 0.000000e+00, 0.000000e+00, 0.000000e+00, 0.000000e+00, 1.814743e-07, 1.638118e-07, 1.138801e-07, 4.035211e-08, 0.000000e+00, 0.000000e+00, 0.000000e+00, 0.000000e+00;
  0.000000e+00, 0.000000e+00, 0.000000e+00, 0.000000e+00, 0.000000e+00, 0.000000e+00, 1.320058e-07, 1.191579e-07, 8.283726e-08, 2.935242e-08, 0.000000e+00, 0.000000e+00, 0.000000e+00, 0.000000e+00;
  0.000000e+00, 0.000000e+00, 0.000000e+00, 0.000000e+00, 0.000000e+00, 0.000000e+00, 5.803316e-08, 5.238490e-08, 3.641741e-08, 1.290409e-08, 0.000000e+00, 0.000000e+00, 0.000000e+00, 0.000000e+00;
  0.000000e+00, 0.000000e+00, 0.000000e+00, 0.000000e+00, 0.000000e+00, 0.000000e+00, -2.901717e-08, -2.619298e-08, -1.820907e-08, -6.452173e-09, 0.000000e+00, 0.000000e+00, 0.000000e+00, 0.000000e+00;
  0.000000e+00, 0.000000e+00, 0.000000e+00, 0.000000e+00, 0.000000e+00, 0.000000e+00, -1.155358e-07, -1.042909e-07, -7.250191e-08, -2.569021e-08, 0.000000e+00, 0.000000e+00, 0.000000e+00, 0.000000e+00;
  1.988496e-07, 1.814743e-07, 1.320058e-07, 5.803316e-08, -2.901717e-08, -1.155358e-07, -1.940964e-07, -1.752053e-07, -1.218008e-07, -4.315870e-08, 0.000000e+00, 0.000000e+00, 0.000000e+00, 0.000000e+00;
  1.794959e-07, 1.638118e-07, 1.191579e-07, 5.238490e-08, -2.619298e-08, -1.042909e-07, -1.752053e-07, -1.581529e-07, -1.099462e-07, -3.895814e-08, 0.000000e+00, 0.000000e+00, 0.000000e+00, 0.000000e+00;
  1.247836e-07, 1.138801e-07, 8.283726e-08, 3.641741e-08, -1.820907e-08, -7.250191e-08, -1.218008e-07, -1.099462e-07, -7.643336e-08, -2.708328e-08, 0.000000e+00, 0.000000e+00, 0.000000e+00, 0.000000e+00;
  4.421563e-08, 4.035211e-08, 2.935242e-08, 1.290409e-08, -6.452173e-09, -2.569021e-08, -4.315870e-08, -3.895814e-08, -2.708328e-08, -9.596644e-09, 0.000000e+00, 0.000000e+00, 0.000000e+00, 0.000000e+00;
  0.000000e+00, 0.000000e+00, 0.000000e+00, 0.000000e+00, 0.000000e+00, 0.000000e+00, 0.000000e+00, 0.000000e+00, 0.000000e+00, 0.000000e+00, -4.852409e-08, -4.537558e-08, -3.633864e-08, -2.258599e-08;
  0.000000e+00, 0.000000e+00, 0.000000e+00, 0.000000e+00, 0.000000e+00, 0.000000e+00, 0.000000e+00, 0.000000e+00, 0.000000e+00, 0.000000e+00, -4.537558e-08, -4.243136e-08, -3.398079e-08, -2.112049e-08;
  0.000000e+00, 0.000000e+00, 0.000000e+00, 0.000000e+00, 0.000000e+00, 0.000000e+00, 0.000000e+00, 0.000000e+00, 0.000000e+00, 0.000000e+00, -3.633864e-08, -3.398079e-08, -2.721322e-08, -1.691416e-08;
  0.000000e+00, 0.000000e+00, 0.000000e+00, 0.000000e+00, 0.000000e+00, 0.000000e+00, 0.000000e+00, 0.000000e+00, 0.000000e+00, 0.000000e+00, -2.258599e-08, -2.112049e-08, -1.691416e-08, -1.051286e-08;
];
K(:,:,1,7) = [
  0.000000e+00, 0.000000e+00, 0.000000e+00, 0.000000e+00, 0.000000e+00, 0.000000e+00, 8.156348e-07, 7.362505e-07, 5.118333e-07, 1.813622e-07, 0.000000e+00, 0.000000e+00, 0.000000e+00, 0.000000e+00;
  0.000000e+00, 0.000000e+00, 0.000000e+00, 0.000000e+00, 0.000000e+00, 0.000000e+00, 7.362505e-07, 6.645925e-07, 4.620174e-07, 1.637105e-07, 0.000000e+00, 0.000000e+00, 0.000000e+00, 0.000000e+00;
  0.000000e+00, 0.000000e+00, 0.000000e+00, 0.000000e+00, 0.000000e+00, 0.000000e+00, 5.118333e-07, 4.620174e-07, 3.211895e-07, 1.138098e-07, 0.000000e+00, 0.000000e+00, 0.000000e+00, 0.000000e+00;
  0.000000e+00, 0.000000e+00, 0.000000e+00, 0.000000e+00, 0.000000e+00, 0.000000e+00, 1.813622e-07, 1.637105e-07, 1.138098e-07, 4.032717e-08, 0.000000e+00, 0.000000e+00, 0.000000e+00, 0.000000e+00;
  0.000000e+00, 0.000000e+00, 0.000000e+00, 0.000000e+00, 0.000000e+00, 0.000000e+00, -1.972779e-07, -1.780772e-07, -1.237973e-07, -4.386614e-08, 0.000000e+00, 0.000000e+00, 0.000000e+00, 0.000000e+00;
  0.000000e+00, 0.000000e+00, 0.000000e+00, 0.000000e+00, 0.000000e+00, 0.000000e+00, -5.567544e-07, -5.025665e-07, -3.493787e-07, -1.237983e-07, 0.000000e+00, 0.000000e+00, 0.000000e+00, 0.000000e+00;
  8.156348e-07, 7.362505e-07, 5.118333e-07, 1.813622e-07, -1.972779e-07, -5.567544e-07, -1.087513e-06, -9.948980e-07, -7.317044e-07, -3.396583e-07, 0.000000e+00, 0.000000e+00, 0.000000e+00, 0.000000e+00;
  7.362505e-07, 6.645925e-07, 4.620174e-07, 1.637105e-07, -1.780772e-07, -5.025665e-07, -9.948980e-07, -9.100093e-07, -6.687915e-07, -3.095419e-07, 0.000000e+00, 0.000000e+00, 0.000000e+00, 0.000000e+00;
  5.118333e-07, 4.620174e-07, 3.211895e-07, 1.138098e-07, -1.237973e-07, -3.493787e-07, -7.317044e-07, -6.687915e-07, -4.900767e-07, -2.240982e-07, 0.000000e+00, 0.000000e+00, 0.000000e+00, 0.000000e+00;
  1.813622e-07, 1.637105e-07, 1.138098e-07, 4.032717e-08, -4.386614e-08, -1.237983e-07, -3.396583e-07, -3.095419e-07, -2.240982e-07, -9.728130e-08, 0.000000e+00, 0.000000e+00, 0.000000e+00, 0.000000e+00;
  0.000000e+00, 0.000000e+00, 0.000000e+00, 0.000000e+00, 0.000000e+00, 0.000000e+00, 0.000000e+00, 0.000000e+00, 0.000000e+00, 0.000000e+00, 0.000000e+00, 0.000000e+00, 0.000000e+00, 0.000000e+00;
  0.000000e+00, 0.000000e+00, 0.000000e+00, 0.000000e+00, 0.000000e+00, 0.000000e+00, 0.000000e+00, 0.000000e+00, 0.000000e+00, 0.000000e+00, 0.000000e+00, 0.000000e+00, 0.000000e+00, 0.000000e+00;
  0.000000e+00, 0.000000e+00, 0.000000e+00, 0.000000e+00, 0.000000e+00, 0.000000e+00, 0.000000e+00, 0.000000e+00, 0.000000e+00, 0.000000e+00, 0.000000e+00, 0.000000e+00, 0.000000e+00, 0.000000e+00;
  0.000000e+00, 0.000000e+00, 0.000000e+00, 0.000000e+00, 0.000000e+00, 0.000000e+00, 0.000000e+00, 0.000000e+00, 0.000000e+00, 0.000000e+00, 0.000000e+00, 0.000000e+00, 0.000000e+00, 0.000000e+00;
];
K(:,:,1,8) = [
  0.000000e+00, 0.000000e+00, 0.000000e+00, 0.000000e+00, 0.000000e+00, 0.000000e+00, 7.627119e-07, 6.884785e-07, 4.786227e-07, 1.695944e-07, 0.000000e+00, 0.000000e+00, 0.000000e+00, 0.000000e+00;
  0.000000e+00, 0.000000e+00, 0.000000e+00, 0.000000e+00, 0.000000e+00, 0.000000e+00, 6.884785e-07, 6.214701e-07, 4.320392e-07, 1.530881e-07, 0.000000e+00, 0.000000e+00, 0.000000e+00, 0.000000e+00;
  0.000000e+00, 0.000000e+00, 0.000000e+00, 0.000000e+00, 0.000000e+00, 0.000000e+00, 4.786227e-07, 4.320392e-07, 3.003489e-07, 1.064252e-07, 0.000000e+00, 0.000000e+00, 0.000000e+00, 0.000000e+00;
  0.000000e+00, 0.000000e+00, 0.000000e+00, 0.000000e+00, 0.000000e+00, 0.000000e+00, 1.695944e-07, 1.530881e-07, 1.064252e-07, 3.771052e-08, 0.000000e+00, 0.000000e+00, 0.000000e+00, 0.000000e+00;
  0.000000e+00, 0.000000e+00, 0.000000e+00, 0.000000e+00, 0.000000e+00, 0.000000e+00, -1.844774e-07, -1.665226e-07, -1.157647e-07, -4.101987e-08, 0.000000e+00, 0.000000e+00, 0.000000e+00, 0.000000e+00;
  0.000000e+00, 0.000000e+00, 0.000000e+00, 0.000000e+00, 0.000000e+00, 0.000000e+00, -5.206291e-07, -4.699572e-07, -3.267091e-07, -1.157656e-07, 0.000000e+00, 0.000000e+00, 0.000000e+00, 0.000000e+00;
  7.627119e-07, 6.884785e-07, 4.786227e-07, 1.695944e-07, -1.844774e-07, -5.206291e-07, -1.008129e-06, -9.224674e-07, -6.790208e-07, -3.163433e-07, 0.000000e+00, 0.000000e+00, 0.000000e+00, 0.000000e+00;
  6.884785e-07, 6.214701e-07, 4.320392e-07, 1.530881e-07, -1.665226e-07, -4.699572e-07, -9.224674e-07, -8.439308e-07, -6.207507e-07, -2.883243e-07, 0.000000e+00, 0.000000e+00, 0.000000e+00, 0.000000e+00;
  4.786227e-07, 4.320392e-07, 3.003489e-07, 1.064252e-07, -1.157647e-07, -3.267091e-07, -6.790208e-07, -6.207507e-07, -4.552167e-07, -2.088298e-07, 0.000000e+00, 0.000000e+00, 0.000000e+00, 0.000000e+00;
  1.695944e-07, 1.530881e-07, 1.064252e-07, 3.771052e-08, -4.101987e-08, -1.157656e-07, -3.163433e-07, -2.883243e-07, -2.088298e-07, -9.083778e-08, 0.000000e+00, 0.000000e+00, 0.000000e+00, 0.000000e+00;
  0.000000e+00, 0.000000e+00, 0.000000e+00, 0.000000e+00, 0.000000e+00, 0.000000e+00, 0.000000e+00, 0.000000e+00, 0.000000e+00, 0.000000e+00, 0.000000e+00, 0.000000e+00, 0.000000e+00, 0.000000e+00;
  0.000000e+00, 0.000000e+00, 0.000000e+00, 0.000000e+00, 0.000000e+00, 0.000000e+00, 0.000000e+00, 0.000000e+00, 0.000000e+00, 0.000000e+00, 0.000000e+00, 0.000000e+00, 0.000000e+00, 0.000000e+00;
  0.000000e+00, 0.000000e+00, 0.000000e+00, 0.000000e+00, 0.000000e+00, 0.000000e+00, 0.000000e+00, 0.000000e+00, 0.000000e+00, 0.000000e+00, 0.000000e+00, 0.000000e+00, 0.000000e+00, 0.000000e+00;
  0.000000e+00, 0.000000e+00, 0.000000e+00, 0.000000e+00, 0.000000e+00, 0.000000e+00, 0.000000e+00, 0.000000e+00, 0.000000e+00, 0.000000e+00, 0.000000e+00, 0.000000e+00, 0.000000e+00, 0.000000e+00;
];
K(:,:,1,9) = [
  0.000000e+00, 0.000000e+00, 0.000000e+00, 0.000000e+00, 0.000000e+00, 0.000000e+00, 6.108112e-07, 5.513620e-07, 3.833008e-07, 1.358182e-07, 0.000000e+00, 0.000000e+00, 0.000000e+00, 0.000000e+00;
  0.000000e+00, 0.000000e+00, 0.000000e+00, 0.000000e+00, 0.000000e+00, 0.000000e+00, 5.513620e-07, 4.976989e-07, 3.459948e-07, 1.225993e-07, 0.000000e+00, 0.000000e+00, 0.000000e+00, 0.000000e+00;
  0.000000e+00, 0.000000e+00, 0.000000e+00, 0.000000e+00, 0.000000e+00, 0.000000e+00, 3.833008e-07, 3.459948e-07, 2.405318e-07, 8.522966e-08, 0.000000e+00, 0.000000e+00, 0.000000e+00, 0.000000e+00;
  0.000000e+00, 0.000000e+00, 0.000000e+00, 0.000000e+00, 0.000000e+00, 0.000000e+00, 1.358182e-07, 1.225993e-07, 8.522966e-08, 3.020014e-08, 0.000000e+00, 0.000000e+00, 0.000000e+00, 0.000000e+00;
  0.000000e+00, 0.000000e+00, 0.000000e+00, 0.000000e+00, 0.000000e+00, 0.000000e+00, -1.477371e-07, -1.333581e-07, -9.270912e-08, -3.285040e-08, 0.000000e+00, 0.000000e+00, 0.000000e+00, 0.000000e+00;
  0.000000e+00, 0.000000e+00, 0.000000e+00, 0.000000e+00, 0.000000e+00, 0.000000e+00, -4.169413e-07, -3.763611e-07, -2.616421e-07, -9.270986e-08, 0.000000e+00, 0.000000e+00, 0.000000e+00, 0.000000e+00;
  6.108112e-07, 5.513620e-07, 3.833008e-07, 1.358182e-07, -1.477371e-07, -4.169413e-07, -7.809644e-07, -7.151838e-07, -5.281958e-07, -2.494909e-07, 0.000000e+00, 0.000000e+00, 0.000000e+00, 0.000000e+00;
  5.513620e-07, 4.976989e-07, 3.459948e-07, 1.225993e-07, -1.333581e-07, -3.763611e-07, -7.151838e-07, -6.548099e-07, -4.832066e-07, -2.274830e-07, 0.000000e+00, 0.000000e+00, 0.000000e+00, 0.000000e+00;
  3.833008e-07, 3.459948e-07, 2.405318e-07, 8.522966e-08, -9.270912e-08, -2.616421e-07, -5.281958e-07, -4.832066e-07, -3.553783e-07, -1.650385e-07, 0.000000e+00, 0.000000e+00, 0.000000e+00, 0.000000e+00;
  1.358182e-07, 1.225993e-07, 8.522966e-08, 3.020014e-08, -3.285040e-08, -9.270986e-08, -2.494909e-07, -2.274830e-07, -1.650385e-07, -7.233919e-08, 0.000000e+00, 0.000000e+00, 0.000000e+00, 0.000000e+00;
  0.000000e+00, 0.000000e+00, 0.000000e+00, 0.000000e+00, 0.000000e+00, 0.000000e+00, 0.000000e+00, 0.000000e+00, 0.000000e+00, 0.000000e+00, 0.000000e+00, 0.000000e+00, 0.000000e+00, 0.000000e+00;
  0.000000e+00, 0.000000e+00, 0.000000e+00, 0.000000e+00, 0.000000e+00, 0.000000e+00, 0.000000e+00, 0.000000e+00, 0.000000e+00, 0.000000e+00, 0.000000e+00, 0.000000e+00, 0.000000e+00, 0.000000e+00;
  0.000000e+00, 0.000000e+00, 0.000000e+00, 0.000000e+00, 0.000000e+00, 0.000000e+00, 0.000000e+00, 0.000000e+00, 0.000000e+00, 0.000000e+00, 0.000000e+00, 0.000000e+00, 0.000000e+00, 0.000000e+00;
  0.000000e+00, 0.000000e+00, 0.000000e+00, 0.000000e+00, 0.000000e+00, 0.000000e+00, 0.000000e+00, 0.000000e+00, 0.000000e+00, 0.000000e+00, 0.000000e+00, 0.000000e+00, 0.000000e+00, 0.000000e+00;
];
K(:,:,1,10) = [
  0.000000e+00, 0.000000e+00, 0.000000e+00, 0.000000e+00, 0.000000e+00, 0.000000e+00, 3.796448e-07, 3.426947e-07, 2.382376e-07, 8.441673e-08, 0.000000e+00, 0.000000e+00, 0.000000e+00, 0.000000e+00;
  0.000000e+00, 0.000000e+00, 0.000000e+00, 0.000000e+00, 0.000000e+00, 0.000000e+00, 3.426947e-07, 3.093408e-07, 2.150503e-07, 7.620059e-08, 0.000000e+00, 0.000000e+00, 0.000000e+00, 0.000000e+00;
  0.000000e+00, 0.000000e+00, 0.000000e+00, 0.000000e+00, 0.000000e+00, 0.000000e+00, 2.382376e-07, 2.150503e-07, 1.495006e-07, 5.297382e-08, 0.000000e+00, 0.000000e+00, 0.000000e+00, 0.000000e+00;
  0.000000e+00, 0.000000e+00, 0.000000e+00, 0.000000e+00, 0.000000e+00, 0.000000e+00, 8.441673e-08, 7.620059e-08, 5.297382e-08, 1.877066e-08, 0.000000e+00, 0.000000e+00, 0.000000e+00, 0.000000e+00;
  0.000000e+00, 0.000000e+00, 0.000000e+00, 0.000000e+00, 0.000000e+00, 0.000000e+00, -9.182485e-08, -8.288769e-08, -5.762262e-08, -2.041791e-08, 0.000000e+00, 0.000000e+00, 0.000000e+00, 0.000000e+00;
  0.000000e+00, 0.000000e+00, 0.000000e+00, 0.000000e+00, 0.000000e+00, 0.000000e+00, -2.591466e-07, -2.339243e-07, -1.626216e-07, -5.762308e-08, 0.000000e+00, 0.000000e+00, 0.000000e+00, 0.000000e+00;
  3.796448e-07, 3.426947e-07, 2.382376e-07, 8.441673e-08, -9.182485e-08, -2.591466e-07, -4.375003e-07, -4.017206e-07, -2.999362e-07, -1.479736e-07, 0.000000e+00, 0.000000e+00, 0.000000e+00, 0.000000e+00;
  3.426947e-07, 3.093408e-07, 2.150503e-07, 7.620059e-08, -8.288769e-08, -2.339243e-07, -4.017206e-07, -3.687613e-07, -2.750120e-07, -1.350839e-07, 0.000000e+00, 0.000000e+00, 0.000000e+00, 0.000000e+00;
  2.382376e-07, 2.150503e-07, 1.495006e-07, 5.297382e-08, -5.762262e-08, -1.626216e-07, -2.999362e-07, -2.750120e-07, -2.041528e-07, -9.850375e-08, 0.000000e+00, 0.000000e+00, 0.000000e+00, 0.000000e+00;
  8.441673e-08, 7.620059e-08, 5.297382e-08, 1.877066e-08, -2.041791e-08, -5.762308e-08, -1.479736e-07, -1.350839e-07, -9.850375e-08, -4.417477e-08, 0.000000e+00, 0.000000e+00, 0.000000e+00, 0.000000e+00;
  0.000000e+00, 0.000000e+00, 0.000000e+00, 0.000000e+00, 0.000000e+00, 0.000000e+00, 0.000000e+00, 0.000000e+00, 0.000000e+00, 0.000000e+00, 0.000000e+00, 0.000000e+00, 0.000000e+00, 0.000000e+00;
  0.000000e+00, 0.000000e+00, 0.000000e+00, 0.000000e+00, 0.000000e+00, 0.000000e+00, 0.000000e+00, 0.000000e+00, 0.000000e+00, 0.000000e+00, 0.000000e+00, 0.000000e+00, 0.000000e+00, 0.000000e+00;
  0.000000e+00, 0.000000e+00, 0.000000e+00, 0.000000e+00, 0.000000e+00, 0.000000e+00, 0.000000e+00, 0.000000e+00, 0.000000e+00, 0.000000e+00, 0.000000e+00, 0.000000e+00, 0.000000e+00, 0.000000e+00;
  0.000000e+00, 0.000000e+00, 0.000000e+00, 0.000000e+00, 0.000000e+00, 0.000000e+00, 0.000000e+00, 0.000000e+00, 0.000000e+00, 0.000000e+00, 0.000000e+00, 0.000000e+00, 0.000000e+00, 0.000000e+00;
];
K(:,:,1,11) = [
  0.000000e+00, 0.000000e+00, 0.000000e+00, 0.000000e+00, 0.000000e+00, 0.000000e+00, 0.000000e+00, 0.000000e+00, 0.000000e+00, 0.000000e+00, 0.000000e+00, 0.000000e+00, 0.000000e+00, 0.000000e+00;
  0.000000e+00, 0.000000e+00, 0.000000e+00, 0.000000e+00, 0.000000e+00, 0.000000e+00, 0.000000e+00, 0.000000e+00, 0.000000e+00, 0.000000e+00, 0.000000e+00, 0.000000e+00, 0.000000e+00, 0.000000e+00;
  0.000000e+00, 0.000000e+00, 0.000000e+00, 0.000000e+00, 0.000000e+00, 0.000000e+00, 0.000000e+00, 0.000000e+00, 0.000000e+00, 0.000000e+00, 0.000000e+00, 0.000000e+00, 0.000000e+00, 0.000000e+00;
  0.000000e+00, 0.000000e+00, 0.000000e+00, 0.000000e+00, 0.000000e+00, 0.000000e+00, 0.000000e+00, 0.000000e+00, 0.000000e+00, 0.000000e+00, 0.000000e+00, 0.000000e+00, 0.000000e+00, 0.000000e+00;
  0.000000e+00, 0.000000e+00, 0.000000e+00, 0.000000e+00, 0.000000e+00, 0.000000e+00, 0.000000e+00, 0.000000e+00, 0.000000e+00, 0.000000e+00, 0.000000e+00, 0.000000e+00, 0.000000e+00, 0.000000e+00;
  0.000000e+00, 0.000000e+00, 0.000000e+00, 0.000000e+00, 0.000000e+00, 0.000000e+00, 0.000000e+00, 0.000000e+00, 0.000000e+00, 0.000000e+00, 0.000000e+00, 0.000000e+00, 0.000000e+00, 0.000000e+00;
  0.000000e+00, 0.000000e+00, 0.000000e+00, 0.000000e+00, 0.000000e+00, 0.000000e+00, 0.000000e+00, 0.000000e+00, 0.000000e+00, 0.000000e+00, 0.000000e+00, 0.000000e+00, 0.000000e+00, 0.000000e+00;
  0.000000e+00, 0.000000e+00, 0.000000e+00, 0.000000e+00, 0.000000e+00, 0.000000e+00, 0.000000e+00, 0.000000e+00, 0.000000e+00, 0.000000e+00, 0.000000e+00, 0.000000e+00, 0.000000e+00, 0.000000e+00;
  0.000000e+00, 0.000000e+00, 0.000000e+00, 0.000000e+00, 0.000000e+00, 0.000000e+00, 0.000000e+00, 0.000000e+00, 0.000000e+00, 0.000000e+00, 0.000000e+00, 0.000000e+00, 0.000000e+00, 0.000000e+00;
  0.000000e+00, 0.000000e+00, 0.000000e+00, 0.000000e+00, 0.000000e+00, 0.000000e+00, 0.000000e+00, 0.000000e+00, 0.000000e+00, 0.000000e+00, 0.000000e+00, 0.000000e+00, 0.000000e+00, 0.000000e+00;
  0.000000e+00, 0.000000e+00, 0.000000e+00, 0.000000e+00, 0.000000e+00, 0.000000e+00, 0.000000e+00, 0.000000e+00, 0.000000e+00, 0.000000e+00, 0.000000e+00, 0.000000e+00, 0.000000e+00, 0.000000e+00;
  0.000000e+00, 0.000000e+00, 0.000000e+00, 0.000000e+00, 0.000000e+00, 0.000000e+00, 0.000000e+00, 0.000000e+00, 0.000000e+00, 0.000000e+00, 0.000000e+00, 0.000000e+00, 0.000000e+00, 0.000000e+00;
  0.000000e+00, 0.000000e+00, 0.000000e+00, 0.000000e+00, 0.000000e+00, 0.000000e+00, 0.000000e+00, 0.000000e+00, 0.000000e+00, 0.000000e+00, 0.000000e+00, 0.000000e+00, 0.000000e+00, 0.000000e+00;
  0.000000e+00, 0.000000e+00, 0.000000e+00, 0.000000e+00, 0.000000e+00, 0.000000e+00, 0.000000e+00, 0.000000e+00, 0.000000e+00, 0.000000e+00, 0.000000e+00, 0.000000e+00, 0.000000e+00, 0.000000e+00;
];
K(:,:,1,12) = [
  0.000000e+00, 0.000000e+00, 0.000000e+00, 0.000000e+00, 0.000000e+00, 0.000000e+00, 0.000000e+00, 0.000000e+00, 0.000000e+00, 0.000000e+00, 0.000000e+00, 0.000000e+00, 0.000000e+00, 0.000000e+00;
  0.000000e+00, 0.000000e+00, 0.000000e+00, 0.000000e+00, 0.000000e+00, 0.000000e+00, 0.000000e+00, 0.000000e+00, 0.000000e+00, 0.000000e+00, 0.000000e+00, 0.000000e+00, 0.000000e+00, 0.000000e+00;
  0.000000e+00, 0.000000e+00, 0.000000e+00, 0.000000e+00, 0.000000e+00, 0.000000e+00, 0.000000e+00, 0.000000e+00, 0.000000e+00, 0.000000e+00, 0.000000e+00, 0.000000e+00, 0.000000e+00, 0.000000e+00;
  0.000000e+00, 0.000000e+00, 0.000000e+00, 0.000000e+00, 0.000000e+00, 0.000000e+00, 0.000000e+00, 0.000000e+00, 0.000000e+00, 0.000000e+00, 0.000000e+00, 0.000000e+00, 0.000000e+00, 0.000000e+00;
  0.000000e+00, 0.000000e+00, 0.000000e+00, 0.000000e+00, 0.000000e+00, 0.000000e+00, 0.000000e+00, 0.000000e+00, 0.000000e+00, 0.000000e+00, 0.000000e+00, 0.000000e+00, 0.000000e+00, 0.000000e+00;
  0.000000e+00, 0.000000e+00, 0.000000e+00, 0.000000e+00, 0.000000e+00, 0.000000e+00, 0.000000e+00, 0.000000e+00, 0.000000e+00, 0.000000e+00, 0.000000e+00, 0.000000e+00, 0.000000e+00, 0.000000e+00;
  0.000000e+00, 0.000000e+00, 0.000000e+00, 0.000000e+00, 0.000000e+00, 0.000000e+00, 0.000000e+00, 0.000000e+00, 0.000000e+00, 0.000000e+00, 0.000000e+00, 0.000000e+00, 0.000000e+00, 0.000000e+00;
  0.000000e+00, 0.000000e+00, 0.000000e+00, 0.000000e+00, 0.000000e+00, 0.000000e+00, 0.000000e+00, 0.000000e+00, 0.000000e+00, 0.000000e+00, 0.000000e+00, 0.000000e+00, 0.000000e+00, 0.000000e+00;
  0.000000e+00, 0.000000e+00, 0.000000e+00, 0.000000e+00, 0.000000e+00, 0.000000e+00, 0.000000e+00, 0.000000e+00, 0.000000e+00, 0.000000e+00, 0.000000e+00, 0.000000e+00, 0.000000e+00, 0.000000e+00;
  0.000000e+00, 0.000000e+00, 0.000000e+00, 0.000000e+00, 0.000000e+00, 0.000000e+00, 0.000000e+00, 0.000000e+00, 0.000000e+00, 0.000000e+00, 0.000000e+00, 0.000000e+00, 0.000000e+00, 0.000000e+00;
  0.000000e+00, 0.000000e+00, 0.000000e+00, 0.000000e+00, 0.000000e+00, 0.000000e+00, 0.000000e+00, 0.000000e+00, 0.000000e+00, 0.000000e+00, 0.000000e+00, 0.000000e+00, 0.000000e+00, 0.000000e+00;
  0.000000e+00, 0.000000e+00, 0.000000e+00, 0.000000e+00, 0.000000e+00, 0.000000e+00, 0.000000e+00, 0.000000e+00, 0.000000e+00, 0.000000e+00, 0.000000e+00, 0.000000e+00, 0.000000e+00, 0.000000e+00;
  0.000000e+00, 0.000000e+00, 0.000000e+00, 0.000000e+00, 0.000000e+00, 0.000000e+00, 0.000000e+00, 0.000000e+00, 0.000000e+00, 0.000000e+00, 0.000000e+00, 0.000000e+00, 0.000000e+00, 0.000000e+00;
  0.000000e+00, 0.000000e+00, 0.000000e+00, 0.000000e+00, 0.000000e+00, 0.000000e+00, 0.000000e+00, 0.000000e+00, 0.000000e+00, 0.000000e+00, 0.000000e+00, 0.000000e+00, 0.000000e+00, 0.000000e+00;
];
K(:,:,1,13) = [
  0.000000e+00, 0.000000e+00, 0.000000e+00, 0.000000e+00, 0.000000e+00, 0.000000e+00, 0.000000e+00, 0.000000e+00, 0.000000e+00, 0.000000e+00, 0.000000e+00, 0.000000e+00, 0.000000e+00, 0.000000e+00;
  0.000000e+00, 0.000000e+00, 0.000000e+00, 0.000000e+00, 0.000000e+00, 0.000000e+00, 0.000000e+00, 0.000000e+00, 0.000000e+00, 0.000000e+00, 0.000000e+00, 0.000000e+00, 0.000000e+00, 0.000000e+00;
  0.000000e+00, 0.000000e+00, 0.000000e+00, 0.000000e+00, 0.000000e+00, 0.000000e+00, 0.000000e+00, 0.000000e+00, 0.000000e+00, 0.000000e+00, 0.000000e+00, 0.000000e+00, 0.000000e+00, 0.000000e+00;
  0.000000e+00, 0.000000e+00, 0.000000e+00, 0.000000e+00, 0.000000e+00, 0.000000e+00, 0.000000e+00, 0.000000e+00, 0.000000e+00, 0.000000e+00, 0.000000e+00, 0.000000e+00, 0.000000e+00, 0.000000e+00;
  0.000000e+00, 0.000000e+00, 0.000000e+00, 0.000000e+00, 0.000000e+00, 0.000000e+00, 0.000000e+00, 0.000000e+00, 0.000000e+00, 0.000000e+00, 0.000000e+00, 0.000000e+00, 0.000000e+00, 0.000000e+00;
  0.000000e+00, 0.000000e+00, 0.000000e+00, 0.000000e+00, 0.000000e+00, 0.000000e+00, 0.000000e+00, 0.000000e+00, 0.000000e+00, 0.000000e+00, 0.000000e+00, 0.000000e+00, 0.000000e+00, 0.000000e+00;
  0.000000e+00, 0.000000e+00, 0.000000e+00, 0.000000e+00, 0.000000e+00, 0.000000e+00, 0.000000e+00, 0.000000e+00, 0.000000e+00, 0.000000e+00, 0.000000e+00, 0.000000e+00, 0.000000e+00, 0.000000e+00;
  0.000000e+00, 0.000000e+00, 0.000000e+00, 0.000000e+00, 0.000000e+00, 0.000000e+00, 0.000000e+00, 0.000000e+00, 0.000000e+00, 0.000000e+00, 0.000000e+00, 0.000000e+00, 0.000000e+00, 0.000000e+00;
  0.000000e+00, 0.000000e+00, 0.000000e+00, 0.000000e+00, 0.000000e+00, 0.000000e+00, 0.000000e+00, 0.000000e+00, 0.000000e+00, 0.000000e+00, 0.000000e+00, 0.000000e+00, 0.000000e+00, 0.000000e+00;
  0.000000e+00, 0.000000e+00, 0.000000e+00, 0.000000e+00, 0.000000e+00, 0.000000e+00, 0.000000e+00, 0.000000e+00, 0.000000e+00, 0.000000e+00, 0.000000e+00, 0.000000e+00, 0.000000e+00, 0.000000e+00;
  0.000000e+00, 0.000000e+00, 0.000000e+00, 0.000000e+00, 0.000000e+00, 0.000000e+00, 0.000000e+00, 0.000000e+00, 0.000000e+00, 0.000000e+00, 0.000000e+00, 0.000000e+00, 0.000000e+00, 0.000000e+00;
  0.000000e+00, 0.000000e+00, 0.000000e+00, 0.000000e+00, 0.000000e+00, 0.000000e+00, 0.000000e+00, 0.000000e+00, 0.000000e+00, 0.000000e+00, 0.000000e+00, 0.000000e+00, 0.000000e+00, 0.000000e+00;
  0.000000e+00, 0.000000e+00, 0.000000e+00, 0.000000e+00, 0.000000e+00, 0.000000e+00, 0.000000e+00, 0.000000e+00, 0.000000e+00, 0.000000e+00, 0.000000e+00, 0.000000e+00, 0.000000e+00, 0.000000e+00;
  0.000000e+00, 0.000000e+00, 0.000000e+00, 0.000000e+00, 0.000000e+00, 0.000000e+00, 0.000000e+00, 0.000000e+00, 0.000000e+00, 0.000000e+00, 0.000000e+00, 0.000000e+00, 0.000000e+00, 0.000000e+00;
];
K(:,:,1,14) = [
  0.000000e+00, 0.000000e+00, 0.000000e+00, 0.000000e+00, 0.000000e+00, 0.000000e+00, 0.000000e+00, 0.000000e+00, 0.000000e+00, 0.000000e+00, 0.000000e+00, 0.000000e+00, 0.000000e+00, 0.000000e+00;
  0.000000e+00, 0.000000e+00, 0.000000e+00, 0.000000e+00, 0.000000e+00, 0.000000e+00, 0.000000e+00, 0.000000e+00, 0.000000e+00, 0.000000e+00, 0.000000e+00, 0.000000e+00, 0.000000e+00, 0.000000e+00;
  0.000000e+00, 0.000000e+00, 0.000000e+00, 0.000000e+00, 0.000000e+00, 0.000000e+00, 0.000000e+00, 0.000000e+00, 0.000000e+00, 0.000000e+00, 0.000000e+00, 0.000000e+00, 0.000000e+00, 0.000000e+00;
  0.000000e+00, 0.000000e+00, 0.000000e+00, 0.000000e+00, 0.000000e+00, 0.000000e+00, 0.000000e+00, 0.000000e+00, 0.000000e+00, 0.000000e+00, 0.000000e+00, 0.000000e+00, 0.000000e+00, 0.000000e+00;
  0.000000e+00, 0.000000e+00, 0.000000e+00, 0.000000e+00, 0.000000e+00, 0.000000e+00, 0.000000e+00, 0.000000e+00, 0.000000e+00, 0.000000e+00, 0.000000e+00, 0.000000e+00, 0.000000e+00, 0.000000e+00;
  0.000000e+00, 0.000000e+00, 0.000000e+00, 0.000000e+00, 0.000000e+00, 0.000000e+00, 0.000000e+00, 0.000000e+00, 0.000000e+00, 0.000000e+00, 0.000000e+00, 0.000000e+00, 0.000000e+00, 0.000000e+00;
  0.000000e+00, 0.000000e+00, 0.000000e+00, 0.000000e+00, 0.000000e+00, 0.000000e+00, 0.000000e+00, 0.000000e+00, 0.000000e+00, 0.000000e+00, 0.000000e+00, 0.000000e+00, 0.000000e+00, 0.000000e+00;
  0.000000e+00, 0.000000e+00, 0.000000e+00, 0.000000e+00, 0.000000e+00, 0.000000e+00, 0.000000e+00, 0.000000e+00, 0.000000e+00, 0.000000e+00, 0.000000e+00, 0.000000e+00, 0.000000e+00, 0.000000e+00;
  0.000000e+00, 0.000000e+00, 0.000000e+00, 0.000000e+00, 0.000000e+00, 0.000000e+00, 0.000000e+00, 0.000000e+00, 0.000000e+00, 0.000000e+00, 0.000000e+00, 0.000000e+00, 0.000000e+00, 0.000000e+00;
  0.000000e+00, 0.000000e+00, 0.000000e+00, 0.000000e+00, 0.000000e+00, 0.000000e+00, 0.000000e+00, 0.000000e+00, 0.000000e+00, 0.000000e+00, 0.000000e+00, 0.000000e+00, 0.000000e+00, 0.000000e+00;
  0.000000e+00, 0.000000e+00, 0.000000e+00, 0.000000e+00, 0.000000e+00, 0.000000e+00, 0.000000e+00, 0.000000e+00, 0.000000e+00, 0.000000e+00, 0.000000e+00, 0.000000e+00, 0.000000e+00, 0.000000e+00;
  0.000000e+00, 0.000000e+00, 0.000000e+00, 0.000000e+00, 0.000000e+00, 0.000000e+00, 0.000000e+00, 0.000000e+00, 0.000000e+00, 0.000000e+00, 0.000000e+00, 0.000000e+00, 0.000000e+00, 0.000000e+00;
  0.000000e+00, 0.000000e+00, 0.000000e+00, 0.000000e+00, 0.000000e+00, 0.000000e+00, 0.000000e+00, 0.000000e+00, 0.000000e+00, 0.000000e+00, 0.000000e+00, 0.000000e+00, 0.000000e+00, 0.000000e+00;
  0.000000e+00, 0.000000e+00, 0.000000e+00, 0.000000e+00, 0.000000e+00, 0.000000e+00, 0.000000e+00, 0.000000e+00, 0.000000e+00, 0.000000e+00, 0.000000e+00, 0.000000e+00, 0.000000e+00, 0.000000e+00;
];
K(:,:,2,1) = [
  0.000000e+00, 0.000000e+00, 0.000000e+00, 0.000000e+00, 0.000000e+00, 0.000000e+00, -2.225782e-05, -1.677832e-05, -2.737967e-06, 1.365275e-05, 0.000000e+00, 0.000000e+00, 0.000000e+00, 0.000000e+00;
  0.000000e+00, 0.000000e+00, 0.000000e+00, 0.000000e+00, 0.000000e+00, 0.000000e+00, -1.814819e-05, -1.368041e-05, -2.232436e-06, 1.113194e-05, 0.000000e+00, 0.000000e+00, 0.000000e+00, 0.000000e+00;
