function K = u_ind(p)
% Auto-generated constant matrix
K = zeros(19,19);
K = [
  2.195584e-01, -9.123770e-02, -2.185241e-02, -1.012192e-02, -5.874229e-03, -3.844452e-03, -2.714096e-03, -2.019243e-03, -1.561323e-03, -1.243487e-03, -1.013830e-03, -8.424676e-04, -7.111962e-04, -6.084071e-04, -5.264118e-04, -4.599534e-04, -4.053382e-04, -3.599089e-04, -3.217143e-04;
  -5.599920e-02, 2.064476e-01, -7.726222e-02, -1.742786e-02, -8.155591e-03, -4.829114e-03, -3.222778e-03, -2.314338e-03, -1.747021e-03, -1.367609e-03, -1.100745e-03, -9.056211e-04, -7.584861e-04, -6.447130e-04, -5.548773e-04, -4.826761e-04, -4.237603e-04, -3.750477e-04, -3.343039e-04;
  -1.553331e-04, -7.844400e-02, 2.130699e-01, -7.451814e-02, -1.604069e-02, -7.360576e-03, -4.332307e-03, -2.892049e-03, -2.083277e-03, -1.579330e-03, -1.242104e-03, -1.004397e-03, -8.300637e-04, -6.981477e-04, -5.957691e-04, -5.146325e-04, -4.491866e-04, -3.955958e-04, -3.511373e-04;
  5.938472e-03, -1.861485e-02, -7.486361e-02, 2.148356e-01, -7.352974e-02, -1.543562e-02, -6.964794e-03, -4.059907e-03, -2.696875e-03, -1.938810e-03, -1.469487e-03, -1.156686e-03, -9.366890e-04, -7.755030e-04, -6.535482e-04, -5.588520e-04, -4.837338e-04, -4.230686e-04, -3.733229e-04;
  6.977978e-03, -9.172155e-03, -1.647222e-02, -7.367480e-02, 2.155552e-01, -7.306451e-02, -1.511889e-02, -6.740104e-03, -3.895078e-03, -2.572555e-03, -1.842831e-03, -1.393901e-03, -1.096133e-03, -8.874533e-04, -7.349440e-04, -6.197499e-04, -5.303974e-04, -4.595573e-04, -4.023567e-04;
  6.903269e-03, -5.674273e-03, -7.791025e-03, -1.563846e-02, -7.313862e-02, 2.159178e-01, -7.280899e-02, -1.493269e-02, -6.600547e-03, -3.787967e-03, -2.488661e-03, -1.775960e-03, -1.339779e-03, -1.051739e-03, -8.506043e-04, -7.040336e-04, -5.935749e-04, -5.080431e-04, -4.403185e-04;
  6.535838e-03, -3.925203e-03, -4.732818e-03, -7.185564e-03, -1.522993e-02, -7.285182e-02, 2.161259e-01, -7.265371e-02, -1.481404e-02, -6.508019e-03, -3.714517e-03, -2.429446e-03, -1.727566e-03, -1.299748e-03, -1.018267e-03, -8.223451e-04, -6.799672e-04, -5.729173e-04, -4.901840e-04;
  6.106062e-03, -2.902844e-03, -3.254997e-03, -4.280078e-03, -6.867984e-03, -1.499994e-02, -7.268067e-02, 2.162563e-01, -7.255235e-02, -1.473383e-02, -6.443555e-03, -3.661993e-03, -2.386124e-03, -1.691442e-03, -1.269331e-03, -9.924272e-04, -8.002179e-04, -6.608804e-04, -5.563431e-04;
  5.686665e-03, -2.245161e-03, -2.408937e-03, -2.907978e-03, -4.028748e-03, -6.681124e-03, -1.485781e-02, -7.257040e-02, 2.163434e-01, -7.248254e-02, -1.467709e-02, -6.396862e-03, -3.623148e-03, -2.353489e-03, -1.663779e-03, -1.245690e-03, -9.720756e-04, -7.825789e-04, -6.454976e-04;
  5.300118e-03, -1.793657e-03, -1.870760e-03, -2.137295e-03, -2.705905e-03, -3.875098e-03, -6.562019e-03, -1.476390e-02, -7.249521e-02, 2.164044e-01, -7.243243e-02, -1.463548e-02, -6.361965e-03, -3.593621e-03, -2.328301e-03, -1.642131e-03, -1.226960e-03, -9.557673e-04, -7.682976e-04;
  4.951323e-03, -1.468718e-03, -1.503114e-03, -1.654244e-03, -1.972532e-03, -2.578175e-03, -3.774426e-03, -6.481490e-03, -1.469862e-02, -7.244166e-02, 2.164488e-01, -7.239524e-02, -1.460406e-02, -6.335203e-03, -3.570655e-03, -2.308457e-03, -1.624879e-03, -1.211872e-03, -9.425018e-04;
  4.638911e-03, -1.226304e-03, -1.238744e-03, -1.327811e-03, -1.518218e-03, -1.865288e-03, -2.492401e-03, -3.704931e-03, -6.424522e-03, -1.465142e-02, -7.240218e-02, 2.164821e-01, -7.236689e-02, -1.457976e-02, -6.314231e-03, -3.552442e-03, -2.292549e-03, -1.610908e-03, -1.199542e-03;
  4.359454e-03, -1.040241e-03, -1.041165e-03, -1.094856e-03, -1.214258e-03, -1.427357e-03, -1.791666e-03, -2.432064e-03, -3.654965e-03, -6.382749e-03, -1.461619e-02, -7.237223e-02, 2.165077e-01, -7.234478e-02, -1.456057e-02, -6.297493e-03, -3.537758e-03, -2.279602e-03, -1.599439e-03;
  4.109087e-03, -8.940949e-04, -8.889995e-04, -9.216301e-04, -9.991148e-04, -1.136640e-03, -1.363731e-03, -1.738980e-03, -2.388030e-03, -3.617847e-03, -6.351213e-03, -1.458921e-02, -7.234898e-02, 2.165279e-01, -7.232720e-02, -1.454517e-02, -6.283921e-03, -3.525746e-03, -2.268924e-03;
  3.884131e-03, -7.770789e-04, -7.689544e-04, -7.886294e-04, -8.401816e-04, -9.323100e-04, -1.081305e-03, -1.317481e-03, -1.699998e-03, -2.354921e-03, -3.589524e-03, -6.326825e-03, -1.456808e-02, -7.233057e-02, 2.165440e-01, -7.231301e-02, -1.453261e-02, -6.272765e-03, -3.515796e-03;
  3.681295e-03, -6.818552e-04, -6.723621e-04, -6.838693e-04, -7.187775e-04, -7.822873e-04, -8.839028e-04, -1.040500e-03, -1.282824e-03, -1.670357e-03, -2.329404e-03, -3.567425e-03, -6.307577e-03, -1.455122e-02, -7.231574e-02, 2.165571e-01, -7.230137e-02, -1.452224e-02, -6.263484e-03;
  3.497717e-03, -6.032798e-04, -5.933481e-04, -5.996144e-04, -6.235218e-04, -6.682881e-04, -7.397104e-04, -8.477339e-04, -1.009564e-03, -1.256195e-03, -1.647298e-03, -2.309326e-03, -3.549851e-03, -6.292120e-03, -1.453757e-02, -7.230362e-02, 2.165679e-01, -7.229171e-02, -1.451357e-02;
  3.330946e-03, -5.376542e-04, -5.278019e-04, -5.306668e-04, -5.471285e-04, -5.792344e-04, -6.306505e-04, -7.075103e-04, -8.200137e-04, -9.855611e-04, -1.235297e-03, -1.629011e-03, -2.293246e-03, -3.535648e-03, -6.279522e-03, -1.452635e-02, -7.229359e-02, 2.165769e-01, -7.228361e-02;
  3.178885e-03, -4.822603e-04, -4.727683e-04, -4.734146e-04, -4.847385e-04, -5.080732e-04, -5.458072e-04, -6.018661e-04, -6.825822e-04, -7.983096e-04, -9.665689e-04, -1.218599e-03, -1.614265e-03, -2.280169e-03, -3.524005e-03, -6.269117e-03, -1.451702e-02, -7.228520e-02, 2.165845e-01;
];
