function K = baff_struct(p)
% Auto-generated constant matrix
K = zeros(1,12,12,12);
K(:,:,1,1) = [
  0.000000e+00, 0.000000e+00, 0.000000e+00, 0.000000e+00, 0.000000e+00, 0.000000e+00, 0.000000e+00, 0.000000e+00, 0.000000e+00, 0.000000e+00, 0.000000e+00, 0.000000e+00;
];
K(:,:,1,2) = [
  0.000000e+00, 0.000000e+00, 0.000000e+00, 0.000000e+00, 0.000000e+00, 0.000000e+00, 0.000000e+00, 0.000000e+00, 0.000000e+00, 0.000000e+00, 0.000000e+00, 0.000000e+00;
];
K(:,:,1,3) = [
  0.000000e+00, 0.000000e+00, 0.000000e+00, 0.000000e+00, 0.000000e+00, 0.000000e+00, 0.000000e+00, 0.000000e+00, 0.000000e+00, 0.000000e+00, 0.000000e+00, 0.000000e+00;
];
K(:,:,1,4) = [
  0.000000e+00, 0.000000e+00, 0.000000e+00, 0.000000e+00, 0.000000e+00, 0.000000e+00, 0.000000e+00, 0.000000e+00, 0.000000e+00, 0.000000e+00, 0.000000e+00, 0.000000e+00;
];
K(:,:,1,5) = [
  -2.571721e+06, -1.580299e+07, 2.573488e+06, 3.026236e+07, 0.000000e+00, 0.000000e+00, 0.000000e+00, 0.000000e+00, 4.823488e+07, 2.274811e+07, -2.295823e+07, -4.377453e+07;
];
K(:,:,1,6) = [
  -2.021341e+07, 7.385987e+06, 6.770004e+06, -5.183562e+06, 0.000000e+00, 0.000000e+00, 0.000000e+00, 0.000000e+00, 1.000473e+07, 7.583429e+06, -4.290697e+06, -1.386188e+07;
];
K(:,:,1,7) = [
  2.364532e+07, -3.118859e+06, 2.163011e+06, -1.596170e+07, 0.000000e+00, 0.000000e+00, 0.000000e+00, 0.000000e+00, -4.317781e+07, -2.355495e+07, 2.159577e+07, 4.400341e+07;
];
K(:,:,1,8) = [
  2.634349e+07, 1.489456e+07, -3.830122e+07, -1.681042e+06, 0.000000e+00, 0.000000e+00, 0.000000e+00, 0.000000e+00, -4.466961e+07, -2.424947e+07, 1.774686e+07, 4.863321e+07;
];
K(:,:,1,9) = [
  0.000000e+00, 0.000000e+00, 0.000000e+00, 0.000000e+00, 0.000000e+00, 0.000000e+00, 0.000000e+00, 0.000000e+00, 0.000000e+00, 0.000000e+00, 0.000000e+00, 0.000000e+00;
];
K(:,:,1,10) = [
  0.000000e+00, 0.000000e+00, 0.000000e+00, 0.000000e+00, 0.000000e+00, 0.000000e+00, 0.000000e+00, 0.000000e+00, 0.000000e+00, 0.000000e+00, 0.000000e+00, 0.000000e+00;
];
K(:,:,1,11) = [
  0.000000e+00, 0.000000e+00, 0.000000e+00, 0.000000e+00, 0.000000e+00, 0.000000e+00, 0.000000e+00, 0.000000e+00, 0.000000e+00, 0.000000e+00, 0.000000e+00, 0.000000e+00;
];
K(:,:,1,12) = [
  0.000000e+00, 0.000000e+00, 0.000000e+00, 0.000000e+00, 0.000000e+00, 0.000000e+00, 0.000000e+00, 0.000000e+00, 0.000000e+00, 0.000000e+00, 0.000000e+00, 0.000000e+00;
];
K(:,:,2,1) = [
  0.000000e+00, 0.000000e+00, 0.000000e+00, 0.000000e+00, 0.000000e+00, 0.000000e+00, 0.000000e+00, 0.000000e+00, 0.000000e+00, 0.000000e+00, 0.000000e+00, 0.000000e+00;
];
K(:,:,2,2) = [
  0.000000e+00, 0.000000e+00, 0.000000e+00, 0.000000e+00, 0.000000e+00, 0.000000e+00, 0.000000e+00, 0.000000e+00, 0.000000e+00, 0.000000e+00, 0.000000e+00, 0.000000e+00;
];
K(:,:,2,3) = [
  0.000000e+00, 0.000000e+00, 0.000000e+00, 0.000000e+00, 0.000000e+00, 0.000000e+00, 0.000000e+00, 0.000000e+00, 0.000000e+00, 0.000000e+00, 0.000000e+00, 0.000000e+00;
];
K(:,:,2,4) = [
  0.000000e+00, 0.000000e+00, 0.000000e+00, 0.000000e+00, 0.000000e+00, 0.000000e+00, 0.000000e+00, 0.000000e+00, 0.000000e+00, 0.000000e+00, 0.000000e+00, 0.000000e+00;
];
K(:,:,2,5) = [
  -1.580299e+07, 3.630276e+06, 2.096637e+06, 9.837595e+05, 0.000000e+00, 0.000000e+00, 0.000000e+00, 0.000000e+00, 1.000473e+07, 7.583429e+06, -4.290697e+06, -1.386188e+07;
];
K(:,:,2,6) = [
  7.385987e+06, -1.193509e+07, 6.959702e+06, 9.252768e+06, 0.000000e+00, 0.000000e+00, 0.000000e+00, 0.000000e+00, 6.372780e+06, 4.938075e+05, -2.563486e+06, -1.877600e+06;
];
K(:,:,2,7) = [
  -3.118859e+06, 1.825257e+07, -1.936426e+07, -4.295460e+06, 0.000000e+00, 0.000000e+00, 0.000000e+00, 0.000000e+00, -1.374353e+07, -4.409047e+06, 4.538456e+06, 1.086049e+07;
];
K(:,:,2,8) = [
  1.489456e+07, -7.156930e+06, 2.070549e+07, -3.763253e+07, 0.000000e+00, 0.000000e+00, 0.000000e+00, 0.000000e+00, -1.403936e+07, -8.067364e+06, 9.414413e+06, 1.146202e+07;
];
K(:,:,2,9) = [
  0.000000e+00, 0.000000e+00, 0.000000e+00, 0.000000e+00, 0.000000e+00, 0.000000e+00, 0.000000e+00, 0.000000e+00, 0.000000e+00, 0.000000e+00, 0.000000e+00, 0.000000e+00;
];
K(:,:,2,10) = [
  0.000000e+00, 0.000000e+00, 0.000000e+00, 0.000000e+00, 0.000000e+00, 0.000000e+00, 0.000000e+00, 0.000000e+00, 0.000000e+00, 0.000000e+00, 0.000000e+00, 0.000000e+00;
];
K(:,:,2,11) = [
  0.000000e+00, 0.000000e+00, 0.000000e+00, 0.000000e+00, 0.000000e+00, 0.000000e+00, 0.000000e+00, 0.000000e+00, 0.000000e+00, 0.000000e+00, 0.000000e+00, 0.000000e+00;
];
K(:,:,2,12) = [
  0.000000e+00, 0.000000e+00, 0.000000e+00, 0.000000e+00, 0.000000e+00, 0.000000e+00, 0.000000e+00, 0.000000e+00, 0.000000e+00, 0.000000e+00, 0.000000e+00, 0.000000e+00;
];
K(:,:,3,1) = [
  0.000000e+00, 0.000000e+00, 0.000000e+00, 0.000000e+00, 0.000000e+00, 0.000000e+00, 0.000000e+00, 0.000000e+00, 0.000000e+00, 0.000000e+00, 0.000000e+00, 0.000000e+00;
];
K(:,:,3,2) = [
  0.000000e+00, 0.000000e+00, 0.000000e+00, 0.000000e+00, 0.000000e+00, 0.000000e+00, 0.000000e+00, 0.000000e+00, 0.000000e+00, 0.000000e+00, 0.000000e+00, 0.000000e+00;
];
K(:,:,3,3) = [
  0.000000e+00, 0.000000e+00, 0.000000e+00, 0.000000e+00, 0.000000e+00, 0.000000e+00, 0.000000e+00, 0.000000e+00, 0.000000e+00, 0.000000e+00, 0.000000e+00, 0.000000e+00;
];
K(:,:,3,4) = [
  0.000000e+00, 0.000000e+00, 0.000000e+00, 0.000000e+00, 0.000000e+00, 0.000000e+00, 0.000000e+00, 0.000000e+00, 0.000000e+00, 0.000000e+00, 0.000000e+00, 0.000000e+00;
];
K(:,:,3,5) = [
  2.573488e+06, 2.096637e+06, 1.100861e+07, -2.422435e+07, 0.000000e+00, 0.000000e+00, 0.000000e+00, 0.000000e+00, -4.317781e+07, -2.355495e+07, 2.159577e+07, 4.400341e+07;
];
K(:,:,3,6) = [
  6.770004e+06, 6.959702e+06, -2.414271e+07, 1.275310e+07, 0.000000e+00, 0.000000e+00, 0.000000e+00, 0.000000e+00, -1.374353e+07, -4.409047e+06, 4.538456e+06, 1.086049e+07;
];
K(:,:,3,7) = [
  2.163011e+06, -1.936426e+07, 3.005220e+07, -1.444879e+07, 0.000000e+00, 0.000000e+00, 0.000000e+00, 0.000000e+00, 4.712365e+07, 1.847554e+07, -1.981000e+07, -4.066364e+07;
];
K(:,:,3,8) = [
  -3.830122e+07, 2.070549e+07, -1.635297e+07, 5.231482e+07, 0.000000e+00, 0.000000e+00, 0.000000e+00, 0.000000e+00, 3.932295e+07, 2.705711e+07, -2.134855e+07, -4.431767e+07;
];
K(:,:,3,9) = [
  0.000000e+00, 0.000000e+00, 0.000000e+00, 0.000000e+00, 0.000000e+00, 0.000000e+00, 0.000000e+00, 0.000000e+00, 0.000000e+00, 0.000000e+00, 0.000000e+00, 0.000000e+00;
];
K(:,:,3,10) = [
  0.000000e+00, 0.000000e+00, 0.000000e+00, 0.000000e+00, 0.000000e+00, 0.000000e+00, 0.000000e+00, 0.000000e+00, 0.000000e+00, 0.000000e+00, 0.000000e+00, 0.000000e+00;
];
K(:,:,3,11) = [
  0.000000e+00, 0.000000e+00, 0.000000e+00, 0.000000e+00, 0.000000e+00, 0.000000e+00, 0.000000e+00, 0.000000e+00, 0.000000e+00, 0.000000e+00, 0.000000e+00, 0.000000e+00;
];
K(:,:,3,12) = [
  0.000000e+00, 0.000000e+00, 0.000000e+00, 0.000000e+00, 0.000000e+00, 0.000000e+00, 0.000000e+00, 0.000000e+00, 0.000000e+00, 0.000000e+00, 0.000000e+00, 0.000000e+00;
];
K(:,:,4,1) = [
  0.000000e+00, 0.000000e+00, 0.000000e+00, 0.000000e+00, 0.000000e+00, 0.000000e+00, 0.000000e+00, 0.000000e+00, 0.000000e+00, 0.000000e+00, 0.000000e+00, 0.000000e+00;
];
K(:,:,4,2) = [
  0.000000e+00, 0.000000e+00, 0.000000e+00, 0.000000e+00, 0.000000e+00, 0.000000e+00, 0.000000e+00, 0.000000e+00, 0.000000e+00, 0.000000e+00, 0.000000e+00, 0.000000e+00;
];
K(:,:,4,3) = [
  0.000000e+00, 0.000000e+00, 0.000000e+00, 0.000000e+00, 0.000000e+00, 0.000000e+00, 0.000000e+00, 0.000000e+00, 0.000000e+00, 0.000000e+00, 0.000000e+00, 0.000000e+00;
];
K(:,:,4,4) = [
  0.000000e+00, 0.000000e+00, 0.000000e+00, 0.000000e+00, 0.000000e+00, 0.000000e+00, 0.000000e+00, 0.000000e+00, 0.000000e+00, 0.000000e+00, 0.000000e+00, 0.000000e+00;
];
K(:,:,4,5) = [
  3.026236e+07, 9.837595e+05, -2.422435e+07, 1.212610e+07, 0.000000e+00, 0.000000e+00, 0.000000e+00, 0.000000e+00, -4.466961e+07, -2.424947e+07, 1.774686e+07, 4.863321e+07;
];
