function K = baff_struct(p)
% Auto-generated constant matrix
K = zeros(1,12,12,12);
K(:,:,1,1) = [
  0.000000e+00, 0.000000e+00, 0.000000e+00, 0.000000e+00, 0.000000e+00, 0.000000e+00, 0.000000e+00, 0.000000e+00, 0.000000e+00, 0.000000e+00, 0.000000e+00, 0.000000e+00;
];
K(:,:,1,2) = [
  0.000000e+00, 0.000000e+00, 0.000000e+00, 0.000000e+00, 0.000000e+00, 0.000000e+00, 0.000000e+00, 0.000000e+00, 0.000000e+00, 0.000000e+00, 0.000000e+00, 0.000000e+00;
];
K(:,:,1,3) = [
  0.000000e+00, 0.000000e+00, 0.000000e+00, 0.000000e+00, 0.000000e+00, 0.000000e+00, 0.000000e+00, 0.000000e+00, 0.000000e+00, 0.000000e+00, 0.000000e+00, 0.000000e+00;
];
K(:,:,1,4) = [
  0.000000e+00, 0.000000e+00, 0.000000e+00, 0.000000e+00, 0.000000e+00, 0.000000e+00, 0.000000e+00, 0.000000e+00, 0.000000e+00, 0.000000e+00, 0.000000e+00, 0.000000e+00;
];
K(:,:,1,5) = [
  1.379859e+07, -5.544373e+06, -7.608695e+06, 7.235163e+06, 0.000000e+00, 0.000000e+00, 0.000000e+00, 0.000000e+00, 3.109167e+06, -1.564717e+05, -2.087843e+06, 1.434911e+05;
];
K(:,:,1,6) = [
  -1.199203e+07, 8.015093e+06, 2.850836e+06, -9.162687e+06, 0.000000e+00, 0.000000e+00, 0.000000e+00, 0.000000e+00, -1.789291e+06, 8.442289e+05, 1.034186e+06, -1.164424e+06;
];
K(:,:,1,7) = [
  3.910397e+06, -9.469963e+06, 1.089598e+07, 3.856366e+06, 0.000000e+00, 0.000000e+00, 0.000000e+00, 0.000000e+00, -7.535750e+05, -1.190776e+06, 1.665243e+06, 1.399722e+06;
];
K(:,:,1,8) = [
  4.800383e+06, 4.196471e+06, -2.072070e+07, 1.690394e+07, 0.000000e+00, 0.000000e+00, 0.000000e+00, 0.000000e+00, 1.489090e+06, -3.496589e+04, -2.748707e+06, 1.682633e+06;
];
K(:,:,1,9) = [
  0.000000e+00, 0.000000e+00, 0.000000e+00, 0.000000e+00, 0.000000e+00, 0.000000e+00, 0.000000e+00, 0.000000e+00, 0.000000e+00, 0.000000e+00, 0.000000e+00, 0.000000e+00;
];
K(:,:,1,10) = [
  0.000000e+00, 0.000000e+00, 0.000000e+00, 0.000000e+00, 0.000000e+00, 0.000000e+00, 0.000000e+00, 0.000000e+00, 0.000000e+00, 0.000000e+00, 0.000000e+00, 0.000000e+00;
];
K(:,:,1,11) = [
  0.000000e+00, 0.000000e+00, 0.000000e+00, 0.000000e+00, 0.000000e+00, 0.000000e+00, 0.000000e+00, 0.000000e+00, 0.000000e+00, 0.000000e+00, 0.000000e+00, 0.000000e+00;
];
K(:,:,1,12) = [
  0.000000e+00, 0.000000e+00, 0.000000e+00, 0.000000e+00, 0.000000e+00, 0.000000e+00, 0.000000e+00, 0.000000e+00, 0.000000e+00, 0.000000e+00, 0.000000e+00, 0.000000e+00;
];
K(:,:,2,1) = [
  0.000000e+00, 0.000000e+00, 0.000000e+00, 0.000000e+00, 0.000000e+00, 0.000000e+00, 0.000000e+00, 0.000000e+00, 0.000000e+00, 0.000000e+00, 0.000000e+00, 0.000000e+00;
];
K(:,:,2,2) = [
  0.000000e+00, 0.000000e+00, 0.000000e+00, 0.000000e+00, 0.000000e+00, 0.000000e+00, 0.000000e+00, 0.000000e+00, 0.000000e+00, 0.000000e+00, 0.000000e+00, 0.000000e+00;
];
K(:,:,2,3) = [
  0.000000e+00, 0.000000e+00, 0.000000e+00, 0.000000e+00, 0.000000e+00, 0.000000e+00, 0.000000e+00, 0.000000e+00, 0.000000e+00, 0.000000e+00, 0.000000e+00, 0.000000e+00;
];
K(:,:,2,4) = [
  0.000000e+00, 0.000000e+00, 0.000000e+00, 0.000000e+00, 0.000000e+00, 0.000000e+00, 0.000000e+00, 0.000000e+00, 0.000000e+00, 0.000000e+00, 0.000000e+00, 0.000000e+00;
];
K(:,:,2,5) = [
  -5.544373e+06, 6.592731e+06, -1.989879e+06, -6.986873e+06, 0.000000e+00, 0.000000e+00, 0.000000e+00, 0.000000e+00, -1.789291e+06, 8.442289e+05, 1.034186e+06, -1.164424e+06;
];
K(:,:,2,6) = [
  8.015093e+06, -8.644697e+06, 4.517695e+06, 5.491821e+06, 0.000000e+00, 0.000000e+00, 0.000000e+00, 0.000000e+00, 2.160989e+06, -9.884433e+05, -7.572391e+05, 1.177100e+06;
];
K(:,:,2,7) = [
  -9.469963e+06, 1.118488e+07, -1.194733e+07, 3.675684e+06, 0.000000e+00, 0.000000e+00, 0.000000e+00, 0.000000e+00, -1.409377e+06, 1.279139e+06, -6.759125e+05, -6.806197e+05;
];
K(:,:,2,8) = [
  4.196471e+06, -9.404251e+06, 2.039099e+07, -2.209410e+07, 0.000000e+00, 0.000000e+00, 0.000000e+00, 0.000000e+00, -7.969939e+05, -9.272293e+05, 2.610103e+06, -1.173797e+06;
];
K(:,:,2,9) = [
  0.000000e+00, 0.000000e+00, 0.000000e+00, 0.000000e+00, 0.000000e+00, 0.000000e+00, 0.000000e+00, 0.000000e+00, 0.000000e+00, 0.000000e+00, 0.000000e+00, 0.000000e+00;
];
K(:,:,2,10) = [
  0.000000e+00, 0.000000e+00, 0.000000e+00, 0.000000e+00, 0.000000e+00, 0.000000e+00, 0.000000e+00, 0.000000e+00, 0.000000e+00, 0.000000e+00, 0.000000e+00, 0.000000e+00;
];
K(:,:,2,11) = [
  0.000000e+00, 0.000000e+00, 0.000000e+00, 0.000000e+00, 0.000000e+00, 0.000000e+00, 0.000000e+00, 0.000000e+00, 0.000000e+00, 0.000000e+00, 0.000000e+00, 0.000000e+00;
];
K(:,:,2,12) = [
  0.000000e+00, 0.000000e+00, 0.000000e+00, 0.000000e+00, 0.000000e+00, 0.000000e+00, 0.000000e+00, 0.000000e+00, 0.000000e+00, 0.000000e+00, 0.000000e+00, 0.000000e+00;
];
K(:,:,3,1) = [
  0.000000e+00, 0.000000e+00, 0.000000e+00, 0.000000e+00, 0.000000e+00, 0.000000e+00, 0.000000e+00, 0.000000e+00, 0.000000e+00, 0.000000e+00, 0.000000e+00, 0.000000e+00;
];
K(:,:,3,2) = [
  0.000000e+00, 0.000000e+00, 0.000000e+00, 0.000000e+00, 0.000000e+00, 0.000000e+00, 0.000000e+00, 0.000000e+00, 0.000000e+00, 0.000000e+00, 0.000000e+00, 0.000000e+00;
];
K(:,:,3,3) = [
  0.000000e+00, 0.000000e+00, 0.000000e+00, 0.000000e+00, 0.000000e+00, 0.000000e+00, 0.000000e+00, 0.000000e+00, 0.000000e+00, 0.000000e+00, 0.000000e+00, 0.000000e+00;
];
K(:,:,3,4) = [
  0.000000e+00, 0.000000e+00, 0.000000e+00, 0.000000e+00, 0.000000e+00, 0.000000e+00, 0.000000e+00, 0.000000e+00, 0.000000e+00, 0.000000e+00, 0.000000e+00, 0.000000e+00;
];
K(:,:,3,5) = [
  -7.608695e+06, -1.989879e+06, 1.638518e+07, -8.222771e+06, 0.000000e+00, 0.000000e+00, 0.000000e+00, 0.000000e+00, -7.535750e+05, -1.190776e+06, 1.665243e+06, 1.399722e+06;
];
K(:,:,3,6) = [
  2.850836e+06, 4.517695e+06, -1.736017e+07, 1.333182e+07, 0.000000e+00, 0.000000e+00, 0.000000e+00, 0.000000e+00, -1.409377e+06, 1.279139e+06, -6.759125e+05, -6.806197e+05;
];
K(:,:,3,7) = [
  1.089598e+07, -1.194733e+07, 1.682049e+07, -2.210997e+07, 0.000000e+00, 0.000000e+00, 0.000000e+00, 0.000000e+00, 4.958463e+06, -1.893499e+06, -9.368654e+05, -2.316792e+05;
];
K(:,:,3,8) = [
  -2.072070e+07, 2.039099e+07, -2.045056e+07, 2.954843e+07, 0.000000e+00, 0.000000e+00, 0.000000e+00, 0.000000e+00, -3.938391e+06, 2.872317e+06, -6.018845e+05, 1.621627e+05;
];
K(:,:,3,9) = [
  0.000000e+00, 0.000000e+00, 0.000000e+00, 0.000000e+00, 0.000000e+00, 0.000000e+00, 0.000000e+00, 0.000000e+00, 0.000000e+00, 0.000000e+00, 0.000000e+00, 0.000000e+00;
];
K(:,:,3,10) = [
  0.000000e+00, 0.000000e+00, 0.000000e+00, 0.000000e+00, 0.000000e+00, 0.000000e+00, 0.000000e+00, 0.000000e+00, 0.000000e+00, 0.000000e+00, 0.000000e+00, 0.000000e+00;
];
K(:,:,3,11) = [
  0.000000e+00, 0.000000e+00, 0.000000e+00, 0.000000e+00, 0.000000e+00, 0.000000e+00, 0.000000e+00, 0.000000e+00, 0.000000e+00, 0.000000e+00, 0.000000e+00, 0.000000e+00;
];
K(:,:,3,12) = [
  0.000000e+00, 0.000000e+00, 0.000000e+00, 0.000000e+00, 0.000000e+00, 0.000000e+00, 0.000000e+00, 0.000000e+00, 0.000000e+00, 0.000000e+00, 0.000000e+00, 0.000000e+00;
];
K(:,:,4,1) = [
  0.000000e+00, 0.000000e+00, 0.000000e+00, 0.000000e+00, 0.000000e+00, 0.000000e+00, 0.000000e+00, 0.000000e+00, 0.000000e+00, 0.000000e+00, 0.000000e+00, 0.000000e+00;
];
K(:,:,4,2) = [
  0.000000e+00, 0.000000e+00, 0.000000e+00, 0.000000e+00, 0.000000e+00, 0.000000e+00, 0.000000e+00, 0.000000e+00, 0.000000e+00, 0.000000e+00, 0.000000e+00, 0.000000e+00;
];
K(:,:,4,3) = [
  0.000000e+00, 0.000000e+00, 0.000000e+00, 0.000000e+00, 0.000000e+00, 0.000000e+00, 0.000000e+00, 0.000000e+00, 0.000000e+00, 0.000000e+00, 0.000000e+00, 0.000000e+00;
];
K(:,:,4,4) = [
  0.000000e+00, 0.000000e+00, 0.000000e+00, 0.000000e+00, 0.000000e+00, 0.000000e+00, 0.000000e+00, 0.000000e+00, 0.000000e+00, 0.000000e+00, 0.000000e+00, 0.000000e+00;
];
K(:,:,4,5) = [
  7.235163e+06, -6.986873e+06, -8.222771e+06, 2.945620e+07, 0.000000e+00, 0.000000e+00, 0.000000e+00, 0.000000e+00, 1.489090e+06, -3.496589e+04, -2.748707e+06, 1.682633e+06;
];
