function K = fuel(p)
% Auto-generated constant matrix
K = zeros(1,12,12,12);
K(:,:,1,1) = [
  0.000000e+00, 0.000000e+00, 0.000000e+00, 0.000000e+00, 0.000000e+00, 0.000000e+00, 0.000000e+00, 0.000000e+00, 0.000000e+00, 0.000000e+00, 0.000000e+00, 0.000000e+00;
];
K(:,:,1,2) = [
  0.000000e+00, 0.000000e+00, 0.000000e+00, 0.000000e+00, 0.000000e+00, 0.000000e+00, 0.000000e+00, 0.000000e+00, 0.000000e+00, 0.000000e+00, 0.000000e+00, 0.000000e+00;
];
K(:,:,1,3) = [
  0.000000e+00, 0.000000e+00, 0.000000e+00, 0.000000e+00, 0.000000e+00, 0.000000e+00, 0.000000e+00, 0.000000e+00, 0.000000e+00, 0.000000e+00, 0.000000e+00, 0.000000e+00;
];
K(:,:,1,4) = [
  0.000000e+00, 0.000000e+00, 0.000000e+00, 0.000000e+00, 0.000000e+00, 0.000000e+00, 0.000000e+00, 0.000000e+00, 0.000000e+00, 0.000000e+00, 0.000000e+00, 0.000000e+00;
];
K(:,:,1,5) = [
  9.055973e+07, -5.185495e+07, -2.485220e+07, 5.067359e+07, 0.000000e+00, 0.000000e+00, 0.000000e+00, 0.000000e+00, 1.135602e+07, -1.591999e+06, -6.889839e+06, 1.591973e+06;
];
K(:,:,1,6) = [
  -9.932651e+07, 7.765109e+07, -5.386371e+06, -6.062741e+07, 0.000000e+00, 0.000000e+00, 0.000000e+00, 0.000000e+00, -8.066008e+06, 4.145635e+06, 3.444900e+06, -4.850426e+06;
];
K(:,:,1,7) = [
  8.809276e+07, -1.120241e+08, 9.410084e+07, 2.666488e+07, 0.000000e+00, 0.000000e+00, 0.000000e+00, 0.000000e+00, 7.603390e+05, -6.058205e+06, 5.950126e+06, 5.212063e+06;
];
K(:,:,1,8) = [
  -4.321805e+07, 9.730544e+07, -1.730762e+08, 1.037178e+08, 0.000000e+00, 0.000000e+00, 0.000000e+00, 0.000000e+00, 2.839424e+06, 2.329908e+06, -1.115748e+07, 6.001898e+06;
];
K(:,:,1,9) = [
  0.000000e+00, 0.000000e+00, 0.000000e+00, 0.000000e+00, 0.000000e+00, 0.000000e+00, 0.000000e+00, 0.000000e+00, 0.000000e+00, 0.000000e+00, 0.000000e+00, 0.000000e+00;
];
K(:,:,1,10) = [
  0.000000e+00, 0.000000e+00, 0.000000e+00, 0.000000e+00, 0.000000e+00, 0.000000e+00, 0.000000e+00, 0.000000e+00, 0.000000e+00, 0.000000e+00, 0.000000e+00, 0.000000e+00;
];
K(:,:,1,11) = [
  0.000000e+00, 0.000000e+00, 0.000000e+00, 0.000000e+00, 0.000000e+00, 0.000000e+00, 0.000000e+00, 0.000000e+00, 0.000000e+00, 0.000000e+00, 0.000000e+00, 0.000000e+00;
];
K(:,:,1,12) = [
  0.000000e+00, 0.000000e+00, 0.000000e+00, 0.000000e+00, 0.000000e+00, 0.000000e+00, 0.000000e+00, 0.000000e+00, 0.000000e+00, 0.000000e+00, 0.000000e+00, 0.000000e+00;
];
K(:,:,2,1) = [
  0.000000e+00, 0.000000e+00, 0.000000e+00, 0.000000e+00, 0.000000e+00, 0.000000e+00, 0.000000e+00, 0.000000e+00, 0.000000e+00, 0.000000e+00, 0.000000e+00, 0.000000e+00;
];
K(:,:,2,2) = [
  0.000000e+00, 0.000000e+00, 0.000000e+00, 0.000000e+00, 0.000000e+00, 0.000000e+00, 0.000000e+00, 0.000000e+00, 0.000000e+00, 0.000000e+00, 0.000000e+00, 0.000000e+00;
];
K(:,:,2,3) = [
  0.000000e+00, 0.000000e+00, 0.000000e+00, 0.000000e+00, 0.000000e+00, 0.000000e+00, 0.000000e+00, 0.000000e+00, 0.000000e+00, 0.000000e+00, 0.000000e+00, 0.000000e+00;
];
K(:,:,2,4) = [
  0.000000e+00, 0.000000e+00, 0.000000e+00, 0.000000e+00, 0.000000e+00, 0.000000e+00, 0.000000e+00, 0.000000e+00, 0.000000e+00, 0.000000e+00, 0.000000e+00, 0.000000e+00;
];
K(:,:,2,5) = [
  -5.185495e+07, 6.124419e+07, -3.539246e+07, -3.603876e+07, 0.000000e+00, 0.000000e+00, 0.000000e+00, 0.000000e+00, -8.066008e+06, 4.145635e+06, 3.444900e+06, -4.850426e+06;
];
K(:,:,2,6) = [
  7.765109e+07, -9.072958e+07, 6.799150e+07, 2.472441e+07, 0.000000e+00, 0.000000e+00, 0.000000e+00, 0.000000e+00, 1.025146e+07, -5.538648e+06, -2.251044e+06, 5.238874e+06;
];
K(:,:,2,7) = [
  -1.120241e+08, 1.415015e+08, -1.509837e+08, 4.206407e+07, 0.000000e+00, 0.000000e+00, 0.000000e+00, 0.000000e+00, -9.467477e+06, 8.061951e+06, -3.609669e+06, -3.471502e+06;
];
K(:,:,2,8) = [
  9.730544e+07, -1.513941e+08, 2.309173e+08, -1.773392e+08, 0.000000e+00, 0.000000e+00, 0.000000e+00, 0.000000e+00, 2.075150e+06, -7.403493e+06, 1.182759e+07, -4.462939e+06;
];
K(:,:,2,9) = [
  0.000000e+00, 0.000000e+00, 0.000000e+00, 0.000000e+00, 0.000000e+00, 0.000000e+00, 0.000000e+00, 0.000000e+00, 0.000000e+00, 0.000000e+00, 0.000000e+00, 0.000000e+00;
];
K(:,:,2,10) = [
  0.000000e+00, 0.000000e+00, 0.000000e+00, 0.000000e+00, 0.000000e+00, 0.000000e+00, 0.000000e+00, 0.000000e+00, 0.000000e+00, 0.000000e+00, 0.000000e+00, 0.000000e+00;
];
K(:,:,2,11) = [
  0.000000e+00, 0.000000e+00, 0.000000e+00, 0.000000e+00, 0.000000e+00, 0.000000e+00, 0.000000e+00, 0.000000e+00, 0.000000e+00, 0.000000e+00, 0.000000e+00, 0.000000e+00;
];
K(:,:,2,12) = [
  0.000000e+00, 0.000000e+00, 0.000000e+00, 0.000000e+00, 0.000000e+00, 0.000000e+00, 0.000000e+00, 0.000000e+00, 0.000000e+00, 0.000000e+00, 0.000000e+00, 0.000000e+00;
];
K(:,:,3,1) = [
  0.000000e+00, 0.000000e+00, 0.000000e+00, 0.000000e+00, 0.000000e+00, 0.000000e+00, 0.000000e+00, 0.000000e+00, 0.000000e+00, 0.000000e+00, 0.000000e+00, 0.000000e+00;
];
K(:,:,3,2) = [
  0.000000e+00, 0.000000e+00, 0.000000e+00, 0.000000e+00, 0.000000e+00, 0.000000e+00, 0.000000e+00, 0.000000e+00, 0.000000e+00, 0.000000e+00, 0.000000e+00, 0.000000e+00;
];
K(:,:,3,3) = [
  0.000000e+00, 0.000000e+00, 0.000000e+00, 0.000000e+00, 0.000000e+00, 0.000000e+00, 0.000000e+00, 0.000000e+00, 0.000000e+00, 0.000000e+00, 0.000000e+00, 0.000000e+00;
];
K(:,:,3,4) = [
  0.000000e+00, 0.000000e+00, 0.000000e+00, 0.000000e+00, 0.000000e+00, 0.000000e+00, 0.000000e+00, 0.000000e+00, 0.000000e+00, 0.000000e+00, 0.000000e+00, 0.000000e+00;
];
K(:,:,3,5) = [
  -2.485220e+07, -3.539246e+07, 1.301508e+08, -8.347978e+07, 0.000000e+00, 0.000000e+00, 0.000000e+00, 0.000000e+00, 7.603390e+05, -6.058205e+06, 5.950126e+06, 5.212063e+06;
];
K(:,:,3,6) = [
  -5.386371e+06, 6.799150e+07, -1.749400e+08, 1.381465e+08, 0.000000e+00, 0.000000e+00, 0.000000e+00, 0.000000e+00, -9.467477e+06, 8.061951e+06, -3.609669e+06, -3.471502e+06;
];
K(:,:,3,7) = [
  9.410084e+07, -1.509837e+08, 2.580445e+08, -2.507152e+08, 0.000000e+00, 0.000000e+00, 0.000000e+00, 0.000000e+00, 2.477700e+07, -1.361481e+07, 4.525197e+05, 9.556857e+05;
];
K(:,:,3,8) = [
  -1.730762e+08, 2.309173e+08, -3.310682e+08, 3.472580e+08, 0.000000e+00, 0.000000e+00, 0.000000e+00, 0.000000e+00, -2.413534e+07, 1.897977e+07, -7.441703e+06, 4.860007e+05;
];
K(:,:,3,9) = [
  0.000000e+00, 0.000000e+00, 0.000000e+00, 0.000000e+00, 0.000000e+00, 0.000000e+00, 0.000000e+00, 0.000000e+00, 0.000000e+00, 0.000000e+00, 0.000000e+00, 0.000000e+00;
];
K(:,:,3,10) = [
  0.000000e+00, 0.000000e+00, 0.000000e+00, 0.000000e+00, 0.000000e+00, 0.000000e+00, 0.000000e+00, 0.000000e+00, 0.000000e+00, 0.000000e+00, 0.000000e+00, 0.000000e+00;
];
K(:,:,3,11) = [
  0.000000e+00, 0.000000e+00, 0.000000e+00, 0.000000e+00, 0.000000e+00, 0.000000e+00, 0.000000e+00, 0.000000e+00, 0.000000e+00, 0.000000e+00, 0.000000e+00, 0.000000e+00;
];
K(:,:,3,12) = [
  0.000000e+00, 0.000000e+00, 0.000000e+00, 0.000000e+00, 0.000000e+00, 0.000000e+00, 0.000000e+00, 0.000000e+00, 0.000000e+00, 0.000000e+00, 0.000000e+00, 0.000000e+00;
];
K(:,:,4,1) = [
  0.000000e+00, 0.000000e+00, 0.000000e+00, 0.000000e+00, 0.000000e+00, 0.000000e+00, 0.000000e+00, 0.000000e+00, 0.000000e+00, 0.000000e+00, 0.000000e+00, 0.000000e+00;
];
K(:,:,4,2) = [
  0.000000e+00, 0.000000e+00, 0.000000e+00, 0.000000e+00, 0.000000e+00, 0.000000e+00, 0.000000e+00, 0.000000e+00, 0.000000e+00, 0.000000e+00, 0.000000e+00, 0.000000e+00;
];
K(:,:,4,3) = [
  0.000000e+00, 0.000000e+00, 0.000000e+00, 0.000000e+00, 0.000000e+00, 0.000000e+00, 0.000000e+00, 0.000000e+00, 0.000000e+00, 0.000000e+00, 0.000000e+00, 0.000000e+00;
];
K(:,:,4,4) = [
  0.000000e+00, 0.000000e+00, 0.000000e+00, 0.000000e+00, 0.000000e+00, 0.000000e+00, 0.000000e+00, 0.000000e+00, 0.000000e+00, 0.000000e+00, 0.000000e+00, 0.000000e+00;
];
K(:,:,4,5) = [
  5.067359e+07, -3.603876e+07, -8.347978e+07, 2.343333e+08, 0.000000e+00, 0.000000e+00, 0.000000e+00, 0.000000e+00, 2.839424e+06, 2.329908e+06, -1.115748e+07, 6.001898e+06;
];
