function K = Lif_proj1(p)
% Auto-generated constant matrix
K = zeros(1,12,20,12);
K(:,:,1,1) = [
  0.000000e+00, 0.000000e+00, 0.000000e+00, 0.000000e+00, 0.000000e+00, 0.000000e+00, 0.000000e+00, 0.000000e+00, 0.000000e+00, 0.000000e+00, 0.000000e+00, 0.000000e+00;
];
K(:,:,1,2) = [
  0.000000e+00, 0.000000e+00, 0.000000e+00, 0.000000e+00, 0.000000e+00, 0.000000e+00, 0.000000e+00, 0.000000e+00, 0.000000e+00, 0.000000e+00, 0.000000e+00, 0.000000e+00;
];
K(:,:,1,3) = [
  0.000000e+00, 0.000000e+00, 0.000000e+00, 0.000000e+00, 0.000000e+00, 0.000000e+00, 0.000000e+00, 0.000000e+00, 0.000000e+00, 0.000000e+00, 0.000000e+00, 0.000000e+00;
];
K(:,:,1,4) = [
  0.000000e+00, 0.000000e+00, 0.000000e+00, 0.000000e+00, 0.000000e+00, 0.000000e+00, 0.000000e+00, 0.000000e+00, 0.000000e+00, 0.000000e+00, 0.000000e+00, 0.000000e+00;
];
K(:,:,1,5) = [
  4.448753e+00, 4.115096e+00, 3.158615e+00, 1.707209e+00, 0.000000e+00, 0.000000e+00, 0.000000e+00, 0.000000e+00, -3.970654e-01, -3.772121e-01, -3.196376e-01, -2.300994e-01;
];
K(:,:,1,6) = [
  4.115096e+00, 3.806464e+00, 2.921718e+00, 1.579168e+00, 0.000000e+00, 0.000000e+00, 0.000000e+00, 0.000000e+00, -3.772121e-01, -3.583515e-01, -3.036557e-01, -2.185944e-01;
];
K(:,:,1,7) = [
  3.158615e+00, 2.921718e+00, 2.242616e+00, 1.212118e+00, 0.000000e+00, 0.000000e+00, 0.000000e+00, 0.000000e+00, -3.196376e-01, -3.036557e-01, -2.573083e-01, -1.852300e-01;
];
K(:,:,1,8) = [
  1.707209e+00, 1.579168e+00, 1.212118e+00, 6.551414e-01, 0.000000e+00, 0.000000e+00, 0.000000e+00, 0.000000e+00, -2.300994e-01, -2.185944e-01, -1.852300e-01, -1.333426e-01;
];
K(:,:,1,9) = [
  0.000000e+00, 0.000000e+00, 0.000000e+00, 0.000000e+00, 0.000000e+00, 0.000000e+00, 0.000000e+00, 0.000000e+00, 0.000000e+00, 0.000000e+00, 0.000000e+00, 0.000000e+00;
];
K(:,:,1,10) = [
  0.000000e+00, 0.000000e+00, 0.000000e+00, 0.000000e+00, 0.000000e+00, 0.000000e+00, 0.000000e+00, 0.000000e+00, 0.000000e+00, 0.000000e+00, 0.000000e+00, 0.000000e+00;
];
K(:,:,1,11) = [
  0.000000e+00, 0.000000e+00, 0.000000e+00, 0.000000e+00, 0.000000e+00, 0.000000e+00, 0.000000e+00, 0.000000e+00, 0.000000e+00, 0.000000e+00, 0.000000e+00, 0.000000e+00;
];
K(:,:,1,12) = [
  0.000000e+00, 0.000000e+00, 0.000000e+00, 0.000000e+00, 0.000000e+00, 0.000000e+00, 0.000000e+00, 0.000000e+00, 0.000000e+00, 0.000000e+00, 0.000000e+00, 0.000000e+00;
];
K(:,:,2,1) = [
  0.000000e+00, 0.000000e+00, 0.000000e+00, 0.000000e+00, 0.000000e+00, 0.000000e+00, 0.000000e+00, 0.000000e+00, 0.000000e+00, 0.000000e+00, 0.000000e+00, 0.000000e+00;
];
K(:,:,2,2) = [
  0.000000e+00, 0.000000e+00, 0.000000e+00, 0.000000e+00, 0.000000e+00, 0.000000e+00, 0.000000e+00, 0.000000e+00, 0.000000e+00, 0.000000e+00, 0.000000e+00, 0.000000e+00;
];
K(:,:,2,3) = [
  0.000000e+00, 0.000000e+00, 0.000000e+00, 0.000000e+00, 0.000000e+00, 0.000000e+00, 0.000000e+00, 0.000000e+00, 0.000000e+00, 0.000000e+00, 0.000000e+00, 0.000000e+00;
];
K(:,:,2,4) = [
  0.000000e+00, 0.000000e+00, 0.000000e+00, 0.000000e+00, 0.000000e+00, 0.000000e+00, 0.000000e+00, 0.000000e+00, 0.000000e+00, 0.000000e+00, 0.000000e+00, 0.000000e+00;
];
K(:,:,2,5) = [
  3.843431e+01, 2.978659e+01, 7.302518e+00, -1.993780e+01, 0.000000e+00, 0.000000e+00, 0.000000e+00, 0.000000e+00, -1.072077e+01, -9.112650e+00, -4.770740e+00, 1.002392e+00;
];
K(:,:,2,6) = [
  2.978659e+01, 2.308461e+01, 5.659452e+00, -1.545179e+01, 0.000000e+00, 0.000000e+00, 0.000000e+00, 0.000000e+00, -9.112650e+00, -7.745753e+00, -4.055129e+00, 8.520328e-01;
];
K(:,:,2,7) = [
  7.302518e+00, 5.659452e+00, 1.387479e+00, -3.788181e+00, 0.000000e+00, 0.000000e+00, 0.000000e+00, 0.000000e+00, -4.770740e+00, -4.055129e+00, -2.122980e+00, 4.460642e-01;
];
K(:,:,2,8) = [
  -1.993780e+01, -1.545179e+01, -3.788181e+00, 1.034273e+01, 0.000000e+00, 0.000000e+00, 0.000000e+00, 0.000000e+00, 1.002392e+00, 8.520328e-01, 4.460642e-01, -9.372361e-02;
];
K(:,:,2,9) = [
  0.000000e+00, 0.000000e+00, 0.000000e+00, 0.000000e+00, 0.000000e+00, 0.000000e+00, 0.000000e+00, 0.000000e+00, 0.000000e+00, 0.000000e+00, 0.000000e+00, 0.000000e+00;
];
K(:,:,2,10) = [
  0.000000e+00, 0.000000e+00, 0.000000e+00, 0.000000e+00, 0.000000e+00, 0.000000e+00, 0.000000e+00, 0.000000e+00, 0.000000e+00, 0.000000e+00, 0.000000e+00, 0.000000e+00;
];
K(:,:,2,11) = [
  0.000000e+00, 0.000000e+00, 0.000000e+00, 0.000000e+00, 0.000000e+00, 0.000000e+00, 0.000000e+00, 0.000000e+00, 0.000000e+00, 0.000000e+00, 0.000000e+00, 0.000000e+00;
];
K(:,:,2,12) = [
  0.000000e+00, 0.000000e+00, 0.000000e+00, 0.000000e+00, 0.000000e+00, 0.000000e+00, 0.000000e+00, 0.000000e+00, 0.000000e+00, 0.000000e+00, 0.000000e+00, 0.000000e+00;
];
K(:,:,3,1) = [
  0.000000e+00, 0.000000e+00, 0.000000e+00, 0.000000e+00, 0.000000e+00, 0.000000e+00, 0.000000e+00, 0.000000e+00, 0.000000e+00, 0.000000e+00, 0.000000e+00, 0.000000e+00;
];
K(:,:,3,2) = [
  0.000000e+00, 0.000000e+00, 0.000000e+00, 0.000000e+00, 0.000000e+00, 0.000000e+00, 0.000000e+00, 0.000000e+00, 0.000000e+00, 0.000000e+00, 0.000000e+00, 0.000000e+00;
];
K(:,:,3,3) = [
  0.000000e+00, 0.000000e+00, 0.000000e+00, 0.000000e+00, 0.000000e+00, 0.000000e+00, 0.000000e+00, 0.000000e+00, 0.000000e+00, 0.000000e+00, 0.000000e+00, 0.000000e+00;
];
K(:,:,3,4) = [
  0.000000e+00, 0.000000e+00, 0.000000e+00, 0.000000e+00, 0.000000e+00, 0.000000e+00, 0.000000e+00, 0.000000e+00, 0.000000e+00, 0.000000e+00, 0.000000e+00, 0.000000e+00;
];
K(:,:,3,5) = [
  1.023051e+02, 6.394069e+01, -2.557628e+01, -1.055021e+02, 0.000000e+00, 0.000000e+00, 0.000000e+00, 0.000000e+00, -4.963317e+01, -3.722488e+01, -6.204146e+00, 2.791866e+01;
];
K(:,:,3,6) = [
  6.394069e+01, 3.996293e+01, -1.598517e+01, -6.593884e+01, 0.000000e+00, 0.000000e+00, 0.000000e+00, 0.000000e+00, -3.722488e+01, -2.791866e+01, -4.653110e+00, 2.093899e+01;
];
K(:,:,3,7) = [
  -2.557628e+01, -1.598517e+01, 6.394069e+00, 2.637554e+01, 0.000000e+00, 0.000000e+00, 0.000000e+00, 0.000000e+00, -6.204146e+00, -4.653110e+00, -7.755183e-01, 3.489832e+00;
];
K(:,:,3,8) = [
  -1.055021e+02, -6.593884e+01, 2.637554e+01, 1.087991e+02, 0.000000e+00, 0.000000e+00, 0.000000e+00, 0.000000e+00, 2.791866e+01, 2.093899e+01, 3.489832e+00, -1.570425e+01;
];
K(:,:,3,9) = [
  0.000000e+00, 0.000000e+00, 0.000000e+00, 0.000000e+00, 0.000000e+00, 0.000000e+00, 0.000000e+00, 0.000000e+00, 0.000000e+00, 0.000000e+00, 0.000000e+00, 0.000000e+00;
];
K(:,:,3,10) = [
  0.000000e+00, 0.000000e+00, 0.000000e+00, 0.000000e+00, 0.000000e+00, 0.000000e+00, 0.000000e+00, 0.000000e+00, 0.000000e+00, 0.000000e+00, 0.000000e+00, 0.000000e+00;
];
K(:,:,3,11) = [
  0.000000e+00, 0.000000e+00, 0.000000e+00, 0.000000e+00, 0.000000e+00, 0.000000e+00, 0.000000e+00, 0.000000e+00, 0.000000e+00, 0.000000e+00, 0.000000e+00, 0.000000e+00;
];
K(:,:,3,12) = [
  0.000000e+00, 0.000000e+00, 0.000000e+00, 0.000000e+00, 0.000000e+00, 0.000000e+00, 0.000000e+00, 0.000000e+00, 0.000000e+00, 0.000000e+00, 0.000000e+00, 0.000000e+00;
];
K(:,:,4,1) = [
  0.000000e+00, 0.000000e+00, 0.000000e+00, 0.000000e+00, 0.000000e+00, 0.000000e+00, 0.000000e+00, 0.000000e+00, 0.000000e+00, 0.000000e+00, 0.000000e+00, 0.000000e+00;
];
K(:,:,4,2) = [
  0.000000e+00, 0.000000e+00, 0.000000e+00, 0.000000e+00, 0.000000e+00, 0.000000e+00, 0.000000e+00, 0.000000e+00, 0.000000e+00, 0.000000e+00, 0.000000e+00, 0.000000e+00;
];
K(:,:,4,3) = [
  0.000000e+00, 0.000000e+00, 0.000000e+00, 0.000000e+00, 0.000000e+00, 0.000000e+00, 0.000000e+00, 0.000000e+00, 0.000000e+00, 0.000000e+00, 0.000000e+00, 0.000000e+00;
];
K(:,:,4,4) = [
  0.000000e+00, 0.000000e+00, 0.000000e+00, 0.000000e+00, 0.000000e+00, 0.000000e+00, 0.000000e+00, 0.000000e+00, 0.000000e+00, 0.000000e+00, 0.000000e+00, 0.000000e+00;
];
K(:,:,4,5) = [
  1.917826e+02, 9.109672e+01, -1.169874e+02, -2.327761e+02, 0.000000e+00, 0.000000e+00, 0.000000e+00, 0.000000e+00, -1.361934e+02, -8.852573e+01, 2.110998e+01, 1.159687e+02;
];
