function fw = fw(x)
%FW
%    FW = FW(X)

%    This function was generated by the Symbolic Math Toolbox version 9.0.
%    05-Jun-2025 11:57:53

et1 = x.^3.*(4.0./3.0)-x.^4.*4.036510985588204+x.^5.*1.853829226584093-x.^6.*2.910056348309901e-1;
et2 = x.^7.*1.841080072145023e-2;
et3 = x.^8.*(-4.046060632127605e-4);
et4 = x.^3.*(4.0./3.0)-x.^4.*2.583367030776451+x.^5.*7.415316906336371e-1-x.^6.*6.651557367565489e-2;
et5 = x.^7.*1.841080072145023e-3;
et6 = x.^3.*(4.0./3.0)-x.^4.*4.197971425011732+x.^5.*2.375218696560869;
et7 = x.^6.*(-5.404390361146959e-1);
et8 = x.^7.*5.86844272996226e-2;
et9 = x.^8.*(-3.005645041009078e-3);
et10 = x.^9.*5.806922023089434e-5;
et11 = x.^3.*(4.0./3.0)-x.^4.*2.744827470199979+x.^5.*1.075220951418774;
et12 = x.^6.*(-1.662889341891372e-1);
et13 = x.^7.*1.104648043287014e-2;
et14 = x.^8.*(-2.601038977796318e-4);
et15 = x.^3.*(4.0./3.0)-x.^4.*1.614604394235282+x.^5.*4.101597163817305e-1-x.^6.*3.824645486350156e-2;
et16 = x.^7.*1.150675045090639e-3;
et17 = x.^10;
et18 = -1.500141090473893e-5;
et19 = x.^3.*(4.0./3.0)-x.^4.*4.682352743282317+x.^5.*3.976463691022879;
et20 = x.^6.*(-1.413455940607666);
et21 = x.^7.*2.408746427723072e-1;
et22 = x.^8.*(-2.092391355471704e-2);
et23 = x.^9.*8.959251121337983e-4+et17.*et18;
et24 = x.^3.*(4.0./3.0)-x.^4.*3.229208788470563+x.^5.*2.113365318305866;
et25 = x.^6.*(-5.454277041403701e-1);
et26 = x.^7.*6.321041581031245e-2;
et27 = x.^8.*(-3.352450238048587e-3);
et28 = x.^9.*6.63648231210221e-5;
et29 = x.^3.*(4.0./3.0)-x.^4.*2.098985712505866+x.^5.*1.010336928488331;
et30 = x.^6.*(-1.729404915567027e-1);
et31 = x.^7.*1.196702046894265e-2;
et32 = x.^8.*(-2.890043308662575e-4);
et33 = x.^3.*(4.0./3.0)-x.^4.*1.291683515388225+x.^5.*4.078424298485004e-1-x.^6.*3.990934420539293e-2;
et34 = x.^7.*1.227386714763349e-3;
et35 = x.^10;
et36 = -2.507378679792078e-4;
et37 = x.^11;
et38 = 3.669900600987962e-6;
et39 = x.^3.*(4.0./3.0)-x.^4.*5.489654940399957+x.^5.*6.768793963565169;
et40 = x.^6.*(-3.292520896944917);
et41 = x.^7.*7.778563304812721e-1;
et42 = x.^8.*(-9.895508288860658e-2);
et43 = x.^9.*6.924063212293305e-3+et35.*et36+et37.*et38;
et44 = x.^10;
et45 = -1.607294025507742e-5;
et46 = x.^3.*(4.0./3.0)-x.^4.*4.036510985588204+x.^5.*3.967194544889959;
et47 = x.^6.*(-1.451702395471168);
et48 = x.^7.*2.503868898117231e-1;
et49 = x.^8.*(-2.19932295789222e-2);
et50 = x.^9.*9.512291314013167e-4+et44.*et45;
et51 = x.^3.*(4.0./3.0)-x.^4.*2.906287909623507+x.^5.*2.134220897104937;
et52 = x.^6.*(-5.554050401917183e-1);
et53 = x.^7.*6.489807254311205e-2;
et54 = x.^8.*(-3.46805197039509e-3);
et55 = x.^9.*6.913002408439802e-5;
et56 = x.^3.*(4.0./3.0)-x.^4.*2.098985712505866+x.^5.*1.010336928488331;
et57 = x.^6.*(-1.729404915567027e-1);
et58 = x.^7.*1.196702046894265e-2;
et59 = x.^8.*(-2.890043308662575e-4);
et60 = x.^3.*(4.0./3.0)-x.^4.*1.614604394235282+x.^5.*4.101597163817305e-1-x.^6.*3.824645486350156e-2;
et61 = x.^7.*1.150675045090639e-3;
et62 = x.^10;
et63 = -2.148416347428682e-3;
et64 = x.^11;
et65 = 6.710675384663701e-5;
et66 = x.^12;
et67 = -8.690641867250733e-7;
et68 = x.^3.*(4.0./3.0)-x.^4.*6.619878016364655+x.^5.*1.093759243684615e+1;
et69 = x.^6.*(-6.842789641882996);
et70 = x.^7.*2.12215162982583;
et71 = x.^8.*(-3.664285911053279e-1);
et72 = x.^9.*3.687672004758128e-2+et62.*et63+et64.*et65+et66.*et67;
et73 = x.^10;
et74 = -2.571670440812388e-4;
et75 = x.^11;
et76 = 3.774754903873332e-6;
et77 = x.^3.*(4.0./3.0)-x.^4.*5.166734061552901+x.^5.*6.822091553829462;
et78 = x.^6.*(-3.325778683782744);
et79 = x.^7.*7.892096575928331e-1;
et80 = x.^8.*(-1.008047106061506e-1);
et81 = x.^9.*7.078914466242357e-3+et73.*et74+et75.*et76;
et82 = x.^10;
et83 = -1.607294025507742e-5;
et84 = x.^3.*(4.0./3.0)-x.^4.*4.036510985588204+x.^5.*3.967194544889959;
et85 = x.^6.*(-1.451702395471168);
et86 = x.^7.*2.503868898117231e-1;
et87 = x.^8.*(-2.19932295789222e-2);
et88 = x.^9.*9.512291314013167e-4+et82.*et83;
et89 = x.^3.*(4.0./3.0)-x.^4.*3.229208788470563+x.^5.*2.113365318305866;
et90 = x.^6.*(-5.454277041403701e-1);
et91 = x.^7.*6.321041581031245e-2;
et92 = x.^8.*(-3.352450238048587e-3);
et93 = x.^9.*6.63648231210221e-5;
et94 = x.^3.*(4.0./3.0)-x.^4.*2.744827470199979+x.^5.*1.075220951418774;
et95 = x.^6.*(-1.662889341891372e-1);
et96 = x.^7.*1.104648043287014e-2;
et97 = x.^8.*(-2.601038977796318e-4);
et98 = x.^3.*(4.0./3.0)-x.^4.*2.583367030776451+x.^5.*7.415316906336371e-1-x.^6.*6.651557367565489e-2;
et99 = x.^7.*1.841080072145023e-3;
et100 = x.^10;
et101 = -1.275119926902809e-2;
et102 = x.^11;
et103 = 6.343685324564905e-4;
et104 = x.^12;
et105 = -1.738128373450147e-5;
et106 = x.^13;
et107 = 2.014843894012657e-7;
et108 = x.^3.*(4.0./3.0)-x.^4.*8.073021971176408+x.^5.*1.674239520258759e+1;
et109 = x.^6.*(-1.305368133384727e+1);
et110 = x.^7.*5.118969717259891;
et111 = x.^8.*(-1.142376319048143);
et112 = x.^9.*1.539525636359544e-1+et100.*et101+et102.*et103+et104.*et105+et106.*et107;
et113 = x.^10;
et114 = -2.148416347428682e-3;
et115 = x.^11;
et116 = 6.710675384663701e-5;
et117 = x.^12;
et118 = -8.690641867250733e-7;
et119 = x.^3.*(4.0./3.0)-x.^4.*6.619878016364655+x.^5.*1.093759243684615e+1;
et120 = x.^6.*(-6.842789641882996);
et121 = x.^7.*2.12215162982583;
et122 = x.^8.*(-3.664285911053279e-1);
et123 = x.^9.*3.687672004758128e-2+et113.*et114+et115.*et116+et117.*et118;
et124 = x.^10;
et125 = -2.507378679792078e-4;
et126 = x.^11;
et127 = 3.669900600987962e-6;
et128 = x.^3.*(4.0./3.0)-x.^4.*5.489654940399957+x.^5.*6.768793963565169;
et129 = x.^6.*(-3.292520896944917);
et130 = x.^7.*7.778563304812721e-1;
et131 = x.^8.*(-9.895508288860658e-2);
et132 = x.^9.*6.924063212293305e-3+et124.*et125+et126.*et127;
et133 = x.^10;
et134 = -1.500141090473893e-5;
et135 = x.^3.*(4.0./3.0)-x.^4.*4.682352743282317+x.^5.*3.976463691022879;
et136 = x.^6.*(-1.413455940607666);
et137 = x.^7.*2.408746427723072e-1;
et138 = x.^8.*(-2.092391355471704e-2);
et139 = x.^9.*8.959251121337983e-4+et133.*et134;
et140 = x.^3.*(4.0./3.0)-x.^4.*4.197971425011732+x.^5.*2.375218696560869;
et141 = x.^6.*(-5.404390361146959e-1);
et142 = x.^7.*5.86844272996226e-2;
et143 = x.^8.*(-3.005645041009078e-3);
et144 = x.^9.*5.806922023089434e-5;
et145 = x.^3.*(4.0./3.0)-x.^4.*4.036510985588204+x.^5.*1.853829226584093-x.^6.*2.910056348309901e-1;
et146 = x.^7.*1.841080072145023e-2;
et147 = x.^8.*(-4.046060632127605e-4);
mt1 = [x.^3.*(4.0./3.0),-x.^3.*(x.*1.614604394235282e-1-4.0./3.0),x.^3.*(4.0./3.0)-x.^4.*6.458417576941126e-1+x.^5.*3.707658453168186e-2];
mt2 = [x.^3.*(4.0./3.0)-x.^4.*1.453143954811753+x.^5.*2.224595071900911e-1-x.^6.*8.314446709456861e-3];
mt3 = [et4+et5,et1+et2+et3,0.0,0.0,0.0,0.0,0.0,0.0,-x.^3.*(x.*1.614604394235282e-1-4.0./3.0),x.^3.*(4.0./3.0)-x.^4.*3.229208788470563e-1+x.^5.*2.085557879907104e-2];
mt4 = [x.^3.*(4.0./3.0)-x.^4.*8.073021971176408e-1+x.^5.*1.20498899727966e-1-x.^6.*4.988668025674116e-3];
mt5 = [et15+et16,et11+et12+et13+et14,et6+et7+et8+et9+et10,0.0,0.0,0.0,0.0,0.0,0.0,x.^3.*(4.0./3.0)-x.^4.*6.458417576941126e-1+x.^5.*3.707658453168186e-2];
mt6 = [x.^3.*(4.0./3.0)-x.^4.*8.073021971176408e-1+x.^5.*1.20498899727966e-1-x.^6.*4.988668025674116e-3];
mt7 = [et33+et34,et29+et30+et31+et32,et24+et25+et26+et27+et28,et19+et20+et21+et22+et23,0.0,0.0,0.0,0.0,0.0,0.0];
mt8 = [x.^3.*(4.0./3.0)-x.^4.*1.453143954811753+x.^5.*2.224595071900911e-1-x.^6.*8.314446709456861e-3];
