function symThet = T(x)
%T
%    symThet = T(X)

%    This function was generated by the Symbolic Math Toolbox version 9.0.
%    05-Jun-2025 11:57:52

mt1 = [0.0,0.0,0.0,0.0,0.0,0.0,0.0,0.0,x,-x.*(x.*1.076402929490188e-1-1.0),x.*((x.*1.076402929490188e-1-1.0).*(x.*2.152805858980375e-1-2.0)-1.0)];
mt2 = [-x.*(x.*(-1.076402929490188e-1)+((x.*1.076402929490188e-1-1.0).*(x.*2.152805858980375e-1-2.0)-1.0).*(x.*2.152805858980375e-1-2.0)+1.0)];
symThet = reshape([mt1,mt2],12,1);
