function symThet1 = T1(x)
%T1
%    symThet1 = T1(X)

%    This function was generated by the Symbolic Math Toolbox version 9.0.
%    05-Jun-2025 11:57:52

et2 = (x.*1.076402929490188e-1-1.0).*(x.*2.152805858980375e-1-2.0).*2.152805858980375e-1;
et3 = (x.*4.634573066460232e-2-4.305611717960751e-1).*(x.*2.152805858980375e-1-2.0)-3.229208788470563e-1;
mt1 = [0.0,0.0,0.0,0.0,0.0,0.0,0.0,0.0,1.0,x.*(-2.152805858980375e-1)+1.0];
mt2 = [x.*(x.*4.634573066460232e-2-4.305611717960751e-1)+(x.*1.076402929490188e-1-1.0).*(x.*2.152805858980375e-1-2.0)-1.0];
mt3 = [x.*1.076402929490188e-1-x.*(et2+et3)-((x.*1.076402929490188e-1-1.0).*(x.*2.152805858980375e-1-2.0)-1.0).*(x.*2.152805858980375e-1-2.0)-1.0];
symThet1 = reshape([mt1,mt2,mt3],12,1);
