function symV1 = V1(x)
%V1
%    symV1 = V1(X)

%    This function was generated by the Symbolic Math Toolbox version 9.0.
%    05-Jun-2025 11:57:52

symV1 = [0.0;0.0;0.0;0.0;0.0;0.0;x.*2.0;x.*(x.*1.076402929490188e-1-1.0).*-2.0-x.^2.*1.076402929490188e-1;0.0;0.0;0.0;0.0];
