function symV2 = V2(x)
%V2
%    symV2 = V2(X)

%    This function was generated by the Symbolic Math Toolbox version 9.0.
%    05-Jun-2025 11:57:52

symV2 = [0.0;0.0;0.0;0.0;0.0;0.0;2.0;x.*(-6.458417576941126e-1)+2.0;0.0;0.0;0.0;0.0];
