function symV3 = V3(x)
%V3
%    symV3 = V3(X)

%    This function was generated by the Symbolic Math Toolbox version 9.0.
%    05-Jun-2025 11:57:52

symV3 = [0.0;0.0;0.0;0.0;0.0;0.0;0.0;-6.458417576941126e-1;0.0;0.0;0.0;0.0];
