function symW = W(x)
%W
%    symW = W(X)

%    This function was generated by the Symbolic Math Toolbox version 9.0.
%    05-Jun-2025 11:57:52

et1 = -(x.*1.076402929490188e-1-1.0).*(x.*2.152805858980375e-1-2.0);
et2 = (x.*2.152805858980375e-1-2.0).*(x.*(-1.076402929490188e-1)+((x.*1.076402929490188e-1-1.0).*(x.*2.152805858980375e-1-2.0)-1.0).*(x.*2.152805858980375e-1-2.0)+1.0)+1.0;
et3 = -(x.*1.076402929490188e-1-1.0).*(x.*2.152805858980375e-1-2.0);
et4 = (x.*2.152805858980375e-1-2.0).*(x.*(-1.076402929490188e-1)+((x.*1.076402929490188e-1-1.0).*(x.*2.152805858980375e-1-2.0)-1.0).*(x.*2.152805858980375e-1-2.0)+1.0)+1.0;
mt1 = [x.^2,-x.^2.*(x.*1.076402929490188e-1-1.0),x.^2.*((x.*1.076402929490188e-1-1.0).*(x.*2.152805858980375e-1-2.0)-1.0)];
mt2 = [-x.^2.*(x.*(-1.076402929490188e-1)+((x.*1.076402929490188e-1-1.0).*(x.*2.152805858980375e-1-2.0)-1.0).*(x.*2.152805858980375e-1-2.0)+1.0),x.^2.*(et3+et4)];
mt3 = [-x.^2.*(x.*1.076402929490188e-1+(et1+et2).*(x.*2.152805858980375e-1-2.0)-((x.*1.076402929490188e-1-1.0).*(x.*2.152805858980375e-1-2.0)-1.0).*(x.*2.152805858980375e-1-2.0)-1.0),0.0,0.0,0.0,0.0,0.0,0.0];
symW = reshape([mt1,mt2,mt3],12,1);
