function symW1 = W1(x)
%W1
%    symW1 = W1(X)

%    This function was generated by the Symbolic Math Toolbox version 9.0.
%    05-Jun-2025 11:57:52

et1 = -(x.*1.076402929490188e-1-1.0).*(x.*2.152805858980375e-1-2.0);
et2 = (x.*2.152805858980375e-1-2.0).*(x.*(-1.076402929490188e-1)+((x.*1.076402929490188e-1-1.0).*(x.*2.152805858980375e-1-2.0)-1.0).*(x.*2.152805858980375e-1-2.0)+1.0)+1.0;
et3 = (x.*1.076402929490188e-1-1.0).*(x.*2.152805858980375e-1-2.0).*2.152805858980375e-1;
et4 = (x.*4.634573066460232e-2-4.305611717960751e-1).*(x.*2.152805858980375e-1-2.0)-3.229208788470563e-1;
et5 = x.*(-6.951859599690348e-2)+(x.*2.152805858980375e-1-2.0).*(et3+et4);
et6 = ((x.*1.076402929490188e-1-1.0).*(x.*2.152805858980375e-1-2.0)-1.0).*(x.*2.152805858980375e-1-2.0).*2.152805858980375e-1+6.458417576941126e-1;
et7 = (x.*2.152805858980375e-1-2.0).*(x.*(-1.076402929490188e-1)+((x.*1.076402929490188e-1-1.0).*(x.*2.152805858980375e-1-2.0)-1.0).*(x.*2.152805858980375e-1-2.0)+1.0);
et8 = 2.152805858980375e-1;
et9 = (x.*1.076402929490188e-1-1.0).*(x.*2.152805858980375e-1-2.0).*(-4.305611717960751e-1);
et10 = -(x.*4.634573066460232e-2-4.305611717960751e-1).*(x.*2.152805858980375e-1-2.0)+(x.*2.152805858980375e-1-2.0).*(et5+et6)+et7.*et8;
et11 = 5.382014647450939e-1;
et12 = -(x.*1.076402929490188e-1-1.0).*(x.*2.152805858980375e-1-2.0);
et13 = (x.*2.152805858980375e-1-2.0).*(x.*(-1.076402929490188e-1)+((x.*1.076402929490188e-1-1.0).*(x.*2.152805858980375e-1-2.0)-1.0).*(x.*2.152805858980375e-1-2.0)+1.0)+1.0;
et14 = (x.*1.076402929490188e-1-1.0).*(x.*2.152805858980375e-1-2.0).*2.152805858980375e-1;
et15 = (x.*4.634573066460232e-2-4.305611717960751e-1).*(x.*2.152805858980375e-1-2.0)-3.229208788470563e-1;
et16 = x.*(-6.951859599690348e-2)+(x.*2.152805858980375e-1-2.0).*(et14+et15);
et17 = ((x.*1.076402929490188e-1-1.0).*(x.*2.152805858980375e-1-2.0)-1.0).*(x.*2.152805858980375e-1-2.0).*2.152805858980375e-1+6.458417576941126e-1;
et18 = (x.*1.076402929490188e-1-1.0).*(x.*2.152805858980375e-1-2.0).*2.152805858980375e-1;
et19 = (x.*4.634573066460232e-2-4.305611717960751e-1).*(x.*2.152805858980375e-1-2.0)-3.229208788470563e-1;
mt1 = [x.*2.0,x.*(x.*1.076402929490188e-1-1.0).*-2.0-x.^2.*1.076402929490188e-1];
mt2 = [x.*((x.*1.076402929490188e-1-1.0).*(x.*2.152805858980375e-1-2.0)-1.0).*2.0+x.^2.*(x.*4.634573066460232e-2-4.305611717960751e-1)];
mt3 = [-x.^2.*(et18+et19)-x.*(x.*(-1.076402929490188e-1)+((x.*1.076402929490188e-1-1.0).*(x.*2.152805858980375e-1-2.0)-1.0).*(x.*2.152805858980375e-1-2.0)+1.0).*2.0,x.*(et12+et13).*2.0+x.^2.*(et16+et17)];
mt4 = [-x.^2.*(et9+et10+et11)-x.*(x.*1.076402929490188e-1+(et1+et2).*(x.*2.152805858980375e-1-2.0)-((x.*1.076402929490188e-1-1.0).*(x.*2.152805858980375e-1-2.0)-1.0).*(x.*2.152805858980375e-1-2.0)-1.0).*2.0];
mt5 = [0.0,0.0,0.0,0.0,0.0,0.0];
symW1 = reshape([mt1,mt2,mt3,mt4,mt5],12,1);
