function symW2 = W2(x)
%W2
%    symW2 = W2(X)

%    This function was generated by the Symbolic Math Toolbox version 9.0.
%    05-Jun-2025 11:57:52

et1 = (x.*1.076402929490188e-1-1.0).*(x.*2.152805858980375e-1-2.0).*9.269146132920464e-2;
et2 = (x.*2.99320081540447e-2-2.780743839876139e-1).*(x.*2.152805858980375e-1-2.0);
et3 = (x.*4.634573066460232e-2-4.305611717960751e-1).*(x.*2.152805858980375e-1-2.0).*4.305611717960751e-1;
et4 = -1.853829226584093e-1;
et5 = (x.*1.076402929490188e-1-1.0).*(x.*2.152805858980375e-1-2.0).*2.152805858980375e-1;
et6 = (x.*4.634573066460232e-2-4.305611717960751e-1).*(x.*2.152805858980375e-1-2.0)-3.229208788470563e-1;
et7 = x.*(-5.98640163080894e-2)+(x.*2.152805858980375e-1-2.0).*(et1+et2+et3+et4)+(x.*2.152805858980375e-1-2.0).*(et5+et6).*4.305611717960751e-1;
et8 = ((x.*1.076402929490188e-1-1.0).*(x.*2.152805858980375e-1-2.0)-1.0).*(x.*2.152805858980375e-1-2.0).*9.269146132920464e-2;
et9 = 5.561487679752279e-1;
et10 = (x.*1.076402929490188e-1-1.0).*(x.*2.152805858980375e-1-2.0).*2.152805858980375e-1;
et11 = (x.*4.634573066460232e-2-4.305611717960751e-1).*(x.*2.152805858980375e-1-2.0)-3.229208788470563e-1;
et12 = x.*(-6.951859599690348e-2)+(x.*2.152805858980375e-1-2.0).*(et10+et11);
et13 = ((x.*1.076402929490188e-1-1.0).*(x.*2.152805858980375e-1-2.0)-1.0).*(x.*2.152805858980375e-1-2.0).*2.152805858980375e-1+6.458417576941126e-1;
et14 = (x.*2.152805858980375e-1-2.0).*(x.*(-1.076402929490188e-1)+((x.*1.076402929490188e-1-1.0).*(x.*2.152805858980375e-1-2.0)-1.0).*(x.*2.152805858980375e-1-2.0)+1.0);
et15 = 2.152805858980375e-1;
et16 = (x.*1.076402929490188e-1-1.0).*(x.*2.152805858980375e-1-2.0).*(-4.305611717960751e-1);
et17 = -(x.*4.634573066460232e-2-4.305611717960751e-1).*(x.*2.152805858980375e-1-2.0)+(x.*2.152805858980375e-1-2.0).*(et12+et13)+et14.*et15;
et18 = 5.382014647450939e-1;
et19 = -(x.*1.076402929490188e-1-1.0).*(x.*2.152805858980375e-1-2.0);
et20 = (x.*2.152805858980375e-1-2.0).*(x.*(-1.076402929490188e-1)+((x.*1.076402929490188e-1-1.0).*(x.*2.152805858980375e-1-2.0)-1.0).*(x.*2.152805858980375e-1-2.0)+1.0)+1.0;
et21 = x.*(-2.152805858980375e-1)-x.^2.*(et7+et8+et9)-x.*(et16+et17+et18).*4.0-(x.*2.152805858980375e-1-2.0).*(et19+et20).*2.0;
et22 = ((x.*1.076402929490188e-1-1.0).*(x.*2.152805858980375e-1-2.0)-1.0).*(x.*2.152805858980375e-1-2.0).*2.0+2.0;
et23 = (x.*1.076402929490188e-1-1.0).*(x.*2.152805858980375e-1-2.0).*2.152805858980375e-1;
et24 = (x.*4.634573066460232e-2-4.305611717960751e-1).*(x.*2.152805858980375e-1-2.0)-3.229208788470563e-1;
et25 = x.*(-6.951859599690348e-2)+(x.*2.152805858980375e-1-2.0).*(et23+et24);
et26 = ((x.*1.076402929490188e-1-1.0).*(x.*2.152805858980375e-1-2.0)-1.0).*(x.*2.152805858980375e-1-2.0).*2.152805858980375e-1+6.458417576941126e-1;
et27 = (x.*1.076402929490188e-1-1.0).*(x.*2.152805858980375e-1-2.0).*9.269146132920464e-2;
et28 = (x.*2.99320081540447e-2-2.780743839876139e-1).*(x.*2.152805858980375e-1-2.0);
et29 = (x.*4.634573066460232e-2-4.305611717960751e-1).*(x.*2.152805858980375e-1-2.0).*4.305611717960751e-1;
et30 = -1.853829226584093e-1;
et31 = (x.*1.076402929490188e-1-1.0).*(x.*2.152805858980375e-1-2.0).*-2.0+x.*(et25+et26).*4.0+x.^2.*(et27+et28+et29+et30);
et32 = (x.*2.152805858980375e-1-2.0).*(x.*(-1.076402929490188e-1)+((x.*1.076402929490188e-1-1.0).*(x.*2.152805858980375e-1-2.0)-1.0).*(x.*2.152805858980375e-1-2.0)+1.0).*2.0+2.0;
et33 = (x.*1.076402929490188e-1-1.0).*(x.*2.152805858980375e-1-2.0).*2.152805858980375e-1;
et34 = (x.*4.634573066460232e-2-4.305611717960751e-1).*(x.*2.152805858980375e-1-2.0)-3.229208788470563e-1;
et35 = x.*2.152805858980375e-1-x.*(et33+et34).*4.0-x.^2.*(x.*2.99320081540447e-2-2.780743839876139e-1);
et36 = ((x.*1.076402929490188e-1-1.0).*(x.*2.152805858980375e-1-2.0)-1.0).*(x.*2.152805858980375e-1-2.0).*-2.0-2.0;
et37 = x.*(x.*4.634573066460232e-2-4.305611717960751e-1).*4.0+(x.*1.076402929490188e-1-1.0).*(x.*2.152805858980375e-1-2.0).*2.0;
et38 = x.^2.*4.634573066460232e-2-2.0;
symW2 = [2.0;x.*(-6.458417576941126e-1)+2.0;et37+et38;et35+et36;et31+et32;et21+et22;0.0;0.0;0.0;0.0;0.0;0.0];
