function symW3 = W3(x)
%W3
%    symW3 = W3(X)

%    This function was generated by the Symbolic Math Toolbox version 9.0.
%    05-Jun-2025 11:57:52

et1 = (x.*1.076402929490188e-1-1.0).*(x.*2.152805858980375e-1-2.0).*2.152805858980375e-1;
et2 = (x.*4.634573066460232e-2-4.305611717960751e-1).*(x.*2.152805858980375e-1-2.0)-3.229208788470563e-1;
et3 = x.*(-6.951859599690348e-2)+(x.*2.152805858980375e-1-2.0).*(et1+et2);
et4 = ((x.*1.076402929490188e-1-1.0).*(x.*2.152805858980375e-1-2.0)-1.0).*(x.*2.152805858980375e-1-2.0).*2.152805858980375e-1+6.458417576941126e-1;
et5 = (x.*1.076402929490188e-1-1.0).*(x.*2.152805858980375e-1-2.0).*9.269146132920464e-2;
et6 = (x.*2.99320081540447e-2-2.780743839876139e-1).*(x.*2.152805858980375e-1-2.0);
et7 = (x.*4.634573066460232e-2-4.305611717960751e-1).*(x.*2.152805858980375e-1-2.0).*4.305611717960751e-1;
et8 = -1.853829226584093e-1;
et9 = (x.*1.076402929490188e-1-1.0).*(x.*2.152805858980375e-1-2.0).*2.152805858980375e-1;
et10 = (x.*4.634573066460232e-2-4.305611717960751e-1).*(x.*2.152805858980375e-1-2.0)-3.229208788470563e-1;
et11 = x.*(-5.98640163080894e-2)+(x.*2.152805858980375e-1-2.0).*(et5+et6+et7+et8)+(x.*2.152805858980375e-1-2.0).*(et9+et10).*4.305611717960751e-1;
et12 = ((x.*1.076402929490188e-1-1.0).*(x.*2.152805858980375e-1-2.0)-1.0).*(x.*2.152805858980375e-1-2.0).*9.269146132920464e-2;
et13 = 5.561487679752279e-1;
et14 = (x.*2.99320081540447e-2-2.780743839876139e-1).*(x.*2.152805858980375e-1-2.0);
et15 = 6.458417576941126e-1;
et16 = x.*2.577512101003032e-2;
et17 = -2.394560652323576e-1;
et18 = (x.*1.076402929490188e-1-1.0).*(x.*2.152805858980375e-1-2.0).*5.98640163080894e-2+et14.*et15;
et19 = (x.*4.634573066460232e-2-4.305611717960751e-1).*(x.*2.152805858980375e-1-2.0).*2.780743839876139e-1;
et20 = (et16+et17).*(x.*2.152805858980375e-1-2.0)-1.496600407702235e-1;
et21 = (x.*2.152805858980375e-1-2.0).*(x.*(-1.076402929490188e-1)+((x.*1.076402929490188e-1-1.0).*(x.*2.152805858980375e-1-2.0)-1.0).*(x.*2.152805858980375e-1-2.0)+1.0);
et22 = -1.291683515388225;
et23 = (x.*1.076402929490188e-1-1.0).*(x.*2.152805858980375e-1-2.0).*2.583367030776451;
et24 = (x.*4.634573066460232e-2-4.305611717960751e-1).*(x.*2.152805858980375e-1-2.0).*6.0-(x.*2.152805858980375e-1-2.0).*(et3+et4).*6.0-x.*(et11+et12+et13).*6.0-x.^2.*(et18+et19+et20)+et21.*et22;
et25 = -3.229208788470563;
et26 = (x.*1.076402929490188e-1-1.0).*(x.*2.152805858980375e-1-2.0).*2.152805858980375e-1;
et27 = (x.*4.634573066460232e-2-4.305611717960751e-1).*(x.*2.152805858980375e-1-2.0)-3.229208788470563e-1;
et28 = x.*2.577512101003032e-2;
et29 = -2.394560652323576e-1;
et30 = (x.*1.076402929490188e-1-1.0).*(x.*2.152805858980375e-1-2.0).*9.269146132920464e-2;
et31 = (x.*2.99320081540447e-2-2.780743839876139e-1).*(x.*2.152805858980375e-1-2.0);
et32 = (x.*4.634573066460232e-2-4.305611717960751e-1).*(x.*2.152805858980375e-1-2.0).*4.305611717960751e-1;
et33 = -1.853829226584093e-1;
et34 = x.*(-4.171115759814209e-1)+(x.*2.152805858980375e-1-2.0).*(et26+et27).*6.0;
et35 = ((x.*1.076402929490188e-1-1.0).*(x.*2.152805858980375e-1-2.0)-1.0).*(x.*2.152805858980375e-1-2.0).*1.291683515388225+x.^2.*(et28+et29)+x.*(et30+et31+et32+et33).*6.0+3.875050546164676;
et36 = x.*(x.*2.99320081540447e-2-2.780743839876139e-1).*-6.0;
et37 = (x.*1.076402929490188e-1-1.0).*(x.*2.152805858980375e-1-2.0).*(-1.291683515388225);
et38 = (x.*4.634573066460232e-2-4.305611717960751e-1).*(x.*2.152805858980375e-1-2.0).*-6.0;
et39 = x.^2.*(-2.99320081540447e-2)+1.937525273082338;
symW3 = [0.0;-6.458417576941126e-1;x.*5.561487679752279e-1-2.583367030776451;et36+et37+et38+et39;et34+et35;et23+et24+et25;0.0;0.0;0.0;0.0;0.0;0.0];
